Hips LeftUpperLeg RightUpperLeg LeftLowerLeg RightLowerLeg LeftFoot RightFoot Spine Chest Neck Head LeftShoulder RightShoulder LeftUpperArm RightUpperArm LeftLowerArm RightLowerArm LeftHand RightHand LeftToes RightToes LeftEye RightEye Jaw LeftThumbProximal LeftThumbIntermediate LeftThumbDistal LeftIndexProximal LeftIndexIntermediate LeftIndexDistal LeftMiddleProximal LeftMiddleIntermediate LeftMiddleDistal LeftRingProximal LeftRingIntermediate LeftRingDistal LeftLittleProximal LeftLittleIntermediate LeftLittleDistal RightThumbProximal RightThumbIntermediate RightThumbDistal RightIndexProximal RightIndexIntermediate RightIndexDistal RightMiddleProximal RightMiddleIntermediate RightMiddleDistal RightRingProximal RightRingIntermediate RightRingDistal RightLittleProximal RightLittleIntermediate RightLittleDistal UpperChest LastBone
0 16.4811 0.9410671 -5.054827 16.5575 0.9142089 -4.992733 16.39401 0.92874 -5.106572 16.57149 0.4633996 -5.044288 16.35871 0.5062227 -5.257504 16.44839 0.07963193 -5.050396 16.29229 0.1203155 -5.177848 16.50501 1.110137 -5.067591 16.54633 1.240712 -5.077297 16.59005 1.464441 -5.124868 16.60471 1.552416 -5.168365 16.63969 1.398825 -5.074001 16.50691 1.415627 -5.117019 16.73993 1.36413 -5.026397 16.39152 1.405668 -5.127215 16.72637 1.084853 -4.960489 16.26247 1.152642 -5.084236 16.70436 0.8322368 -4.947789 16.17734 0.9174442 -5.12778 16.59585 0.02321137 -5.118771 16.21836 0.04190136 -5.311977 16.62138 1.630123 -5.246545 16.56061 1.635076 -5.228787 0 0 0 16.69896 0.8050706 -4.975267 16.68095 0.7777248 -5.003895 16.66596 0.7515333 -5.013791 16.7019 0.7321712 -4.983443 16.69342 0.6910054 -4.989813 16.68003 0.6707687 -4.996946 16.69899 0.7264789 -4.963155 16.68309 0.6804334 -4.967805 16.66558 0.6608444 -4.973832 16.69014 0.7275246 -4.944464 16.67606 0.6865284 -4.947115 16.65934 0.6663389 -4.952317 16.68097 0.7310587 -4.926588 16.66861 0.6975013 -4.928542 16.65795 0.6818221 -4.931232 16.17835 0.8924204 -5.157697 16.19077 0.8629034 -5.187131 16.19566 0.8330036 -5.196653 16.14976 0.8278751 -5.177849 16.14377 0.7873637 -5.189251 16.1515 0.7646498 -5.197267 16.14529 0.8201026 -5.158558 16.14539 0.771753 -5.166096 16.15771 0.7482968 -5.171112 16.1491 0.8161359 -5.138594 16.14743 0.7731006 -5.144164 16.15695 0.7485613 -5.148787 16.15433 0.8143601 -5.118959 16.15366 0.7787738 -5.122941 16.15865 0.7604754 -5.125607 0 0 0 0 0 0
1 16.49345 0.9261639 -5.017886 16.58101 0.905382 -5.065989 16.4122 0.9068765 -4.959229 16.59087 0.4613409 -5.139162 16.26116 0.4985206 -5.071521 16.55862 0.08965428 -4.995805 16.36092 0.1179092 -5.0039 16.4869 1.096793 -5.030623 16.49568 1.231889 -5.053487 16.46922 1.459384 -5.095621 16.43611 1.546151 -5.130573 16.53836 1.396971 -5.121698 16.43908 1.403812 -5.022406 16.62875 1.371178 -5.190132 16.37348 1.387592 -4.927791 16.69111 1.090952 -5.179722 16.37068 1.125355 -4.810542 16.6993 0.8375014 -5.192221 16.30346 0.8820394 -4.783344 16.59645 0.01233913 -5.144788 16.22128 0.01780487 -5.013087 16.3788 1.622571 -5.188052 16.35631 1.623978 -5.128678 0 0 0 16.67293 0.8116555 -5.204824 16.6402 0.7830174 -5.20531 16.6257 0.755102 -5.200916 16.66887 0.7415723 -5.22631 16.66032 0.7001067 -5.23013 16.64799 0.6785899 -5.225152 16.68613 0.7340962 -5.216382 16.67662 0.686257 -5.212444 16.66378 0.6648327 -5.202295 16.69922 0.7320969 -5.200463 16.69245 0.6894314 -5.196028 16.68091 0.667417 -5.186204 16.71137 0.7325174 -5.184084 16.7059 0.6975013 -5.17892 16.69918 0.6807986 -5.172393 16.27831 0.8590104 -4.802293 16.26147 0.8308056 -4.830803 16.25646 0.8017609 -4.842631 16.2447 0.794208 -4.794459 16.22948 0.7547365 -4.798628 16.22504 0.7327238 -4.810271 16.25842 0.7850072 -4.78105 16.25039 0.7373138 -4.7885 16.25164 0.7144349 -4.802711 16.27721 0.7800589 -4.773911 16.27124 0.7372897 -4.778493 16.27226 0.7135262 -4.790679 16.29654 0.7774004 -4.767968 16.29224 0.7420244 -4.77153 16.29235 0.7240444 -4.778127 0 0 0 0 0 0
2 16.37544 0.9018925 -4.9942 16.40243 0.8874419 -5.091547 16.35783 0.8754938 -4.897211 16.42628 0.4407499 -5.137092 16.12893 0.493366 -4.95934 16.66605 0.1367992 -5.039544 16.1513 0.1028917 -5.039949 16.37254 1.072814 -4.984358 16.374 1.209787 -4.975025 16.34208 1.44015 -4.963039 16.30004 1.530031 -4.963005 16.37559 1.383678 -5.034066 16.36059 1.374344 -4.894602 16.39594 1.371017 -5.147839 16.3618 1.3466 -4.781697 16.37181 1.104343 -5.251888 16.44619 1.0776 -4.726562 16.27842 0.8784648 -5.320568 16.42955 0.8269433 -4.689748 16.57491 0.01118299 -5.11384 15.99937 0.04403826 -4.98464 16.22742 1.609144 -4.99293 16.22599 1.606341 -4.929503 0 0 0 16.24168 0.865503 -5.31833 16.20658 0.8431292 -5.305715 16.18766 0.8178101 -5.30266 16.19662 0.8184552 -5.352182 16.16794 0.7891958 -5.363502 16.15095 0.7706808 -5.360579 16.2112 0.8055406 -5.36074 16.18584 0.7645347 -5.369096 16.17286 0.7417516 -5.362803 16.22861 0.7943267 -5.360792 16.20901 0.7563887 -5.368695 16.19748 0.7329499 -5.363046 16.24665 0.78497 -5.359083 16.23161 0.753199 -5.365944 16.22378 0.7357817 -5.364477 16.40522 0.7970372 -4.695746 16.38312 0.7635915 -4.71262 16.37898 0.733503 -4.721901 16.39759 0.726365 -4.67739 16.39001 0.6845799 -4.675508 16.38448 0.6614959 -4.684253 16.41792 0.721894 -4.67304 16.41864 0.6732709 -4.678498 16.41809 0.6501768 -4.692402 16.43836 0.7224456 -4.676308 16.44234 0.6794596 -4.681023 16.44344 0.6563149 -4.694342 16.45808 0.725267 -4.680707 16.46201 0.6898304 -4.684093 16.46364 0.6720392 -4.690996 0 0 0 0 0 0
3 16.07607 0.9043276 -4.938915 16.08443 0.8797153 -5.037597 16.07683 0.8880839 -4.838172 15.93634 0.4553958 -5.051776 15.89468 0.4782558 -4.8704 16.26837 0.2337984 -5.045311 15.98212 0.09420695 -4.935598 16.07514 1.075402 -4.94613 16.07349 1.212021 -4.932587 16.03913 1.441504 -4.912935 15.99198 1.528502 -4.905521 16.06546 1.38684 -4.98827 16.06632 1.374972 -4.848195 16.07464 1.378257 -5.103858 16.08012 1.347847 -4.735979 16.08199 1.102179 -5.182917 16.17857 1.079752 -4.705072 15.99716 0.8657336 -5.219771 16.16734 0.8265571 -4.690001 16.26016 0.06514808 -5.078399 15.83218 0.01509514 -4.906205 15.9121 1.602355 -4.929867 15.91543 1.599535 -4.866512 0 0 0 15.96345 0.8486966 -5.209983 15.93615 0.8217989 -5.189415 15.92336 0.794561 -5.179255 15.92326 0.7897501 -5.227311 15.90005 0.7545643 -5.232784 15.88705 0.7332755 -5.228582 15.93875 0.7773906 -5.235055 15.92095 0.731981 -5.231078 15.91341 0.7094765 -5.218287 15.95763 0.7689048 -5.235271 15.94385 0.7278251 -5.232396 15.93707 0.7050062 -5.220248 15.97703 0.7626829 -5.234234 15.9662 0.7285687 -5.232963 15.96121 0.710988 -5.227238 16.1425 0.7974373 -4.697549 16.11926 0.7664318 -4.717313 16.11274 0.7381037 -4.730102 16.13495 0.725477 -4.685117 16.12733 0.683701 -4.687037 16.12151 0.661428 -4.697524 16.1554 0.7205203 -4.682038 16.15506 0.6725283 -4.691586 16.15344 0.6508514 -4.707537 16.1757 0.7212332 -4.686108 16.17896 0.678875 -4.695107 16.17911 0.6573078 -4.71089 16.19524 0.7243105 -4.691074 16.19865 0.6892753 -4.697674 16.19978 0.6721853 -4.706246 0 0 0 0 0 0
4 15.70518 0.9434872 -4.934776 15.70476 0.919771 -5.034029 15.71448 0.926248 -4.834626 15.55707 0.4950911 -5.037576 15.645 0.4803052 -4.822227 15.72483 0.132947 -5.047459 15.75573 0.09685286 -4.859762 15.70533 1.114626 -4.940342 15.70499 1.25189 -4.937319 15.66997 1.482096 -4.93447 15.62353 1.569772 -4.932785 15.69308 1.421649 -5.006362 15.70066 1.421064 -4.865988 15.70415 1.398876 -5.119842 15.72425 1.393633 -4.755491 15.73961 1.118277 -5.170138 15.79606 1.118084 -4.717548 15.70919 0.8671796 -5.192167 15.77458 0.8666597 -4.689534 15.58955 0.02893897 -5.069518 15.61882 0.01748487 -4.792221 15.54469 1.646041 -4.952692 15.55493 1.646545 -4.89002 0 0 0 15.68039 0.8424339 -5.183191 15.65478 0.8142317 -5.162207 15.64607 0.786896 -5.148585 15.66223 0.7718628 -5.192119 15.65294 0.7303863 -5.191551 15.64689 0.7071987 -5.183448 15.68171 0.7638037 -5.194979 15.67624 0.7159919 -5.186111 15.67277 0.6932868 -5.17199 15.70191 0.7617106 -5.190972 15.69828 0.7190756 -5.183561 15.6953 0.6959853 -5.170439 15.72174 0.7621065 -5.186183 15.71918 0.7269743 -5.179709 15.71762 0.709399 -5.172261 15.74575 0.8404568 -4.691737 15.71536 0.8129162 -4.706217 15.70471 0.7852405 -4.717583 15.73367 0.7691428 -4.679163 15.72453 0.7276452 -4.680382 15.7158 0.7060827 -4.690309 15.75366 0.7620764 -4.680901 15.7477 0.7144762 -4.690555 15.74111 0.6932973 -4.705886 15.77248 0.7609543 -4.689464 15.76909 0.7184118 -4.697496 15.7638 0.6960889 -4.711206 15.79062 0.7622929 -4.69869 15.78835 0.7272626 -4.705788 15.7857 0.7101133 -4.713894 0 0 0 0 0 0
5 15.63652 0.9475518 -4.937608 15.6356 0.9244173 -5.036994 15.6462 0.9297011 -4.837601 15.51076 0.4926287 -5.060375 15.59782 0.4800337 -4.826253 15.61535 0.1070842 -5.071209 15.7083 0.0965146 -4.871676 15.63713 1.118719 -4.942176 15.63593 1.256005 -4.940817 15.60207 1.486402 -4.94043 15.55844 1.57552 -4.941383 15.62507 1.425103 -5.011633 15.63227 1.425924 -4.87124 15.63776 1.399009 -5.124225 15.65577 1.39599 -4.761376 15.67635 1.118363 -5.171887 15.71418 1.117603 -4.721225 15.65715 0.8663772 -5.196282 15.69166 0.8665773 -4.690569 15.46329 0.02998038 -5.094416 15.57859 0.01712104 -4.79119 15.48185 1.654283 -4.960347 15.494 1.655497 -4.898026 0 0 0 15.62919 0.8401595 -5.189003 15.60304 0.8111096 -5.169922 15.59471 0.7832766 -5.157092 15.61518 0.7687999 -5.199075 15.60797 0.7269594 -5.201162 15.60266 0.7030064 -5.194998 15.63518 0.7617536 -5.200837 15.63086 0.7131845 -5.196726 15.62768 0.6883278 -5.186775 15.6552 0.7606704 -5.195692 15.65238 0.7174585 -5.192431 15.64979 0.6923382 -5.183684 15.67468 0.7620497 -5.189783 15.67251 0.7265029 -5.185984 15.67126 0.7079783 -5.181285 15.66249 0.8407271 -4.692349 15.63162 0.8132391 -4.705883 15.62143 0.7853151 -4.717061 15.65 0.7693307 -4.680674 15.64143 0.7277041 -4.679832 15.63292 0.7052856 -4.687885 15.66985 0.7620844 -4.683151 15.66368 0.7141414 -4.690766 15.65716 0.6915269 -4.703916 15.68838 0.7609163 -4.692307 15.68431 0.7180362 -4.697832 15.67903 0.6941813 -4.708667 15.70625 0.7622279 -4.70206 15.70311 0.727002 -4.707715 15.70035 0.7091797 -4.71416 0 0 0 0 0 0
6 15.62203 0.9481335 -4.924328 15.62313 0.9264038 -5.024029 15.62979 0.9288957 -4.82441 15.50842 0.4925309 -5.062152 15.57481 0.4800994 -4.816274 15.6111 0.1065381 -5.081997 15.68084 0.09645113 -4.869181 15.62226 1.119349 -4.926473 15.61899 1.256599 -4.924862 15.58343 1.486737 -4.923711 15.5401 1.576003 -4.924118 15.60718 1.425891 -4.995058 15.61378 1.426209 -4.854634 15.62124 1.399239 -5.107355 15.63733 1.393628 -4.745534 15.65874 1.118033 -5.152525 15.70449 1.117025 -4.706747 15.6421 0.8661529 -5.179737 15.69222 0.8654225 -4.675027 15.46176 0.02447357 -5.105827 15.55419 0.01589491 -4.785066 15.4625 1.65456 -4.939483 15.47712 1.655419 -4.87769 0 0 0 15.6126 0.8409447 -5.175701 15.5842 0.811824 -5.160291 15.57406 0.7835519 -5.14998 15.59593 0.7711362 -5.191152 15.58779 0.7301311 -5.198851 15.58182 0.705624 -5.19692 15.61565 0.7632345 -5.192291 15.6093 0.7147704 -5.194613 15.60502 0.6886548 -5.189449 15.63528 0.7608425 -5.186156 15.6303 0.7177795 -5.188725 15.62653 0.6915888 -5.184969 15.65443 0.7608848 -5.17913 15.6503 0.7253163 -5.179841 15.6482 0.7063255 -5.178518 15.66456 0.8379437 -4.67656 15.63488 0.8089231 -4.689546 15.62634 0.780599 -4.701096 15.65674 0.7656014 -4.666801 15.65128 0.7234551 -4.665854 15.64426 0.7003587 -4.673412 15.67686 0.7596334 -4.670268 15.67368 0.7114229 -4.678022 15.66847 0.6881625 -4.690622 15.69506 0.7598587 -4.680154 15.69361 0.7167881 -4.685511 15.6899 0.6922751 -4.695492 15.71241 0.7625365 -4.690528 15.71127 0.7272026 -4.696264 15.70964 0.7090916 -4.702276 0 0 0 0 0 0
8 15.62519 0.934067 -4.97298 15.62632 0.9136992 -5.072968 15.63414 0.9137501 -4.873377 15.51725 0.477629 -5.052496 15.46585 0.4975562 -4.84811 15.64049 0.0984601 -5.026682 15.67194 0.1572907 -4.881872 15.62031 1.105226 -4.972833 15.61704 1.242486 -4.972617 15.57512 1.471548 -4.971093 15.52594 1.557582 -4.966022 15.60034 1.411461 -5.04258 15.60734 1.41181 -4.902175 15.60893 1.392276 -5.156933 15.62739 1.391957 -4.78938 15.65816 1.114139 -5.209278 15.72904 1.126446 -4.748225 15.60996 0.8662167 -5.235202 15.72602 0.8737884 -4.723417 15.48971 0.01715871 -5.042797 15.57305 0.02727511 -4.827812 15.44315 1.628897 -4.988113 15.45006 1.628205 -4.92499 0 0 0 15.58024 0.8425181 -5.226407 15.55277 0.8142388 -5.20803 15.54147 0.7868813 -5.196525 15.55789 0.7736538 -5.238573 15.54366 0.7343981 -5.246536 15.53556 0.7104338 -5.246772 15.57676 0.764773 -5.242745 15.56799 0.7168017 -5.238703 15.56343 0.6921228 -5.228848 15.59697 0.7613901 -5.239758 15.59226 0.7184024 -5.23579 15.58917 0.6942252 -5.224828 15.61697 0.7604617 -5.235831 15.61368 0.7249035 -5.233094 15.612 0.7065536 -5.227871 15.70119 0.8441163 -4.728458 15.67657 0.8125736 -4.745502 15.66935 0.7839243 -4.757152 15.69609 0.7722264 -4.71447 15.69068 0.7300667 -4.715017 15.68543 0.7071919 -4.724453 15.71683 0.7676852 -4.713055 15.71737 0.7194474 -4.72126 15.71532 0.6971253 -4.736243 15.73669 0.7687019 -4.718824 15.74024 0.7260676 -4.726276 15.73986 0.7035311 -4.740637 15.75568 0.7720554 -4.725457 15.75937 0.7368829 -4.731114 15.7603 0.7194071 -4.738895 0 0 0 0 0 0
9 15.34397 0.9040029 -4.955998 15.35364 0.8878081 -5.056288 15.34455 0.8795759 -4.856919 15.35885 0.4381205 -5.054145 15.06652 0.5273181 -4.828279 15.58123 0.1108198 -5.000561 15.03855 0.1299097 -4.854703 15.33829 1.075003 -4.949196 15.33609 1.212269 -4.951184 15.29076 1.440616 -4.945499 15.23689 1.523902 -4.942677 15.31799 1.382439 -5.017825 15.32279 1.379894 -4.877351 15.32676 1.367867 -5.132844 15.34065 1.362835 -4.763736 15.32903 1.088402 -5.199308 15.48833 1.119039 -4.727999 15.21696 0.8625114 -5.228895 15.55496 0.8746347 -4.711018 15.43948 0.01431086 -5.014631 14.87039 0.1323803 -4.818339 15.15326 1.59272 -4.969108 15.15669 1.591931 -4.905701 0 0 0 15.18095 0.8537696 -5.216689 15.15004 0.8363606 -5.191529 15.13222 0.8145943 -5.176787 15.12949 0.8022494 -5.22605 15.09872 0.7730018 -5.228172 15.08118 0.7554978 -5.223083 15.142 0.7862341 -5.232344 15.11249 0.7479514 -5.224727 15.09874 0.7293378 -5.210893 15.15886 0.7742279 -5.23169 15.13714 0.73732 -5.224467 15.12608 0.7175106 -5.210342 15.1767 0.7644752 -5.230084 15.15918 0.7336329 -5.225135 15.1508 0.7180303 -5.217845 15.54085 0.8386157 -4.716105 15.52838 0.80127 -4.734586 15.53035 0.7721667 -4.747143 15.55864 0.7688448 -4.70178 15.56614 0.7270248 -4.703155 15.56782 0.7039645 -4.713415 15.57973 0.7711057 -4.700171 15.59507 0.7254928 -4.709039 15.59954 0.7042772 -4.725066 15.5983 0.7783453 -4.705783 15.61498 0.7391855 -4.714402 15.62121 0.7183904 -4.72999 15.61532 0.787525 -4.712278 15.6299 0.7554077 -4.718502 15.63609 0.7393699 -4.726943 0 0 0 0 0 0
10 15.00043 0.8879805 -4.942102 15.00926 0.8647599 -5.04108 15.00072 0.8703178 -4.841596 14.93147 0.4226733 -5.067245 14.77569 0.4825274 -4.875608 15.27911 0.2273593 -5.047604 14.8326 0.09433433 -4.949481 14.99957 1.05914 -4.946908 14.99821 1.195451 -4.930526 14.96546 1.424567 -4.904771 14.91971 1.512158 -4.895777 14.98978 1.371554 -4.981939 14.99379 1.356422 -4.842235 14.99473 1.366063 -5.097974 15.00923 1.328138 -4.73052 14.98215 1.093207 -5.186938 15.12061 1.064585 -4.704904 14.87663 0.866012 -5.228272 15.12494 0.8110966 -4.691278 15.30601 0.05824228 -5.064373 14.68238 0.01602568 -4.919368 14.84118 1.58774 -4.919212 14.84476 1.584406 -4.855896 0 0 0 14.84141 0.8529096 -5.217794 14.81162 0.82887 -5.19714 14.79578 0.80304 -5.187637 14.79328 0.8005825 -5.2361 14.76476 0.7695228 -5.241474 14.74889 0.7503313 -5.237029 14.80672 0.7867839 -5.245129 14.78275 0.7441917 -5.242716 14.77245 0.7222593 -5.230886 14.82432 0.7759839 -5.246613 14.80559 0.7368276 -5.245214 14.79647 0.7143649 -5.233973 14.84277 0.7672936 -5.24676 14.82781 0.7347555 -5.246882 14.82086 0.7176037 -5.241942 15.10316 0.7796301 -4.698868 15.08298 0.7465044 -4.718543 15.07923 0.7177539 -4.731502 15.10333 0.7071382 -4.687262 15.09953 0.6648489 -4.689307 15.09558 0.6421733 -4.699799 15.12424 0.7043091 -4.684518 15.12861 0.6566054 -4.694507 15.12895 0.6349684 -4.71059 15.14428 0.7071824 -4.688848 15.15186 0.6655099 -4.698431 15.15407 0.6442561 -4.714484 15.16332 0.712339 -4.694034 15.17032 0.6779174 -4.701025 15.17313 0.6610984 -4.709744 0 0 0 0 0 0
11 14.61191 0.9235818 -4.877688 14.60988 0.9046429 -4.977942 14.62307 0.9016293 -4.778657 14.44935 0.4846376 -4.975925 14.50414 0.4692678 -4.812943 14.62178 0.1286106 -5.029805 14.63226 0.09397133 -4.859751 14.61096 1.094788 -4.875036 14.60791 1.232049 -4.874052 14.56935 1.46165 -4.868972 14.52031 1.547647 -4.862188 14.58955 1.401636 -4.942095 14.60466 1.401082 -4.802331 14.59531 1.380278 -5.05624 14.63449 1.375591 -4.692882 14.6216 1.101301 -5.119514 14.70625 1.101505 -4.645433 14.5819 0.8518806 -5.145471 14.67233 0.8523425 -4.61038 14.47232 0.04527583 -5.011829 14.49274 0.01552614 -4.796625 14.4398 1.623961 -4.873301 14.45366 1.621169 -4.811389 0 0 0 14.55176 0.8292624 -5.135347 14.52567 0.8032475 -5.112226 14.51569 0.7761899 -5.098929 14.5255 0.7618553 -5.147862 14.51197 0.7216647 -5.144943 14.50447 0.700648 -5.133026 14.54363 0.7522796 -5.153539 14.53446 0.7050299 -5.14471 14.53046 0.6836093 -5.128834 14.56382 0.7479176 -5.152013 14.55754 0.7055696 -5.144728 14.55417 0.683481 -5.130063 14.58396 0.7459871 -5.149468 14.58016 0.7110864 -5.142383 14.57846 0.6943317 -5.133262 14.64023 0.8301706 -4.610345 14.60744 0.8049121 -4.623704 14.59463 0.7775217 -4.633418 14.61895 0.7622731 -4.592265 14.60358 0.7226545 -4.591141 14.59153 0.7021981 -4.599864 14.63778 0.7524687 -4.593619 14.6251 0.7058016 -4.601093 14.61538 0.6853344 -4.615706 14.65612 0.7481858 -4.602221 14.64712 0.7061411 -4.608309 14.63861 0.6845184 -4.621514 14.67411 0.7463763 -4.611668 14.66728 0.711617 -4.61695 14.66218 0.6948206 -4.624609 0 0 0 0 0 0
12 14.6038 0.9362441 -4.871766 14.59112 0.9123042 -4.970152 14.62973 0.9204272 -4.774343 14.48644 0.4759407 -4.927797 14.5021 0.4914507 -4.721667 14.58907 0.09008249 -4.900437 14.57312 0.09845062 -4.746412 14.58478 1.106381 -4.875073 14.55236 1.238957 -4.890028 14.49074 1.463447 -4.883998 14.44909 1.552004 -4.867588 14.49679 1.40057 -4.957255 14.54968 1.411602 -4.827472 14.46837 1.37221 -5.066373 14.61209 1.395741 -4.730661 14.51226 1.092546 -5.115211 14.71613 1.132713 -4.680513 14.52279 0.8390492 -5.124655 14.71082 0.8873389 -4.615519 14.43634 0.03190204 -4.846647 14.43416 0.03643175 -4.666108 14.37057 1.630289 -4.855993 14.40277 1.628723 -4.801279 0 0 0 14.5057 0.8115375 -5.102902 14.49667 0.7835869 -5.070821 14.49937 0.7570444 -5.053593 14.4969 0.7386677 -5.101333 14.49774 0.697372 -5.091284 14.50144 0.6772705 -5.07638 14.51387 0.7330704 -5.112875 14.5213 0.6869532 -5.098298 14.52878 0.6676832 -5.080985 14.5337 0.7340514 -5.118774 14.54148 0.6930131 -5.106893 14.54907 0.6731464 -5.090709 14.55315 0.7375054 -5.123836 14.56021 0.7038978 -5.113667 14.56553 0.6883968 -5.103756 14.68215 0.8639663 -4.60311 14.64791 0.8371904 -4.601645 14.63425 0.8086075 -4.603906 14.67278 0.7971076 -4.574267 14.6617 0.7568303 -4.566403 14.64862 0.7355284 -4.570287 14.6907 0.7879974 -4.581223 14.67924 0.7404259 -4.581458 14.66633 0.7188202 -4.591132 14.70537 0.7837265 -4.595201 14.69721 0.741076 -4.594879 14.68596 0.7181753 -4.602845 14.71926 0.7818294 -4.610021 14.71279 0.7466078 -4.610521 14.70622 0.729178 -4.614975 0 0 0 0 0 0
13 14.58934 0.939112 -4.966211 14.53311 0.9127804 -5.047199 14.65848 0.926197 -4.892277 14.49457 0.4638905 -4.997882 14.63988 0.5064065 -4.732182 14.61115 0.08035948 -4.962392 14.73091 0.1247747 -4.806207 14.56382 1.108323 -4.960218 14.52272 1.239313 -4.961908 14.4677 1.463038 -4.928011 14.44074 1.55099 -4.890806 14.43487 1.397852 -4.991494 14.54935 1.413887 -4.911501 14.35257 1.364115 -5.066368 14.65659 1.403801 -4.867716 14.38219 1.084819 -5.126691 14.79038 1.149617 -4.87147 14.40393 0.831946 -5.133286 14.85514 0.9130909 -4.805723 14.45251 0.02267881 -4.929074 14.75552 0.04060861 -4.658168 14.40104 1.628574 -4.821283 14.46435 1.633282 -4.819397 0 0 0 14.40077 0.8047174 -5.105521 14.40954 0.7771053 -5.073078 14.42071 0.7506908 -5.059441 14.39436 0.7318905 -5.098824 14.4001 0.6906238 -5.090392 14.41072 0.6703225 -5.07967 14.40285 0.7261257 -5.117455 14.41628 0.679917 -5.108564 14.43124 0.6602774 -5.097734 14.4167 0.7269941 -5.132827 14.42903 0.6858549 -5.126393 14.44347 0.6656201 -5.116586 14.43065 0.7303458 -5.147318 14.4416 0.6966589 -5.142026 14.45097 0.6809419 -5.136372 14.84444 0.8882474 -4.777604 14.823 0.8588729 -4.753751 14.81496 0.8290647 -4.746305 14.86445 0.823514 -4.749334 14.86613 0.7830649 -4.736369 14.85616 0.7604396 -4.731027 14.87468 0.8155863 -4.766216 14.87174 0.7672873 -4.758931 14.8583 0.7439294 -4.757957 14.87732 0.8115488 -4.786353 14.87669 0.7685197 -4.780525 14.86594 0.7440923 -4.779137 14.87853 0.8097189 -4.806632 14.8776 0.7741427 -4.802613 14.87187 0.7558925 -4.801641 0 0 0 0 0 0
14 14.56431 0.9416925 -4.95694 14.46507 0.9188399 -4.963421 14.6647 0.9234704 -4.95873 14.46436 0.4743691 -4.893274 14.71442 0.4828934 -4.876218 14.55635 0.1098252 -5.02844 14.68274 0.09667464 -4.977098 14.5604 1.112856 -4.959621 14.54969 1.249735 -4.960151 14.53989 1.480272 -4.928749 14.54219 1.569169 -4.884721 14.47103 1.415275 -4.948517 14.61087 1.422894 -4.960794 14.36017 1.381736 -4.958681 14.71997 1.395756 -4.99042 14.32418 1.098531 -4.990655 14.7761 1.121212 -5.053656 14.30266 0.8458498 -4.978401 14.82216 0.8738526 -5.019707 14.44649 0.01485267 -4.936166 14.78717 0.01651635 -4.866302 14.52823 1.647031 -4.806167 14.58994 1.647325 -4.821156 0 0 0 14.30942 0.820333 -4.949669 14.32825 0.7922782 -4.922279 14.34088 0.7647251 -4.912809 14.29831 0.7495322 -4.933742 14.29863 0.7078114 -4.925599 14.30713 0.6847702 -4.919544 14.29658 0.7419519 -4.953541 14.30295 0.6937598 -4.947938 14.31516 0.6700674 -4.943847 14.30183 0.7402405 -4.973497 14.30696 0.6972791 -4.969762 14.31798 0.6731791 -4.96629 14.30788 0.7409958 -4.992962 14.31282 0.7056248 -4.990278 14.31896 0.6875716 -4.988502 14.82427 0.8497015 -4.989137 14.81472 0.8238458 -4.955491 14.806 0.7959643 -4.943029 14.84137 0.7799739 -4.973792 14.84156 0.7390986 -4.962122 14.83213 0.7185264 -4.95082 14.83784 0.7714405 -4.992953 14.82928 0.7243055 -4.982974 14.81445 0.7039539 -4.973344 14.82737 0.768648 -5.010602 14.82103 0.7262611 -5.003601 14.8084 0.7042155 -4.995308 14.81621 0.7683311 -5.02767 14.81021 0.7334334 -5.022296 14.80258 0.7165318 -5.017509 0 0 0 0 0 0
15 14.56705 0.9479097 -4.932325 14.46827 0.9279052 -4.916306 14.6639 0.9268698 -4.956621 14.48271 0.4811653 -4.850583 14.72349 0.4860565 -4.884473 14.48362 0.09689935 -4.965686 14.68688 0.1039076 -4.997249 14.56756 1.119127 -4.934226 14.56803 1.256407 -4.936459 14.57617 1.487525 -4.909117 14.58486 1.577878 -4.869025 14.50155 1.426549 -4.917522 14.63842 1.425521 -4.949574 14.38886 1.398715 -4.910753 14.74102 1.391516 -4.992408 14.33539 1.11682 -4.924876 14.76225 1.113101 -5.059916 14.31291 0.8661958 -4.89107 14.78934 0.8606961 -5.055618 14.4642 0.0174218 -4.814321 14.78847 0.01289972 -4.892353 14.56706 1.657891 -4.793465 14.62961 1.656913 -4.80438 0 0 0 14.32491 0.8427175 -4.862314 14.34818 0.816268 -4.836802 14.36242 0.7891731 -4.828334 14.31845 0.7729282 -4.840465 14.31676 0.7315431 -4.830901 14.32291 0.7076094 -4.8255 14.31374 0.7640482 -4.859211 14.31744 0.7156852 -4.852746 14.32639 0.6904147 -4.849854 14.31573 0.7611299 -4.879614 14.31768 0.7180494 -4.874499 14.3247 0.6924039 -4.871811 14.31853 0.7607179 -4.899815 14.32069 0.7251531 -4.896186 14.32376 0.706307 -4.894703 14.79311 0.8338718 -5.027537 14.78534 0.806111 -4.994968 14.77532 0.778302 -4.983356 14.80436 0.7617159 -5.020012 14.80106 0.7201434 -5.011776 14.79072 0.6997986 -5.000866 14.7972 0.7552861 -5.03898 14.7844 0.7085916 -5.031885 14.76858 0.6891637 -5.02193 14.78407 0.7551031 -5.054994 14.7734 0.7131849 -5.051151 14.7591 0.6920971 -5.043086 14.77062 0.7573922 -5.070151 14.76123 0.72294 -5.067382 14.75222 0.7065803 -5.063134 0 0 0 0 0 0
16 14.56636 0.947517 -4.928979 14.46687 0.9279077 -4.917583 14.66419 0.9260452 -4.948526 14.47043 0.4826314 -4.843318 14.74229 0.4945154 -4.849229 14.49013 0.09871169 -4.956835 14.67787 0.1354313 -5.011397 14.56754 1.11872 -4.931726 14.5694 1.256005 -4.932302 14.58007 1.486594 -4.901577 14.58667 1.574975 -4.856949 14.505 1.42714 -4.915213 14.64351 1.4239 -4.93902 14.39206 1.399508 -4.915668 14.74838 1.391911 -4.977719 14.33491 1.119141 -4.941188 14.77972 1.111775 -5.033078 14.30954 0.8687087 -4.908007 14.81015 0.8597355 -5.029804 14.45341 0.01934155 -4.808655 14.77214 0.02786674 -4.915756 14.5639 1.653423 -4.78108 14.62696 1.653301 -4.788611 0 0 0 14.31913 0.8446262 -4.878845 14.3406 0.8184778 -4.851511 14.35433 0.7912735 -4.842565 14.31116 0.774338 -4.859201 14.31323 0.7328759 -4.850056 14.3233 0.71048 -4.843987 14.30815 0.7658691 -4.87848 14.31677 0.7180399 -4.872781 14.33059 0.6951348 -4.869387 14.31193 0.7634206 -4.898692 14.31814 0.720637 -4.894588 14.32988 0.6968132 -4.891599 14.31647 0.7634761 -4.918577 14.32211 0.7282135 -4.915843 14.32863 0.7102675 -4.914358 14.81359 0.8336082 -5.001032 14.80473 0.8060071 -4.968603 14.79551 0.778154 -4.956453 14.82899 0.7624795 -4.991373 14.82424 0.7213933 -4.981555 14.81196 0.7023259 -4.970351 14.82369 0.7553263 -5.010691 14.81053 0.70899 -5.002073 14.79321 0.6910992 -4.991723 14.81182 0.7540451 -5.027616 14.80032 0.7125335 -5.022106 14.78406 0.6934096 -5.012942 14.79941 0.7552198 -5.043755 14.78957 0.721016 -5.039762 14.7793 0.7057018 -5.034573 0 0 0 0 0 0
17 14.58136 0.950022 -4.923616 14.48137 0.9298243 -4.920629 14.68059 0.9291927 -4.935152 14.47525 0.4844323 -4.846854 14.72472 0.488874 -4.853892 14.495 0.09995034 -4.958638 14.6942 0.1153832 -4.992323 14.5818 1.121244 -4.925054 14.58314 1.258536 -4.925286 14.59013 1.4891 -4.893331 14.59264 1.577387 -4.848104 14.51672 1.429325 -4.91321 14.65673 1.426795 -4.925556 14.40429 1.401261 -4.92269 14.76471 1.395691 -4.955433 14.34893 1.121132 -4.954104 14.80018 1.114947 -5.004907 14.32028 0.8706398 -4.924213 14.82996 0.8628868 -4.99862 14.45423 0.02014037 -4.811761 14.78681 0.02313461 -4.880438 14.5677 1.655624 -4.772703 14.63083 1.656585 -4.779562 0 0 0 14.32719 0.8462515 -4.894552 14.34639 0.820316 -4.865386 14.35949 0.7931342 -4.855491 14.31773 0.7757123 -4.87654 14.32255 0.7345573 -4.867053 14.33512 0.7138483 -4.859778 14.31658 0.7674586 -4.896111 14.3287 0.7204759 -4.889783 14.34557 0.7000131 -4.884904 14.32225 0.765259 -4.915904 14.33182 0.7231086 -4.911688 14.34688 0.701444 -4.907449 14.32865 0.7655617 -4.935271 14.33698 0.7308467 -4.932412 14.346 0.7141014 -4.930182 14.82983 0.8364822 -4.969897 14.81707 0.8088211 -4.938853 14.80607 0.7811202 -4.927879 14.84278 0.7649932 -4.959341 14.83638 0.7239081 -4.950507 14.82277 0.7048702 -4.940907 14.83942 0.7580908 -4.979179 14.82487 0.7118905 -4.972235 14.80644 0.6940787 -4.963865 14.8294 0.7571705 -4.997274 14.81685 0.71581 -4.993057 14.79955 0.6968212 -4.985677 14.81878 0.7587109 -5.014625 14.80805 0.7246693 -5.011675 14.79712 0.7094822 -5.007594 0 0 0 0 0 0
18 14.59719 0.9522949 -4.911907 14.49728 0.9317612 -4.915318 14.69702 0.9318415 -4.917268 14.47996 0.4857078 -4.846242 14.71303 0.4832981 -4.859881 14.48743 0.1008148 -4.958744 14.69231 0.09674337 -4.967387 14.59711 1.123523 -4.912519 14.59908 1.260804 -4.91348 14.60316 1.491546 -4.882319 14.60277 1.580409 -4.838164 14.5314 1.431386 -4.906576 14.67192 1.429349 -4.909873 14.41977 1.403345 -4.923028 14.7816 1.39776 -4.932061 14.36737 1.122921 -4.956788 14.81798 1.116746 -4.979292 14.33627 0.8722488 -4.931152 14.84235 0.8643396 -4.966734 14.44689 0.02066007 -4.811989 14.75797 0.01695552 -4.829806 14.57509 1.65901 -4.764109 14.6384 1.660183 -4.76892 0 0 0 14.34087 0.8474796 -4.901361 14.35793 0.8211337 -4.871248 14.37011 0.7937656 -4.860697 14.32927 0.7769163 -4.884749 14.33441 0.7358889 -4.874881 14.3474 0.7157939 -4.866679 14.32929 0.7688681 -4.904439 14.34185 0.72212 -4.89727 14.35932 0.7025338 -4.8911 14.33623 0.7667757 -4.92384 14.34657 0.7248669 -4.919085 14.36254 0.704138 -4.913667 14.34388 0.767171 -4.942742 14.3529 0.7326754 -4.939361 14.3627 0.7164968 -4.936351 14.83983 0.8379501 -4.938107 14.82481 0.8102869 -4.90809 14.81294 0.7825503 -4.898182 14.8512 0.7663293 -4.926658 14.84585 0.7249439 -4.918554 14.83293 0.7048682 -4.910188 14.84923 0.7594553 -4.946691 14.83584 0.712727 -4.941042 14.81818 0.6934854 -4.934352 14.84055 0.7586362 -4.965473 14.82938 0.7168006 -4.962176 14.81319 0.6963137 -4.956461 14.83125 0.7602843 -4.983553 14.82147 0.7259049 -4.981298 14.81137 0.7099126 -4.978274 0 0 0 0 0 0
19 14.6112 0.9522774 -4.910199 14.51151 0.9314264 -4.916572 14.71121 0.9321336 -4.912556 14.47372 0.4883626 -4.838629 14.71442 0.4825223 -4.85888 14.47473 0.1022525 -4.946305 14.68049 0.0959514 -4.964046 14.61061 1.123504 -4.910977 14.61481 1.260732 -4.909763 14.61795 1.491136 -4.876089 14.6153 1.579978 -4.83197 14.54713 1.431349 -4.90378 14.68767 1.429108 -4.901544 14.43606 1.404188 -4.924867 14.79781 1.396468 -4.919506 14.3841 1.123749 -4.959177 14.83142 1.116313 -4.973425 14.35331 0.8732921 -4.931172 14.85198 0.8633606 -4.966172 14.44187 0.02261581 -4.797364 14.75471 0.01732673 -4.830202 14.58615 1.658401 -4.758293 14.64954 1.659577 -4.761828 0 0 0 14.35724 0.8487665 -4.901084 14.37326 0.8222232 -4.870577 14.38516 0.7949507 -4.859479 14.34586 0.7781925 -4.884364 14.34703 0.7368353 -4.874605 14.35645 0.7148322 -4.866423 14.34659 0.770018 -4.903989 14.35474 0.7224124 -4.896136 14.36839 0.7000743 -4.889668 14.35414 0.7678741 -4.923149 14.36063 0.7253383 -4.917282 14.37264 0.7021654 -4.91152 14.36238 0.7682283 -4.941806 14.36879 0.7332988 -4.937177 14.37598 0.7158618 -4.933845 14.84769 0.8359801 -4.93871 14.83129 0.8075293 -4.910191 14.81829 0.7797558 -4.901933 14.85566 0.763521 -4.929992 14.85162 0.7216168 -4.924097 14.84021 0.7000857 -4.917308 14.85382 0.7575529 -4.950326 14.84176 0.7102445 -4.947027 14.82574 0.6891409 -4.942015 14.84553 0.757878 -4.969295 14.83588 0.715569 -4.967618 14.82182 0.693203 -4.963584 14.8367 0.7606647 -4.987474 14.82771 0.7260161 -4.986344 14.81893 0.7091058 -4.984426 0 0 0 0 0 0
20 14.63338 0.9517533 -4.915328 14.53455 0.9305563 -4.929345 14.73337 0.9319983 -4.910171 14.47708 0.4914116 -4.843572 14.72697 0.4826857 -4.853803 14.47561 0.1046674 -4.947813 14.68761 0.09587117 -4.956369 14.63215 1.122978 -4.915399 14.63677 1.26013 -4.911069 14.63586 1.490129 -4.874612 14.62919 1.579182 -4.831351 14.56802 1.430413 -4.909074 14.70784 1.428665 -4.894581 14.45913 1.404122 -4.940224 14.8189 1.395218 -4.902706 14.41291 1.123481 -4.980567 14.85765 1.116987 -4.962778 14.38103 0.8724483 -4.959907 14.87873 0.8640289 -4.957412 14.41043 0.02330198 -4.810931 14.75959 0.0171276 -4.821379 14.59679 1.657883 -4.759345 14.66028 1.658948 -4.759944 0 0 0 14.38177 0.847511 -4.929909 14.39422 0.819822 -4.898762 14.40445 0.7921653 -4.886975 14.36784 0.776935 -4.915256 14.36399 0.735379 -4.907171 14.36906 0.7117644 -4.89965 14.37027 0.7689813 -4.934834 14.37285 0.7206417 -4.927686 14.38179 0.6960046 -4.921348 14.37955 0.7669433 -4.953232 14.38122 0.7239005 -4.947719 14.38856 0.6988072 -4.942173 14.38949 0.7673861 -4.971034 14.39224 0.7319872 -4.966339 14.39627 0.7135282 -4.9632 14.87199 0.8358644 -4.931265 14.85344 0.8066388 -4.90493 14.83964 0.7786766 -4.898922 14.87799 0.7630104 -4.92447 14.87523 0.7207763 -4.920512 14.86484 0.6982453 -4.915565 14.87749 0.7577461 -4.945074 14.86664 0.7100353 -4.944452 14.85176 0.6877196 -4.94173 14.87057 0.7588603 -4.964558 14.86247 0.7161984 -4.964982 14.8501 0.6925764 -4.963191 14.86312 0.7624193 -4.983208 14.85513 0.727511 -4.983774 14.84749 0.7099527 -4.98333 0 0 0 0 0 0
21 14.65144 0.9513115 -4.912902 14.55397 0.9299436 -4.934277 14.75075 0.9316739 -4.900015 14.49831 0.4890878 -4.855561 14.74876 0.4831659 -4.8387 14.49064 0.1036174 -4.964664 14.71896 0.09562131 -4.941051 14.65015 1.122531 -4.914145 14.6505 1.259804 -4.91154 14.64509 1.490143 -4.877712 14.63718 1.579732 -4.835787 14.57935 1.429097 -4.913894 14.71858 1.429506 -4.894422 14.47192 1.401612 -4.948828 14.82956 1.395028 -4.897893 14.43546 1.119241 -4.987044 14.878 1.119824 -4.964522 14.40585 0.8673074 -4.976398 14.90775 0.8678962 -4.954143 14.44558 0.0185075 -4.822077 14.77787 0.01665034 -4.799987 14.61111 1.659037 -4.761898 14.67438 1.659512 -4.767378 0 0 0 14.40369 0.842886 -4.946046 14.41269 0.8141878 -4.914625 14.42024 0.7860212 -4.902044 14.38401 0.7737983 -4.930902 14.37308 0.7332595 -4.924257 14.3723 0.7087039 -4.918233 14.38651 0.7653614 -4.950269 14.38045 0.7172258 -4.943885 14.38256 0.6908368 -4.938773 14.39623 0.7623314 -4.9683 14.39035 0.7196159 -4.963128 14.39107 0.6932734 -4.958676 14.40678 0.7617357 -4.985746 14.40348 0.7263836 -4.981053 14.40289 0.7073953 -4.978622 14.90168 0.8392615 -4.928348 14.88413 0.8093702 -4.902074 14.87087 0.7809788 -4.896911 14.90823 0.7663442 -4.922879 14.90779 0.7239476 -4.919822 14.89904 0.7006499 -4.915276 14.90738 0.7614182 -4.943554 14.89843 0.7133148 -4.944125 14.88499 0.6900319 -4.942051 14.90009 0.7628109 -4.962885 14.89415 0.7198207 -4.964414 14.88385 0.6951738 -4.963544 14.89227 0.7666308 -4.981332 14.8859 0.7314159 -4.98275 14.87967 0.7133077 -4.982963 0 0 0 0 0 0
22 14.65025 0.9504156 -4.908987 14.55226 0.9298664 -4.928752 14.7496 0.9299726 -4.897861 14.51185 0.4852063 -4.859442 14.75134 0.4814504 -4.837139 14.49844 0.0996271 -4.969447 14.72378 0.09415748 -4.940828 14.65026 1.121643 -4.909699 14.64953 1.258938 -4.910242 14.64622 1.489666 -4.878886 14.64062 1.580344 -4.838979 14.57905 1.428513 -4.912143 14.71885 1.428513 -4.897358 14.47036 1.401069 -4.943004 14.82931 1.392729 -4.90344 14.43094 1.118654 -4.977793 14.87601 1.118212 -4.974029 14.40092 0.8668889 -4.964596 14.90601 0.8663911 -4.961912 14.452 0.01883014 -4.824807 14.78309 0.01526435 -4.799889 14.62022 1.661825 -4.765678 14.68301 1.661312 -4.775137 0 0 0 14.40024 0.843518 -4.933362 14.41068 0.8157838 -4.901524 14.41876 0.7880048 -4.888424 14.38124 0.7750448 -4.914919 14.36993 0.7348581 -4.906903 14.36876 0.7104194 -4.90048 14.38276 0.765948 -4.934087 14.3762 0.7180734 -4.926372 14.37771 0.6916954 -4.920998 14.39157 0.7622783 -4.952464 14.3851 0.7198043 -4.946137 14.38512 0.6935022 -4.941397 14.40124 0.7610586 -4.970381 14.39732 0.7258827 -4.964908 14.3961 0.7069518 -4.962267 14.90098 0.8375154 -4.93616 14.88443 0.8075064 -4.909377 14.87116 0.7791837 -4.903866 14.90719 0.7644926 -4.931816 14.90602 0.7220899 -4.929046 14.89686 0.6990259 -4.924144 14.90528 0.7598068 -4.952477 14.89528 0.7119136 -4.953296 14.88123 0.6890334 -4.950797 14.89705 0.7614735 -4.971406 14.89007 0.7186662 -4.973567 14.87899 0.6943666 -4.972596 14.88836 0.7655618 -4.989399 14.88134 0.7304963 -4.991347 14.87461 0.712565 -4.991606 0 0 0 0 0 0
23 14.63619 0.9497821 -4.90752 14.53756 0.9290316 -4.923502 14.73593 0.929516 -4.9001 14.51257 0.4823994 -4.858698 14.74772 0.4812751 -4.838017 14.50317 0.09715512 -4.970793 14.72893 0.09287646 -4.939704 14.63592 1.121006 -4.908751 14.63592 1.258287 -4.910961 14.6348 1.489419 -4.88257 14.62964 1.580447 -4.843407 14.56615 1.428159 -4.912433 14.70641 1.427681 -4.902977 14.45619 1.400732 -4.93842 14.81631 1.390794 -4.911902 14.41225 1.118204 -4.966169 14.85697 1.115427 -4.982922 14.38192 0.8669212 -4.946227 14.88146 0.863367 -4.964859 14.45706 0.01658543 -4.825922 14.78782 0.01344915 -4.798891 14.61243 1.662299 -4.769702 14.67464 1.662214 -4.782437 0 0 0 14.38494 0.8434057 -4.91524 14.39941 0.8164191 -4.884352 14.41042 0.7892922 -4.872049 14.37253 0.7735421 -4.896401 14.365 0.7324651 -4.888462 14.36619 0.7079276 -4.88243 14.37362 0.7646959 -4.915714 14.37142 0.7163382 -4.908561 14.37535 0.6900868 -4.903827 14.3816 0.7618354 -4.93461 14.37884 0.7188787 -4.928869 14.38117 0.6925775 -4.924739 14.39026 0.761483 -4.953073 14.38916 0.726002 -4.94832 14.38942 0.7069764 -4.946135 14.87626 0.8351037 -4.938471 14.85937 0.8061917 -4.910712 14.84531 0.7784423 -4.904312 14.8804 0.7620111 -4.93298 14.87674 0.7198341 -4.929135 14.86595 0.6977312 -4.923228 14.8778 0.7570317 -4.953496 14.8649 0.7098286 -4.953253 14.84908 0.688282 -4.949752 14.86912 0.7586226 -4.972232 14.85943 0.7163237 -4.97387 14.84626 0.6931341 -4.97209 14.86008 0.7626636 -4.990063 14.85111 0.7280292 -4.991682 14.843 0.7106801 -4.991476 0 0 0 0 0 0
24 14.61091 0.9493902 -4.907881 14.51186 0.9285707 -4.920903 14.71082 0.9291664 -4.903317 14.50035 0.4809797 -4.85853 14.73496 0.4816045 -4.83937 14.505 0.09583982 -4.971477 14.73078 0.09215709 -4.938947 14.61055 1.12061 -4.909647 14.60988 1.257863 -4.913094 14.61038 1.489256 -4.886886 14.60865 1.581043 -4.849224 14.54054 1.427919 -4.913672 14.68105 1.427116 -4.909268 14.42967 1.400516 -4.93546 14.7905 1.389958 -4.92186 14.38412 1.117749 -4.957628 14.82633 1.11355 -4.991416 14.35474 0.8668486 -4.9322 14.8508 0.8615299 -4.972765 14.4587 0.01570686 -4.826427 14.7893 0.01227649 -4.798239 14.58843 1.663566 -4.777047 14.65124 1.662695 -4.786392 0 0 0 14.35963 0.8439703 -4.900975 14.376 0.8176546 -4.870459 14.38776 0.7907718 -4.858305 14.34832 0.7745407 -4.879966 14.3418 0.7335172 -4.870934 14.34384 0.7091258 -4.864548 14.34822 0.7652953 -4.899122 14.34702 0.7170181 -4.891224 14.35176 0.6909272 -4.886349 14.35501 0.7620261 -4.918408 14.35298 0.7191119 -4.912077 14.35605 0.6929176 -4.907753 14.36253 0.7612719 -4.937356 14.36176 0.7258186 -4.93234 14.36232 0.7068166 -4.93001 14.84694 0.8338888 -4.945502 14.83122 0.8055139 -4.916525 14.81789 0.7776937 -4.90897 14.85305 0.7611011 -4.938132 14.8489 0.7191409 -4.932741 14.83745 0.6977493 -4.925583 14.8501 0.7554922 -4.958437 14.83657 0.7085046 -4.956567 14.81992 0.6878417 -4.951777 14.84095 0.7563481 -4.976995 14.83058 0.7141829 -4.977494 14.81636 0.6917538 -4.974482 14.8314 0.7596685 -4.994705 14.82211 0.7250895 -4.995528 14.81336 0.7080815 -4.994555 0 0 0 0 0 0
25 14.58822 0.9492563 -4.911166 14.48888 0.9285561 -4.921911 14.6882 0.9289307 -4.908986 14.48889 0.4808244 -4.859462 14.72595 0.4825519 -4.842419 14.50846 0.09596946 -4.971789 14.73418 0.09198137 -4.937755 14.58799 1.120479 -4.91256 14.587 1.257742 -4.915556 14.58632 1.48911 -4.889139 14.5872 1.580557 -4.850627 14.51651 1.427322 -4.914952 14.65707 1.427472 -4.912618 14.40558 1.399163 -4.935457 14.76678 1.392089 -4.927832 14.36065 1.116202 -4.956359 14.8025 1.114826 -4.993956 14.33134 0.8653118 -4.930742 14.82759 0.8625862 -4.9796 14.4618 0.01608583 -4.826715 14.79221 0.0116423 -4.797102 14.55639 1.662359 -4.781439 14.61984 1.660246 -4.779823 0 0 0 14.33637 0.8421448 -4.899753 14.35291 0.8154983 -4.869619 14.36454 0.7884133 -4.8578 14.32446 0.7727136 -4.879084 14.31831 0.7315658 -4.87036 14.32085 0.7071732 -4.864161 14.32397 0.7636108 -4.898303 14.32312 0.7152318 -4.891006 14.32841 0.68919 -4.886441 14.33045 0.7603962 -4.917705 14.3286 0.7173897 -4.91197 14.33219 0.6912122 -4.907949 14.33769 0.7596846 -4.936761 14.33689 0.7241454 -4.9324 14.33767 0.7051188 -4.930351 14.82423 0.835404 -4.951814 14.80882 0.8075485 -4.922179 14.79578 0.7797793 -4.913958 14.83142 0.7628599 -4.943125 14.82624 0.721162 -4.936682 14.81383 0.7005948 -4.928761 14.82846 0.7568336 -4.96331 14.81382 0.7102286 -4.960461 14.79614 0.6906434 -4.954924 14.81923 0.7572151 -4.981839 14.80778 0.7153268 -4.981606 14.79232 0.6938654 -4.977773 14.80955 0.76007 -4.999567 14.79956 0.7256777 -4.999874 14.79 0.7091541 -4.99836 0 0 0 0 0 0
26 14.57171 0.9495173 -4.914073 14.47231 0.9289223 -4.924515 14.67168 0.929116 -4.912341 14.48055 0.4814864 -4.860525 14.71602 0.483553 -4.843755 14.51206 0.09686687 -4.970919 14.73762 0.09289899 -4.936991 14.57159 1.120744 -4.914869 14.56947 1.258007 -4.91717 14.56542 1.489145 -4.889091 14.56125 1.579422 -4.848115 14.49656 1.426553 -4.915492 14.6371 1.428697 -4.912867 14.38611 1.39694 -4.936537 14.74766 1.396713 -4.929359 14.34386 1.11372 -4.959425 14.78942 1.118973 -4.989694 14.3175 0.8622686 -4.936227 14.81898 0.8670434 -4.9788 14.46578 0.01727071 -4.825568 14.79567 0.01296767 -4.796112 14.5257 1.659782 -4.77951 14.58909 1.659524 -4.775747 0 0 0 14.32339 0.8386535 -4.905733 14.34101 0.8121158 -4.876117 14.3537 0.7852744 -4.86484 14.31405 0.768411 -4.886534 14.31019 0.7268006 -4.878743 14.31434 0.7025118 -4.873019 14.31389 0.7597037 -4.905941 14.31566 0.7111848 -4.899834 14.3227 0.685471 -4.895813 14.32048 0.7571394 -4.925406 14.3209 0.7139622 -4.920779 14.32624 0.6880066 -4.917309 14.32772 0.7570964 -4.944472 14.32871 0.721454 -4.941105 14.33068 0.7024698 -4.939508 14.81588 0.8406183 -4.950263 14.80029 0.8134572 -4.920077 14.78778 0.7856615 -4.911168 14.82536 0.7686729 -4.93914 14.81799 0.7275681 -4.931197 14.80344 0.7087751 -4.922542 14.82312 0.7619336 -4.95919 14.80642 0.7161269 -4.954998 14.78668 0.6988631 -4.948734 14.81433 0.7614226 -4.977935 14.80083 0.7201709 -4.976634 14.78292 0.700931 -4.971777 14.805 0.7633915 -4.995966 14.79367 0.7294181 -4.995587 14.78246 0.7140524 -4.993336 0 0 0 0 0 0
27 14.56491 0.9502241 -4.918624 14.46569 0.9294337 -4.930316 14.66491 0.9300932 -4.915971 14.47558 0.4827316 -4.862465 14.71672 0.4856988 -4.845554 14.51436 0.09829762 -4.970755 14.74059 0.09499123 -4.937717 14.5643 1.121451 -4.918016 14.56073 1.258703 -4.918382 14.55226 1.489379 -4.887621 14.54532 1.578425 -4.844388 14.48502 1.426006 -4.916245 14.62542 1.430404 -4.910577 14.37558 1.39487 -4.940143 14.73704 1.401587 -4.925718 14.33836 1.111296 -4.967048 14.7864 1.124476 -4.983129 14.31614 0.8591559 -4.947244 14.82211 0.8732283 -4.975378 14.46861 0.01824101 -4.825486 14.79878 0.01511063 -4.796866 14.51036 1.659139 -4.775895 14.57381 1.65939 -4.773243 0 0 0 14.32164 0.8351631 -4.916973 14.33914 0.8087792 -4.887153 14.35213 0.7820794 -4.875885 14.313 0.7644792 -4.899109 14.31235 0.7226543 -4.891542 14.31921 0.699077 -4.885472 14.3135 0.7560787 -4.918645 14.31891 0.7077791 -4.912959 14.32909 0.6831954 -4.908602 14.32063 0.7539331 -4.937966 14.32439 0.7108529 -4.933986 14.33303 0.6858356 -4.930286 14.32837 0.7543128 -4.956833 14.33191 0.7187752 -4.954149 14.33617 0.7001719 -4.952529 14.81934 0.8468347 -4.946778 14.80348 0.8195753 -4.916825 14.79155 0.7915098 -4.907953 14.83157 0.7754192 -4.934952 14.82058 0.7351804 -4.926766 14.80296 0.7191828 -4.918202 14.83019 0.7684914 -4.955015 14.81011 0.7240695 -4.950765 14.78762 0.7106237 -4.944409 14.82197 0.767511 -4.973997 14.80508 0.7275269 -4.972712 14.78388 0.7121761 -4.967306 14.81308 0.7689882 -4.992296 14.79936 0.7359078 -4.992112 14.78574 0.7227193 -4.989413 0 0 0 0 0 0
28 14.56794 0.9513837 -4.919563 14.46908 0.9303107 -4.93358 14.66793 0.93159 -4.914792 14.47462 0.4842585 -4.862314 14.71815 0.4869784 -4.844995 14.5132 0.09990247 -4.970323 14.73977 0.09650662 -4.938468 14.56669 1.122601 -4.918021 14.56337 1.259855 -4.916854 14.55241 1.490192 -4.884387 14.54293 1.57903 -4.841209 14.48665 1.426709 -4.916042 14.62671 1.431834 -4.905138 14.37836 1.395204 -4.944289 14.73894 1.403603 -4.916409 14.34198 1.111882 -4.974761 14.7915 1.127309 -4.97491 14.31906 0.8595641 -4.958299 14.82836 0.8761821 -4.968828 14.467 0.01964035 -4.825311 14.79747 0.01676931 -4.797339 14.50929 1.660498 -4.772949 14.57278 1.661455 -4.772336 0 0 0 14.32349 0.8351027 -4.928228 14.34028 0.8088115 -4.897919 14.35314 0.7821261 -4.886476 14.3144 0.7641209 -4.91183 14.31794 0.7225404 -4.903731 14.3285 0.7006935 -4.89659 14.31566 0.7560357 -4.931465 14.32584 0.7085668 -4.92535 14.3403 0.6864923 -4.919808 14.32352 0.7542176 -4.950536 14.33184 0.7117727 -4.946663 14.34511 0.6890581 -4.941939 14.33196 0.7549185 -4.96909 14.33908 0.7199115 -4.966539 14.34668 0.702478 -4.964265 14.8252 0.8492141 -4.94081 14.80884 0.821298 -4.911744 14.79699 0.7929694 -4.90365 14.83803 0.7777362 -4.930027 14.82677 0.7373614 -4.922937 14.80878 0.7213774 -4.915153 14.83723 0.771178 -4.950247 14.8171 0.7266831 -4.947154 14.79435 0.7133813 -4.941487 14.8295 0.7704638 -4.969445 14.81264 0.7304462 -4.969038 14.7912 0.7152472 -4.964202 14.82106 0.7721855 -4.987931 14.80731 0.7391165 -4.988452 14.7935 0.7260584 -4.986135 0 0 0 0 0 0
29 14.58267 0.9529736 -4.914751 14.48435 0.9319661 -4.932222 14.68241 0.9330868 -4.906363 14.47783 0.4859347 -4.861318 14.72062 0.4867611 -4.840764 14.50797 0.101191 -4.970414 14.73507 0.09749254 -4.940027 14.58157 1.124196 -4.913738 14.57901 1.261469 -4.913067 14.56873 1.491894 -4.881005 14.55765 1.581133 -4.839052 14.50342 1.428834 -4.914399 14.64317 1.433027 -4.899716 14.39576 1.398048 -4.945707 14.75537 1.403611 -4.907681 14.35836 1.114972 -4.977202 14.80696 1.12738 -4.967332 14.33257 0.8628188 -4.962548 14.84035 0.8758506 -4.958459 14.46155 0.02090307 -4.825487 14.79256 0.01804682 -4.79865 14.5256 1.662869 -4.770346 14.58906 1.664533 -4.772073 0 0 0 14.33558 0.837956 -4.932631 14.35118 0.8114604 -4.901868 14.36338 0.7845548 -4.890207 14.3247 0.766979 -4.917348 14.33034 0.7258275 -4.908308 14.34294 0.7055165 -4.900028 14.32644 0.7590855 -4.937023 14.339 0.7123346 -4.92988 14.35581 0.6923983 -4.923015 14.33489 0.7573302 -4.955849 14.34578 0.7155346 -4.951339 14.36172 0.6949396 -4.945332 14.34394 0.7580774 -4.97411 14.35318 0.723614 -4.970999 14.36285 0.7073997 -4.967793 14.83669 0.8488137 -4.930569 14.82024 0.8205212 -4.901924 14.80856 0.7920069 -4.894229 14.84952 0.7773554 -4.919665 14.84154 0.7361626 -4.912847 14.82571 0.7178506 -4.905502 14.84918 0.770837 -4.93991 14.83254 0.7249 -4.937132 14.81178 0.7084421 -4.932135 14.84185 0.770138 -4.959267 14.82829 0.7288873 -4.958742 14.80925 0.7105913 -4.954632 14.83379 0.7718709 -4.977922 14.82246 0.7378958 -4.978229 14.81046 0.7230848 -4.976376 0 0 0 0 0 0
30 14.60522 0.9540527 -4.908286 14.50748 0.9326106 -4.928271 14.70474 0.9345137 -4.89692 14.48645 0.4867709 -4.859121 14.72792 0.486477 -4.836116 14.50425 0.1017914 -4.970021 14.73116 0.09808847 -4.939734 14.6037 1.125273 -4.909068 14.60238 1.262565 -4.909396 14.59394 1.493258 -4.878752 14.58434 1.582706 -4.83688 14.52871 1.430743 -4.913308 14.66813 1.433475 -4.895455 14.42143 1.401016 -4.946859 14.78005 1.40238 -4.900503 14.38317 1.117961 -4.9775 14.82909 1.125585 -4.959686 14.35604 0.8660375 -4.961399 14.85806 0.873646 -4.947541 14.45769 0.02136853 -4.825211 14.78877 0.01880785 -4.798311 14.54969 1.663569 -4.768402 14.61317 1.664495 -4.766827 0 0 0 14.35811 0.8410305 -4.931522 14.37262 0.8141097 -4.900593 14.38425 0.7870234 -4.888777 14.34638 0.7700629 -4.916833 14.34985 0.7286975 -4.907672 14.36073 0.7075006 -4.899179 14.34858 0.7622405 -4.936491 14.35879 0.7150055 -4.928804 14.37384 0.6938467 -4.921531 14.35749 0.760509 -4.955101 14.36644 0.7183433 -4.949819 14.3806 0.6966142 -4.943367 14.36702 0.7612734 -4.97312 14.37506 0.7266075 -4.969075 14.38366 0.7098852 -4.965446 14.85341 0.846485 -4.919921 14.83646 0.8181084 -4.89165 14.82417 0.7897359 -4.884402 14.86387 0.7745513 -4.909634 14.85875 0.7328273 -4.903313 14.84546 0.71243 -4.896439 14.86341 0.768235 -4.92994 14.84976 0.7213145 -4.927358 14.83155 0.7019411 -4.922877 14.85615 0.7679521 -4.949334 14.84548 0.7258662 -4.948558 14.82948 0.7047429 -4.945055 14.84824 0.7701175 -4.968007 14.83876 0.7355804 -4.967898 14.82881 0.7192805 -4.966397 0 0 0 0 0 0
31 14.62422 0.9537678 -4.907163 14.52691 0.931676 -4.928492 14.7236 0.9347762 -4.893882 14.49121 0.4875194 -4.856441 14.73505 0.4860078 -4.835279 14.501 0.1030647 -4.96923 14.72789 0.09824821 -4.940986 14.62206 1.124956 -4.910227 14.62102 1.26225 -4.910134 14.61259 1.493008 -4.879983 14.60191 1.582594 -4.838669 14.54794 1.430632 -4.91585 14.68694 1.432992 -4.895011 14.44133 1.401283 -4.951792 14.79873 1.401106 -4.897558 14.40497 1.118096 -4.983522 14.84592 1.123656 -4.955153 14.3779 0.8660754 -4.968911 14.87256 0.8715801 -4.940704 14.45399 0.02222355 -4.8248 14.78565 0.01955172 -4.799294 14.56855 1.663311 -4.769388 14.63204 1.664446 -4.769237 0 0 0 14.3793 0.8405119 -4.939469 14.39267 0.8124408 -4.909053 14.40382 0.7849987 -4.8976 14.36754 0.769224 -4.926451 14.36598 0.7273628 -4.919223 14.37241 0.703928 -4.91219 14.3703 0.7617888 -4.946187 14.37493 0.7134792 -4.93992 14.38505 0.6892187 -4.933922 14.37972 0.7604534 -4.964581 14.38359 0.7174543 -4.959895 14.39259 0.6928505 -4.954599 14.38973 0.7616051 -4.982318 14.39421 0.7262995 -4.978306 14.39941 0.7081017 -4.975364 14.8666 0.84434 -4.913414 14.84884 0.8159417 -4.885666 14.83578 0.7877824 -4.878969 14.87431 0.7719738 -4.903745 14.87159 0.7299265 -4.898122 14.86071 0.7079143 -4.892029 14.87384 0.7658773 -4.924119 14.86275 0.7182676 -4.921943 14.84715 0.696587 -4.918252 14.8668 0.7660501 -4.943592 14.85872 0.7233929 -4.942609 14.8459 0.7001092 -4.939822 14.85918 0.7686866 -4.962326 14.85126 0.7337629 -4.961814 14.8433 0.7163809 -4.960669 0 0 0 0 0 0
32 14.64232 0.9526352 -4.912006 14.54516 0.930674 -4.934181 14.74161 0.933569 -4.898143 14.49417 0.4893366 -4.85548 14.74372 0.4850484 -4.837246 14.4923 0.104262 -4.96595 14.72141 0.09748843 -4.941277 14.64015 1.12384 -4.913921 14.63928 1.261111 -4.911305 14.63132 1.491493 -4.87829 14.62084 1.581191 -4.837168 14.56668 1.429755 -4.915264 14.70559 1.431462 -4.8937 14.46008 1.4012 -4.951849 14.81712 1.398677 -4.895724 14.42374 1.118516 -4.987805 14.86393 1.121911 -4.956822 14.3953 0.8664734 -4.976583 14.89073 0.8697799 -4.943698 14.44687 0.01867183 -4.82377 14.77938 0.01843532 -4.799874 14.58977 1.661637 -4.766521 14.65323 1.662819 -4.768494 0 0 0 14.39542 0.8405696 -4.947407 14.40717 0.8115293 -4.917233 14.41728 0.7836276 -4.905926 14.38186 0.7694101 -4.935492 14.37617 0.7276552 -4.929905 14.37912 0.7031922 -4.924183 14.38496 0.7621316 -4.955236 14.38501 0.7134473 -4.950303 14.39128 0.6876624 -4.945528 14.39481 0.7607961 -4.973403 14.39449 0.7175362 -4.969615 14.39948 0.6916031 -4.96551 14.40527 0.7619272 -4.990873 14.40655 0.7263089 -4.987352 14.40901 0.7074385 -4.985191 14.88426 0.84196 -4.917117 14.86626 0.8129051 -4.89022 14.85297 0.7846621 -4.884376 14.89098 0.7692837 -4.909189 14.88997 0.7270157 -4.904782 14.88068 0.7040654 -4.8996 14.89055 0.7636949 -4.929708 14.88113 0.7156845 -4.928767 14.86718 0.6927738 -4.926029 14.88362 0.7644369 -4.949208 14.87724 0.7214816 -4.949187 14.86639 0.6971224 -4.947419 14.87614 0.7676313 -4.967913 14.86938 0.7324597 -4.968086 14.86274 0.7145035 -4.967615 0 0 0 0 0 0
33 14.65144 0.9513116 -4.912902 14.55397 0.9299437 -4.934277 14.75075 0.931674 -4.900015 14.49831 0.4890881 -4.855562 14.74876 0.4831658 -4.838701 14.49064 0.1036175 -4.964663 14.71896 0.09562119 -4.941051 14.65015 1.122531 -4.914145 14.6505 1.259805 -4.91154 14.64509 1.490143 -4.877712 14.63718 1.579732 -4.835787 14.57935 1.429097 -4.913894 14.71858 1.429506 -4.894422 14.47192 1.401612 -4.948828 14.82956 1.395028 -4.897892 14.43546 1.119241 -4.987044 14.878 1.119824 -4.964522 14.40585 0.8673075 -4.976398 14.90775 0.8678961 -4.954143 14.44558 0.01850709 -4.822077 14.77787 0.01664998 -4.799988 14.61111 1.659037 -4.761898 14.67438 1.659512 -4.767377 0 0 0 14.40369 0.8428859 -4.946046 14.41269 0.8141876 -4.914625 14.42024 0.786021 -4.902044 14.38401 0.7737982 -4.930903 14.37308 0.7332593 -4.924258 14.3723 0.7087037 -4.918233 14.38651 0.7653612 -4.95027 14.38045 0.7172257 -4.943885 14.38256 0.6908366 -4.938774 14.39623 0.7623314 -4.9683 14.39035 0.7196158 -4.963128 14.39107 0.6932732 -4.958677 14.40678 0.7617357 -4.985746 14.40348 0.7263836 -4.981054 14.40289 0.7073953 -4.978622 14.90168 0.8392616 -4.928347 14.88413 0.8093702 -4.902074 14.87087 0.7809788 -4.896911 14.90823 0.7663443 -4.922878 14.90779 0.7239475 -4.919821 14.89904 0.7006498 -4.915275 14.90738 0.7614183 -4.943554 14.89843 0.7133147 -4.944124 14.88499 0.6900319 -4.942051 14.90009 0.7628109 -4.962885 14.89415 0.7198207 -4.964413 14.88385 0.6951738 -4.963544 14.89227 0.7666308 -4.981331 14.8859 0.7314158 -4.98275 14.87967 0.7133076 -4.982962 0 0 0 0 0 0
34 14.65025 0.9504156 -4.908988 14.55226 0.9298665 -4.928753 14.7496 0.9299728 -4.897861 14.51185 0.4852066 -4.859442 14.75134 0.4814502 -4.837139 14.49844 0.09962722 -4.969446 14.72378 0.09415748 -4.940829 14.65026 1.121643 -4.9097 14.64953 1.258939 -4.910243 14.64622 1.489666 -4.878887 14.64062 1.580344 -4.83898 14.57905 1.428513 -4.912144 14.71885 1.428514 -4.897359 14.47036 1.401069 -4.943004 14.82931 1.392729 -4.90344 14.43094 1.118654 -4.977794 14.87601 1.118213 -4.974029 14.40092 0.8668891 -4.964597 14.90601 0.8663913 -4.961912 14.452 0.01883026 -4.824807 14.78309 0.01526447 -4.79989 14.62022 1.661825 -4.765679 14.68301 1.661312 -4.775138 0 0 0 14.40024 0.8435183 -4.933362 14.41068 0.8157842 -4.901525 14.41876 0.7880052 -4.888425 14.38124 0.775045 -4.91492 14.36993 0.7348583 -4.906904 14.36876 0.7104197 -4.900481 14.38276 0.7659481 -4.934088 14.3762 0.7180737 -4.926372 14.37771 0.6916957 -4.920999 14.39157 0.7622785 -4.952465 14.3851 0.7198045 -4.946137 14.38512 0.6935025 -4.941398 14.40124 0.7610587 -4.970382 14.39732 0.7258828 -4.964908 14.3961 0.706952 -4.962268 14.90098 0.8375155 -4.93616 14.88443 0.8075064 -4.909378 14.87116 0.7791839 -4.903867 14.90719 0.7644928 -4.931817 14.90602 0.7220901 -4.929047 14.89686 0.6990259 -4.924145 14.90528 0.759807 -4.952477 14.89528 0.7119139 -4.953296 14.88124 0.6890337 -4.950797 14.89705 0.7614737 -4.971406 14.89007 0.7186665 -4.973567 14.87899 0.6943668 -4.972597 14.88836 0.765562 -4.989399 14.88134 0.7304963 -4.991348 14.87462 0.7125651 -4.991606 0 0 0 0 0 0
35 14.63619 0.949782 -4.90752 14.53756 0.9290317 -4.923502 14.73593 0.929516 -4.9001 14.51257 0.4823999 -4.858698 14.74772 0.4812755 -4.838018 14.50317 0.09715541 -4.970792 14.72893 0.09287675 -4.939704 14.63592 1.121006 -4.908751 14.63593 1.258287 -4.910961 14.6348 1.489419 -4.88257 14.62964 1.580447 -4.843407 14.56615 1.428159 -4.912433 14.70641 1.427681 -4.902977 14.45619 1.400732 -4.938421 14.81631 1.390794 -4.911901 14.41225 1.118204 -4.96617 14.85697 1.115427 -4.982921 14.38192 0.8669212 -4.946228 14.88146 0.8633669 -4.964859 14.45706 0.01658555 -4.825921 14.78782 0.01344939 -4.798891 14.61243 1.662299 -4.769702 14.67464 1.662214 -4.782436 0 0 0 14.38494 0.8434057 -4.915241 14.39941 0.8164189 -4.884353 14.41042 0.789292 -4.87205 14.37253 0.7735421 -4.896402 14.365 0.7324652 -4.888463 14.36619 0.7079277 -4.882431 14.37362 0.7646963 -4.915715 14.37142 0.7163381 -4.908563 14.37535 0.690087 -4.903828 14.3816 0.7618355 -4.934611 14.37884 0.7188787 -4.92887 14.38117 0.6925775 -4.92474 14.39026 0.7614831 -4.953074 14.38916 0.7260021 -4.948321 14.38942 0.7069765 -4.946136 14.87626 0.8351037 -4.93847 14.85937 0.8061916 -4.910711 14.84531 0.7784422 -4.904311 14.8804 0.7620111 -4.93298 14.87674 0.7198341 -4.929135 14.86595 0.697731 -4.923227 14.8778 0.7570316 -4.953496 14.8649 0.7098284 -4.953252 14.84908 0.6882818 -4.949752 14.86912 0.7586225 -4.972231 14.85943 0.7163237 -4.97387 14.84626 0.693134 -4.97209 14.86008 0.7626635 -4.990062 14.85111 0.7280293 -4.991682 14.843 0.7106801 -4.991475 0 0 0 0 0 0
37 14.58549 0.9145095 -4.933664 14.48766 0.8971403 -4.956907 14.68395 0.8911739 -4.920403 14.49216 0.4476712 -4.941795 14.68015 0.5195369 -4.667323 14.57113 0.1103396 -5.140382 14.66008 0.1216731 -4.693626 14.58975 1.08561 -4.928573 14.58741 1.222879 -4.926954 14.58451 1.451912 -4.884944 14.57834 1.536724 -4.833805 14.51747 1.392602 -4.921613 14.65713 1.391431 -4.905577 14.40593 1.37443 -4.948939 14.77162 1.371362 -4.908126 14.346 1.093852 -4.963376 14.8268 1.118016 -5.031796 14.30619 0.8588541 -4.875901 14.85567 0.8704251 -5.080019 14.532 0.0151241 -5.002511 14.6769 0.104326 -4.523271 14.53947 1.608511 -4.757883 14.60264 1.607828 -4.751452 0 0 0 14.31172 0.8467917 -4.839211 14.33081 0.8280412 -4.804917 14.34276 0.8052805 -4.786274 14.29598 0.789581 -4.79598 14.28967 0.756321 -4.77027 14.29239 0.736778 -4.75444 14.29331 0.7747593 -4.811002 14.29605 0.7332652 -4.785211 14.3067 0.7129028 -4.771104 14.29802 0.7647108 -4.828485 14.3014 0.725897 -4.809303 14.31239 0.7046657 -4.797359 14.3037 0.7570511 -4.846514 14.30591 0.7246957 -4.831317 14.31114 0.7081862 -4.82314 14.84904 0.8357404 -5.063428 14.8292 0.7996582 -5.049423 14.81683 0.7704423 -5.05085 14.86412 0.7646745 -5.074022 14.86126 0.722567 -5.079105 14.84924 0.700329 -5.079972 14.86753 0.7651427 -5.095013 14.85762 0.719018 -5.108007 14.84029 0.6987691 -5.112083 14.86358 0.7708055 -5.114536 14.85484 0.7308229 -5.129053 14.83848 0.7104753 -5.134775 14.85865 0.7785354 -5.132755 14.85224 0.7456803 -5.145491 14.84318 0.729732 -5.150994 0 0 0 0 0 0
38 14.58027 0.8966044 -4.691229 14.48548 0.8698559 -4.717915 14.67975 0.8826256 -4.673273 14.46469 0.430948 -4.622491 14.63589 0.4863447 -4.465389 14.54944 0.2038244 -4.939704 14.61847 0.09570732 -4.545946 14.569 1.067462 -4.691065 14.57766 1.204362 -4.685213 14.58427 1.434 -4.647106 14.57865 1.520151 -4.598189 14.51648 1.377511 -4.686722 14.65471 1.369504 -4.662444 14.40531 1.365349 -4.718531 14.76845 1.346349 -4.655707 14.34491 1.085753 -4.745013 14.82663 1.084562 -4.758693 14.29213 0.8530174 -4.658358 14.85137 0.8327585 -4.779754 14.54017 0.03201415 -4.940428 14.61366 0.01558652 -4.393754 14.5366 1.592571 -4.524599 14.59934 1.591264 -4.514863 0 0 0 14.29461 0.8380534 -4.622412 14.30986 0.8143105 -4.589314 14.319 0.7887792 -4.572784 14.27362 0.7785962 -4.58481 14.26577 0.7433142 -4.562434 14.26833 0.7226604 -4.548054 14.2714 0.7650548 -4.601064 14.2754 0.7209648 -4.580217 14.28834 0.7004892 -4.568378 14.2769 0.7561142 -4.618914 14.28036 0.7160666 -4.602481 14.29272 0.6950545 -4.591527 14.2835 0.7495492 -4.637061 14.28559 0.7161903 -4.624195 14.29172 0.6995994 -4.616848 14.84258 0.7993746 -4.761576 14.82091 0.7643129 -4.747693 14.80826 0.7351813 -4.748032 14.85815 0.7277217 -4.765203 14.85725 0.6852353 -4.766258 14.84713 0.6620527 -4.766406 14.86396 0.7266608 -4.785638 14.85717 0.6791574 -4.795218 14.84218 0.6571699 -4.799584 14.86234 0.7308899 -4.805843 14.85622 0.6895428 -4.81763 14.84178 0.6678588 -4.823592 14.85959 0.7372756 -4.825021 14.85548 0.7032454 -4.8354 14.84803 0.6863876 -4.840609 0 0 0 0 0 0
39 14.51536 0.9186579 -4.359671 14.43588 0.891988 -4.417854 14.60285 0.9048762 -4.30899 14.32807 0.4913642 -4.244489 14.58245 0.4635374 -4.223411 14.44851 0.1166519 -4.311393 14.66393 0.0902858 -4.340477 14.50211 1.089373 -4.359557 14.50143 1.226525 -4.353248 14.47362 1.455085 -4.318375 14.44413 1.541104 -4.278653 14.43672 1.395438 -4.384994 14.54708 1.395583 -4.297912 14.35847 1.374971 -4.468513 14.64636 1.376512 -4.240467 14.3509 1.107408 -4.572801 14.7098 1.097845 -4.211437 14.30229 0.8584241 -4.583026 14.71387 0.8519863 -4.148211 14.32437 0.02528014 -4.234928 14.56622 0.01223972 -4.222295 14.36532 1.61562 -4.252869 14.40776 1.6171 -4.205647 0 0 0 14.28427 0.8354551 -4.557142 14.27827 0.8074777 -4.524384 14.27886 0.7789605 -4.510421 14.25374 0.7688173 -4.552945 14.24141 0.7293498 -4.543087 14.24036 0.7076479 -4.530133 14.26409 0.7594596 -4.569006 14.2605 0.7119505 -4.557847 14.26616 0.689653 -4.543788 14.28069 0.7549578 -4.580538 14.27886 0.7122225 -4.57304 14.28452 0.6891951 -4.560712 14.29797 0.7528363 -4.591163 14.29675 0.7174754 -4.585611 14.29956 0.6997978 -4.578799 14.6889 0.8297841 -4.128057 14.65637 0.8022119 -4.119493 14.64157 0.7742044 -4.117231 14.68708 0.7656852 -4.092312 14.67875 0.7260767 -4.079318 14.66547 0.704547 -4.078893 14.70328 0.7560027 -4.102116 14.69347 0.7084157 -4.096298 14.67931 0.6860788 -4.101536 14.71474 0.7505316 -4.118475 14.70779 0.7078393 -4.114611 14.69507 0.6848758 -4.119635 14.7252 0.7473522 -4.13569 14.71956 0.7120056 -4.13448 14.71202 0.6947237 -4.137838 0 0 0 0 0 0
40 14.23769 0.9116639 -4.338013 14.20618 0.8866557 -4.431797 14.27923 0.896018 -4.246124 13.97866 0.503089 -4.374471 14.28954 0.4461409 -4.238732 14.02629 0.1108288 -4.31743 14.46742 0.1073183 -4.353801 14.23044 1.082642 -4.343781 14.22804 1.219905 -4.34178 14.19108 1.449821 -4.340445 14.14871 1.539345 -4.334407 14.20325 1.387265 -4.413213 14.23299 1.391248 -4.275873 14.19432 1.363337 -4.526643 14.2665 1.373788 -4.165915 14.26576 1.095091 -4.600557 14.26888 1.099565 -4.080361 14.23385 0.8462386 -4.639481 14.20616 0.8614843 -4.018356 13.87753 0.05044123 -4.379318 14.37212 0.005954705 -4.252567 14.07175 1.61562 -4.36065 14.07825 1.617462 -4.297504 0 0 0 14.20748 0.8184498 -4.632101 14.18364 0.7869722 -4.613863 14.17766 0.757212 -4.604523 14.19259 0.7489356 -4.650426 14.18207 0.7077703 -4.651772 14.1756 0.6851699 -4.642432 14.21213 0.7427966 -4.656148 14.20929 0.6942368 -4.650824 14.2078 0.6712747 -4.636771 14.23271 0.7415537 -4.65424 14.2331 0.6983238 -4.650128 14.23296 0.6749765 -4.637123 14.25284 0.7426194 -4.651138 14.25379 0.7069477 -4.648084 14.25425 0.6890404 -4.641306 14.17139 0.8437887 -4.018414 14.13791 0.818561 -4.030007 14.12189 0.791476 -4.034309 14.13715 0.7872595 -3.986452 14.11455 0.7526929 -3.97637 14.1002 0.7321993 -3.980093 14.15418 0.7756467 -3.981214 14.13534 0.7308155 -3.975761 14.12466 0.707348 -3.983645 14.17276 0.767083 -3.984438 14.15884 0.7262406 -3.979537 14.14954 0.7022877 -3.986892 14.19151 0.7606373 -3.989223 14.18109 0.7266135 -3.985168 14.17517 0.7086373 -3.9881 0 0 0 0 0 0
41 14.0351 0.9119763 -4.346111 14.06508 0.8913228 -4.441442 14.0141 0.8917651 -4.248313 13.88059 0.4840045 -4.488721 13.89879 0.4572436 -4.256728 13.95636 0.09921076 -4.413997 14.20263 0.2020539 -4.212603 14.03355 1.083196 -4.346912 14.03306 1.220482 -4.348715 14.00041 1.450253 -4.367931 13.95682 1.537892 -4.384218 14.04877 1.387505 -4.423436 14.00271 1.392061 -4.290696 14.09959 1.363669 -4.525258 13.97692 1.375241 -4.178578 14.1867 1.090442 -4.542069 13.99581 1.098981 -4.102112 14.16507 0.8404538 -4.580782 13.93266 0.8533909 -4.089534 13.83076 0.01938476 -4.500359 14.16434 0.0363551 -4.186477 13.89261 1.611408 -4.43808 13.87439 1.612628 -4.377257 0 0 0 14.13693 0.8136119 -4.583923 14.10717 0.7831233 -4.57517 14.09573 0.7547112 -4.566773 14.12869 0.7426986 -4.601044 14.12101 0.7014115 -4.607637 14.11317 0.6775115 -4.604969 14.14838 0.7359605 -4.59667 14.14297 0.6875997 -4.591533 14.13603 0.6640368 -4.580413 14.16577 0.7348342 -4.58548 14.16321 0.6918192 -4.580093 14.15722 0.6684503 -4.568592 14.18233 0.7361233 -4.573635 14.18094 0.7005937 -4.569342 14.1783 0.682666 -4.563144 13.9053 0.8314539 -4.106637 13.88414 0.8056101 -4.134499 13.8757 0.7786014 -4.148913 13.87281 0.7660878 -4.098816 13.85537 0.7275411 -4.102973 13.84818 0.7061911 -4.114475 13.88806 0.756141 -4.087821 13.87745 0.7090458 -4.095815 13.8757 0.6863768 -4.110307 13.90759 0.750864 -4.083397 13.90081 0.7083781 -4.089301 13.90006 0.6851094 -4.102426 13.9275 0.7479509 -4.080077 13.92236 0.7127484 -4.0842 13.92131 0.6948459 -4.090924 0 0 0 0 0 0
42 13.79749 0.9411076 -4.493619 13.83831 0.9210817 -4.584979 13.76505 0.9201825 -4.399153 13.76363 0.4778123 -4.615036 13.63493 0.4902177 -4.418502 13.87236 0.09964748 -4.543043 13.78586 0.1214045 -4.394258 13.79713 1.112335 -4.492932 13.79942 1.249609 -4.494178 13.77108 1.480499 -4.504945 13.72979 1.569999 -4.516431 13.81729 1.418785 -4.563363 13.77343 1.41963 -4.429804 13.86715 1.394281 -4.665499 13.75333 1.391966 -4.318676 13.90572 1.112679 -4.707173 13.81297 1.118942 -4.252163 13.87978 0.8632715 -4.746972 13.78383 0.8675364 -4.231989 13.75871 0.01457872 -4.640269 13.64896 0.01841231 -4.378228 13.66556 1.647929 -4.563646 13.65025 1.646768 -4.502026 0 0 0 13.84866 0.8399826 -4.750333 13.81598 0.8123947 -4.742413 13.80188 0.7848175 -4.735388 13.83171 0.7716159 -4.771036 13.82153 0.7314795 -4.780646 13.81286 0.7077209 -4.780128 13.85067 0.7624657 -4.767954 13.84155 0.7144151 -4.769542 13.8339 0.6893359 -4.763258 13.86824 0.7587218 -4.757652 13.86201 0.7157589 -4.758799 13.85541 0.6905748 -4.752759 13.88528 0.7574261 -4.746522 13.88065 0.7219183 -4.747171 13.87727 0.7032236 -4.744744 13.75914 0.8402428 -4.244931 13.73761 0.8112512 -4.269179 13.73339 0.7829119 -4.282878 13.74556 0.7685373 -4.23695 13.73848 0.7268373 -4.241205 13.73474 0.7051305 -4.253642 13.76484 0.7622409 -4.230559 13.76519 0.7145303 -4.241426 13.76613 0.6932455 -4.25795 13.78554 0.7618286 -4.230999 13.788 0.7192409 -4.239131 13.78987 0.6969264 -4.253719 13.80579 0.7638484 -4.232356 13.80846 0.7287543 -4.238987 13.81023 0.7115408 -4.247197 0 0 0 0 0 0
43 13.72025 0.9436829 -4.51498 13.75535 0.9229652 -4.608535 13.69331 0.9233793 -4.418672 13.67496 0.4817435 -4.640811 13.57854 0.4873953 -4.413718 13.81009 0.12016 -4.538881 13.66935 0.09760781 -4.404939 13.72159 1.114907 -4.514918 13.72425 1.252133 -4.518467 13.69652 1.482936 -4.532286 13.65507 1.572159 -4.545216 13.73906 1.419788 -4.591946 13.70278 1.423558 -4.456182 13.78495 1.391113 -4.694859 13.69137 1.395663 -4.343886 13.81679 1.108496 -4.735316 13.74555 1.121192 -4.278667 13.79284 0.8583531 -4.771584 13.72295 0.8698394 -4.250889 13.71285 0.01692053 -4.636301 13.51674 0.02429845 -4.374252 13.59159 1.650323 -4.59306 13.57651 1.650044 -4.531371 0 0 0 13.76135 0.8355436 -4.774824 13.72798 0.8090444 -4.766096 13.71343 0.7819529 -4.758164 13.74349 0.7669227 -4.793851 13.73324 0.7262203 -4.800573 13.72408 0.7028131 -4.797717 13.76221 0.757524 -4.790173 13.75233 0.7095987 -4.790376 13.74405 0.6849601 -4.783214 13.77953 0.7537635 -4.779459 13.7724 0.7109271 -4.779704 13.7652 0.6860009 -4.773292 13.79636 0.7524834 -4.767997 13.79086 0.7170935 -4.767663 13.78701 0.6985542 -4.764787 13.69665 0.8428829 -4.261094 13.67232 0.8145437 -4.283379 13.66693 0.7862494 -4.296755 13.68334 0.7712463 -4.252098 13.6767 0.7296688 -4.257942 13.67204 0.7091731 -4.272017 13.70317 0.7647184 -4.24801 13.70279 0.7176509 -4.261389 13.70203 0.698076 -4.279915 13.72368 0.7641158 -4.250829 13.72527 0.7219473 -4.261083 13.72538 0.7008625 -4.277504 13.74366 0.7659563 -4.25449 13.74566 0.7312323 -4.263031 13.7464 0.7147694 -4.272789 0 0 0 0 0 0
44 13.69899 0.9464475 -4.532769 13.72858 0.9254279 -4.628143 13.67772 0.9264554 -4.434987 13.64081 0.485284 -4.655478 13.58115 0.4859949 -4.411507 13.7873 0.1247893 -4.566182 13.67422 0.09646084 -4.393185 13.70028 1.117671 -4.53334 13.70151 1.254905 -4.537371 13.6726 1.485385 -4.553868 13.62999 1.573849 -4.568191 13.71341 1.421433 -4.613878 13.68149 1.427219 -4.477093 13.75731 1.39029 -4.716941 13.6749 1.40019 -4.364201 13.79047 1.106949 -4.750722 13.72133 1.124081 -4.299922 13.77232 0.8553583 -4.779588 13.69998 0.873386 -4.265906 13.67446 0.02484014 -4.64914 13.52421 0.01986053 -4.358016 13.56592 1.652851 -4.613823 13.55324 1.652986 -4.551598 0 0 0 13.74138 0.8316681 -4.781498 13.70829 0.8053264 -4.771341 13.69419 0.7784705 -4.761926 13.72513 0.761704 -4.79669 13.71582 0.7203038 -4.799237 13.70695 0.6973494 -4.793386 13.74407 0.7529662 -4.792547 13.73531 0.7049903 -4.788555 13.72732 0.6812252 -4.778634 13.76149 0.750209 -4.781684 13.75518 0.7073616 -4.778502 13.7482 0.683137 -4.769629 13.77835 0.7499576 -4.770209 13.77359 0.7146034 -4.767025 13.76993 0.6964011 -4.762328 13.67246 0.8470101 -4.274197 13.64623 0.8194199 -4.295245 13.63963 0.7911946 -4.308216 13.65793 0.7758343 -4.263577 13.65106 0.7349639 -4.273038 13.64574 0.7170557 -4.290092 13.6778 0.7688421 -4.26061 13.67646 0.7231271 -4.278013 13.67443 0.7070804 -4.299584 13.69807 0.7676845 -4.264647 13.6989 0.7266011 -4.278695 13.69755 0.7087893 -4.298574 13.71784 0.7689744 -4.269524 13.71929 0.7350708 -4.280975 13.7191 0.7204649 -4.293362 0 0 0 0 0 0
45 13.68534 0.9498377 -4.536387 13.71287 0.9286756 -4.632347 13.66647 0.9300555 -4.438071 13.63146 0.4861911 -4.646889 13.58673 0.4859251 -4.40706 13.75751 0.112186 -4.583799 13.68138 0.09629675 -4.384477 13.68543 1.121063 -4.537584 13.68554 1.258314 -4.541161 13.65557 1.488659 -4.557662 13.61339 1.577204 -4.57274 13.69616 1.42481 -4.617927 13.6653 1.43061 -4.480901 13.73966 1.393327 -4.721053 13.65986 1.403069 -4.368071 13.77455 1.10995 -4.752736 13.70694 1.126794 -4.30499 13.76099 0.8578315 -4.779442 13.68788 0.8760066 -4.270303 13.63373 0.02216842 -4.662406 13.5335 0.01679041 -4.34685 13.54871 1.65728 -4.615558 13.53927 1.658049 -4.552764 0 0 0 13.73061 0.8333543 -4.78002 13.69803 0.8070228 -4.768308 13.68464 0.780273 -4.757654 13.71584 0.7625401 -4.792551 13.70637 0.7211673 -4.790207 13.69702 0.6997386 -4.780542 13.73506 0.7544068 -4.788437 13.72646 0.7071474 -4.779105 13.71804 0.6856585 -4.765168 13.75271 0.7524428 -4.777785 13.74677 0.7101831 -4.769741 13.73933 0.6880673 -4.756713 13.76976 0.7529899 -4.766597 13.76537 0.7181513 -4.759547 13.76134 0.7010815 -4.751854 13.66023 0.8495274 -4.277812 13.6335 0.8219306 -4.298209 13.62673 0.7936718 -4.311021 13.64628 0.7782958 -4.266799 13.63966 0.7374891 -4.276702 13.63412 0.7199698 -4.294088 13.66625 0.7713785 -4.2644 13.66475 0.7259 -4.2824 13.66221 0.71043 -4.304336 13.68641 0.7702985 -4.269014 13.68698 0.7293904 -4.283576 13.68506 0.7120596 -4.30383 13.70602 0.7716638 -4.27445 13.70726 0.7379275 -4.286408 13.70671 0.7236437 -4.299156 0 0 0 0 0 0
46 13.67173 0.9525415 -4.524422 13.70045 0.9313473 -4.620024 13.65164 0.9327939 -4.42634 13.62985 0.485986 -4.637338 13.58375 0.4859617 -4.402255 13.7415 0.1035909 -4.594391 13.68412 0.09728809 -4.383434 13.6718 1.123766 -4.525683 13.67238 1.261038 -4.52832 13.64274 1.491574 -4.542611 13.60169 1.580689 -4.557434 13.6834 1.42827 -4.603411 13.65222 1.432755 -4.466405 13.72719 1.397538 -4.706641 13.64627 1.403577 -4.354014 13.76116 1.114183 -4.739494 13.69603 1.127077 -4.294056 13.74792 0.8621187 -4.766865 13.67703 0.8758591 -4.262607 13.60581 0.02123489 -4.66081 13.53665 0.01786574 -4.344049 13.53628 1.661236 -4.598196 13.52926 1.662435 -4.535092 0 0 0 13.71786 0.8372607 -4.767713 13.68541 0.8107167 -4.756132 13.67227 0.7837753 -4.745646 13.70401 0.7663952 -4.780978 13.69391 0.7253073 -4.776897 13.68389 0.7050062 -4.765605 13.72333 0.7584674 -4.776936 13.71417 0.7117152 -4.765763 13.70501 0.6917891 -4.750079 13.741 0.7566211 -4.766293 13.73466 0.7148342 -4.756316 13.72643 0.6942735 -4.741356 13.75803 0.7572721 -4.75509 13.75327 0.7228454 -4.746439 13.7486 0.7066999 -4.737257 13.64943 0.8492416 -4.269827 13.62261 0.8212912 -4.289614 13.61596 0.7928699 -4.302126 13.63596 0.7779398 -4.258677 13.62922 0.7365888 -4.26587 13.62346 0.7173632 -4.281266 13.65599 0.7711229 -4.256491 13.6541 0.7246546 -4.271712 13.65134 0.706828 -4.29175 13.6761 0.7701447 -4.261318 13.67604 0.7284108 -4.273324 13.67394 0.7087823 -4.291339 13.69565 0.7716094 -4.266961 13.6963 0.7372721 -4.277121 13.69562 0.7217252 -4.288285 0 0 0 0 0 0
47 13.6642 0.9533161 -4.506625 13.69418 0.9316707 -4.601738 13.64245 0.9339499 -4.408823 13.62721 0.4859855 -4.629393 13.57826 0.4861692 -4.393076 13.73624 0.1016795 -4.595356 13.68138 0.09787615 -4.382484 13.66582 1.12453 -4.508216 13.66638 1.261805 -4.510686 13.63707 1.492452 -4.523824 13.59593 1.581699 -4.537557 13.6784 1.429515 -4.584548 13.6456 1.433131 -4.447897 13.72334 1.399327 -4.687446 13.63823 1.402758 -4.335907 13.75778 1.115923 -4.719374 13.68787 1.125727 -4.278353 13.74551 0.8637153 -4.745861 13.66652 0.8742718 -4.250515 13.59903 0.02130809 -4.661075 13.5335 0.01863255 -4.344309 13.53034 1.661739 -4.579033 13.52218 1.662497 -4.516059 0 0 0 13.71592 0.8382988 -4.746785 13.68411 0.8108308 -4.735592 13.67147 0.783618 -4.725183 13.70353 0.7670611 -4.759484 13.69502 0.7254214 -4.758566 13.68619 0.7032933 -4.750068 13.72294 0.7595324 -4.75515 13.71509 0.7118322 -4.747566 13.707 0.689419 -4.734951 13.74052 0.7581185 -4.744297 13.73482 0.7155936 -4.737586 13.7276 0.6926904 -4.725862 13.75741 0.7591954 -4.732915 13.75275 0.7242805 -4.726441 13.74865 0.7069648 -4.719358 13.63909 0.8476902 -4.258492 13.61232 0.8198977 -4.278555 13.60592 0.7917275 -4.291747 13.62639 0.7758852 -4.249981 13.6197 0.7341682 -4.254664 13.6139 0.7132098 -4.267587 13.6465 0.769181 -4.248254 13.64416 0.7219777 -4.260937 13.64126 0.7016678 -4.278433 13.66657 0.7685824 -4.25331 13.66558 0.7262403 -4.262903 13.66333 0.7042288 -4.277892 13.68605 0.7704508 -4.259081 13.68577 0.7357284 -4.267854 13.68493 0.7189719 -4.277091 0 0 0 0 0 0
48 13.66379 0.9531112 -4.488647 13.69351 0.9307482 -4.583673 13.64202 0.9344259 -4.390714 13.62231 0.4870468 -4.624618 13.5784 0.4863674 -4.383799 13.73366 0.1028542 -4.601775 13.68213 0.0981312 -4.387287 13.6665 1.1243 -4.491187 13.66559 1.261565 -4.494053 13.63464 1.492039 -4.506446 13.59398 1.581488 -4.520292 13.67617 1.429554 -4.567502 13.64387 1.432573 -4.430715 13.72096 1.399956 -4.670635 13.6371 1.401456 -4.318892 13.75852 1.116832 -4.701509 13.68913 1.124213 -4.264562 13.74969 0.8644776 -4.727969 13.66773 0.872568 -4.23853 13.59679 0.02145942 -4.666929 13.53604 0.02048042 -4.340031 13.52658 1.661608 -4.558601 13.52178 1.662669 -4.495287 0 0 0 13.72069 0.8384043 -4.72917 13.68976 0.809703 -4.718603 13.67783 0.7820362 -4.708564 13.71 0.7669277 -4.742075 13.70395 0.7249677 -4.745209 13.69712 0.7011218 -4.740251 13.72954 0.7598297 -4.737597 13.72391 0.7113168 -4.734548 13.71778 0.6865283 -4.725891 13.74706 0.7587928 -4.726605 13.74289 0.7156401 -4.724092 13.73756 0.6905642 -4.716538 13.76383 0.7602296 -4.715086 13.76006 0.7247782 -4.711675 13.75718 0.7063299 -4.707411 13.64073 0.8457029 -4.246984 13.61431 0.8176423 -4.267137 13.60841 0.7895623 -4.280751 13.62942 0.7734728 -4.240294 13.62341 0.7314705 -4.242867 13.61801 0.7092472 -4.25368 13.64967 0.7671003 -4.238918 13.6477 0.7193751 -4.249544 13.64512 0.6973239 -4.264844 13.6697 0.7670101 -4.244157 13.66868 0.7242492 -4.251662 13.66673 0.7006226 -4.264001 13.68909 0.7693933 -4.250041 13.68863 0.7343754 -4.257539 13.68794 0.7167985 -4.265115 0 0 0 0 0 0
50 13.68508 0.9176914 -4.507458 13.70683 0.8982285 -4.605242 13.67279 0.8963391 -4.40843 13.53764 0.4824251 -4.630887 13.54447 0.4653945 -4.408195 13.6327 0.0975289 -4.583894 13.83749 0.194567 -4.394688 13.68227 1.088893 -4.5063 13.68115 1.22616 -4.50904 13.64428 1.455808 -4.520534 13.59751 1.543034 -4.527633 13.68384 1.393994 -4.583545 13.65899 1.396928 -4.445211 13.71723 1.37172 -4.692667 13.65277 1.377922 -4.330675 13.79313 1.096731 -4.726484 13.70772 1.104185 -4.26306 13.77738 0.8451754 -4.757013 13.64868 0.8582742 -4.240643 13.49283 0.01693191 -4.643442 13.78894 0.03056439 -4.375953 13.52119 1.615916 -4.563578 13.51872 1.616956 -4.50013 0 0 0 13.75034 0.8171291 -4.754804 13.72481 0.785138 -4.740092 13.71637 0.7565156 -4.729224 13.74231 0.745657 -4.769533 13.73656 0.7040195 -4.775883 13.73163 0.6793137 -4.773595 13.76275 0.7398241 -4.768712 13.76111 0.6911559 -4.763892 13.75805 0.666609 -4.753167 13.78189 0.7396143 -4.760821 13.78254 0.6964474 -4.756124 13.78025 0.6722699 -4.744967 13.80023 0.7417934 -4.752158 13.80144 0.7061837 -4.748531 13.80108 0.6879058 -4.742821 13.6198 0.8348552 -4.252468 13.59383 0.8091243 -4.276037 13.5837 0.782217 -4.289527 13.59457 0.7668253 -4.241267 13.57964 0.7270854 -4.243452 13.5717 0.7056739 -4.254328 13.61257 0.7577384 -4.234467 13.60387 0.710283 -4.242649 13.6006 0.6883284 -4.257954 13.63291 0.7538963 -4.234753 13.62787 0.711257 -4.241256 13.62575 0.6884986 -4.255107 13.65322 0.7524813 -4.23607 13.64963 0.7171808 -4.24094 13.64829 0.6995271 -4.248245 0 0 0 0 0 0
51 13.45497 0.9265138 -4.540344 13.47628 0.9081333 -4.638436 13.44424 0.9043443 -4.441315 13.41103 0.4631404 -4.64091 13.2272 0.5107751 -4.454625 13.56938 0.1041131 -4.566779 13.30833 0.1203745 -4.474525 13.44755 1.097569 -4.538263 13.44391 1.234813 -4.539566 13.39929 1.463338 -4.543481 13.34639 1.547237 -4.546469 13.4364 1.404106 -4.610349 13.42086 1.403466 -4.470633 13.46161 1.38835 -4.722753 13.42177 1.387285 -4.355498 13.49613 1.108857 -4.77946 13.54422 1.134535 -4.295112 13.42119 0.8695996 -4.819478 13.57222 0.8832954 -4.271547 13.42965 0.01516476 -4.61334 13.1591 0.03902497 -4.447752 13.26597 1.615296 -4.582918 13.26159 1.614426 -4.51957 0 0 0 13.38664 0.8521381 -4.814665 13.35514 0.8270172 -4.798262 13.33969 0.8010812 -4.788408 13.35204 0.7901113 -4.833251 13.3298 0.754985 -4.84211 13.31614 0.7336935 -4.841696 13.36903 0.7777467 -4.836557 13.34859 0.7333269 -4.834608 13.33721 0.7111623 -4.824305 13.38779 0.7701066 -4.832259 13.37448 0.7288963 -4.82901 13.36583 0.7065334 -4.817208 13.40675 0.7648602 -4.826872 13.39645 0.7306083 -4.825041 13.39073 0.713227 -4.819383 13.55378 0.850208 -4.280904 13.53812 0.8156609 -4.302192 13.53716 0.7865446 -4.314837 13.5568 0.7782846 -4.266492 13.55729 0.7357921 -4.267569 13.55719 0.7125474 -4.277547 13.57722 0.776963 -4.260677 13.58622 0.7294026 -4.267854 13.59038 0.7073587 -4.28281 13.59746 0.7810527 -4.262208 13.60879 0.7396174 -4.268588 13.61458 0.7178771 -4.28301 13.61669 0.7873253 -4.264822 13.62666 0.7532025 -4.269176 13.63171 0.7362849 -4.276597 0 0 0 0 0 0
52 13.131 0.8851912 -4.568195 13.15051 0.8646092 -4.666224 13.12131 0.8650563 -4.468624 13.18916 0.4166338 -4.667375 12.8633 0.4972045 -4.499922 13.47972 0.1516533 -4.598464 12.82653 0.1006646 -4.536462 13.12677 1.056365 -4.569207 13.12221 1.193475 -4.563662 13.07897 1.42214 -4.555156 13.02558 1.505775 -4.556394 13.11225 1.365791 -4.626389 13.1038 1.358981 -4.486229 13.13092 1.355013 -4.740642 13.11047 1.339463 -4.371803 13.12936 1.077452 -4.814672 13.26199 1.099444 -4.32758 13.00799 0.8609002 -4.867918 13.33178 0.8567466 -4.301365 13.38551 0.009099387 -4.618659 12.66292 0.04742672 -4.537502 12.94518 1.575043 -4.59055 12.94209 1.573612 -4.527137 0 0 0 12.97001 0.8552838 -4.860938 12.93565 0.8386217 -4.840126 12.91493 0.8175521 -4.828491 12.91572 0.809499 -4.879526 12.88355 0.7825227 -4.886178 12.8644 0.7662509 -4.883228 12.92741 0.7925864 -4.884972 12.89475 0.7562836 -4.881879 12.87853 0.7386674 -4.869493 12.94285 0.7789588 -4.882769 12.91723 0.7440375 -4.879617 12.90287 0.7251436 -4.867322 12.95934 0.7674376 -4.879377 12.93867 0.7382216 -4.877901 12.92811 0.7233385 -4.87209 13.32174 0.8194602 -4.306944 13.31467 0.781073 -4.326134 13.32033 0.7524185 -4.338602 13.34577 0.7519115 -4.291152 13.35723 0.7109751 -4.291441 13.36173 0.6879935 -4.301003 13.3664 0.7563288 -4.288414 13.38651 0.7123236 -4.295726 13.39395 0.6914126 -4.311038 13.38441 0.7654266 -4.29306 13.40532 0.7280689 -4.300361 13.41444 0.7078989 -4.315334 13.40073 0.7762932 -4.298687 13.41873 0.7457361 -4.303701 13.42696 0.7303172 -4.311524 0 0 0 0 0 0
54 12.74035 0.9262741 -4.57137 12.75158 0.8998195 -4.669287 12.73827 0.9119422 -4.470356 12.53446 0.5077503 -4.705584 12.6923 0.4638337 -4.48684 12.64679 0.1250394 -4.688127 12.84304 0.095086 -4.525398 12.73929 1.097178 -4.581856 12.73892 1.234239 -4.573793 12.69803 1.463487 -4.572063 12.64732 1.548672 -4.576333 12.73445 1.405372 -4.640277 12.71833 1.401444 -4.500681 12.76179 1.390309 -4.752277 12.72091 1.379313 -4.386566 12.83931 1.117978 -4.800761 12.77201 1.102139 -4.331008 12.81625 0.8670303 -4.831656 12.70583 0.8577835 -4.311732 12.50773 0.03566965 -4.735885 12.69267 0.01504567 -4.501201 12.5682 1.619302 -4.61068 12.56636 1.619569 -4.547202 0 0 0 12.78855 0.8401019 -4.826195 12.76318 0.8097739 -4.808085 12.75435 0.7819456 -4.795584 12.77645 0.7687507 -4.838537 12.76821 0.72708 -4.840158 12.76206 0.7033663 -4.833857 12.79664 0.7621408 -4.839612 12.79321 0.7138807 -4.832283 12.78966 0.6907443 -4.818903 12.81645 0.761323 -4.833645 12.81569 0.7183935 -4.827138 12.81328 0.6950817 -4.814292 12.83563 0.7629368 -4.826881 12.83557 0.7274911 -4.821754 12.83481 0.709639 -4.814859 12.67461 0.8371068 -4.322697 12.64568 0.8145044 -4.346017 12.63255 0.7893045 -4.360194 12.6447 0.7708727 -4.312296 12.62668 0.7324405 -4.314585 12.61656 0.7118121 -4.325164 12.66225 0.7601838 -4.306781 12.64904 0.7138709 -4.315447 12.64298 0.6925096 -4.330745 12.68218 0.754793 -4.308302 12.67297 0.7129913 -4.31562 12.66803 0.6908528 -4.329755 12.70222 0.7518607 -4.310772 12.69521 0.7171981 -4.31644 12.69189 0.6999405 -4.324051 0 0 0 0 0 0
55 12.45378 0.8889285 -4.57575 12.46514 0.8622935 -4.673603 12.45281 0.8750885 -4.47465 12.19244 0.5062824 -4.706834 12.51688 0.4299658 -4.482462 12.16556 0.1096369 -4.669822 12.78106 0.1324881 -4.517085 12.44749 1.059664 -4.587121 12.44664 1.196753 -4.579584 12.40403 1.425635 -4.584787 12.35285 1.510497 -4.589811 12.44511 1.366582 -4.649459 12.42025 1.365099 -4.511104 12.47809 1.351788 -4.759967 12.41406 1.349208 -4.396091 12.59566 1.090982 -4.786058 12.42813 1.071908 -4.322403 12.59686 0.8411489 -4.831254 12.30478 0.8505822 -4.306242 12.00392 0.06852856 -4.712105 12.65936 0.01086976 -4.515687 12.27517 1.580606 -4.628272 12.27003 1.580871 -4.564976 0 0 0 12.57497 0.808852 -4.831482 12.5534 0.773271 -4.818817 12.54785 0.7436193 -4.808887 12.58022 0.7376329 -4.848515 12.58006 0.6958013 -4.856072 12.57819 0.6706088 -4.854771 12.60127 0.7353359 -4.846548 12.60604 0.6868524 -4.841951 12.6054 0.6621807 -4.831096 12.61968 0.7381009 -4.837466 12.62733 0.6957392 -4.831733 12.62779 0.6721379 -4.819201 12.63683 0.7430534 -4.827604 12.64398 0.7082027 -4.823472 12.64602 0.6903287 -4.816902 12.27008 0.8407993 -4.321168 12.2388 0.8264971 -4.34779 12.21942 0.8063272 -4.362823 12.21696 0.7910132 -4.311725 12.18622 0.7618563 -4.315169 12.17062 0.7451928 -4.326076 12.22843 0.7757064 -4.30242 12.2004 0.7364279 -4.310549 12.18919 0.716978 -4.32548 12.24504 0.7635801 -4.299957 12.22292 0.726815 -4.306656 12.21293 0.7064206 -4.320752 12.26276 0.7535801 -4.29858 12.24482 0.7229188 -4.30314 12.23682 0.7070684 -4.310317 0 0 0 0 0 0
56 12.12307 0.9121962 -4.606157 12.14173 0.8921739 -4.704468 12.11489 0.8916542 -4.506535 11.95547 0.4830137 -4.71313 11.9765 0.46432 -4.526812 12.04648 0.09875699 -4.654359 12.29567 0.2249648 -4.511675 12.1162 1.083287 -4.60664 12.11045 1.220463 -4.607224 12.0637 1.448285 -4.619092 12.01095 1.532086 -4.625585 12.10604 1.388168 -4.681939 12.08078 1.390188 -4.543662 12.1381 1.370962 -4.792368 12.07256 1.378399 -4.428285 12.23564 1.102785 -4.825389 12.14655 1.110791 -4.354559 12.21075 0.8540857 -4.869996 12.10141 0.8618853 -4.332898 11.89883 0.01883813 -4.691978 12.27805 0.05466678 -4.494554 11.93163 1.598969 -4.666358 11.92494 1.599391 -4.603208 0 0 0 12.18407 0.8256417 -4.869008 12.15724 0.7929531 -4.858838 12.14673 0.7639317 -4.851354 12.17634 0.755254 -4.888389 12.16865 0.7155431 -4.901464 12.16391 0.6910233 -4.905485 12.19685 0.7496166 -4.888506 12.19399 0.7008319 -4.885981 12.19053 0.6758129 -4.876544 12.2162 0.749091 -4.881153 12.21774 0.7059302 -4.876608 12.21556 0.6824244 -4.864079 12.23474 0.7508862 -4.872844 12.23689 0.7152472 -4.870026 12.2367 0.6971485 -4.863764 12.07503 0.8362678 -4.345932 12.05352 0.8079762 -4.371012 12.04509 0.7806888 -4.384902 12.05134 0.7681672 -4.332104 12.03769 0.7279379 -4.333617 12.03156 0.7056586 -4.343911 12.06877 0.7605037 -4.322608 12.06234 0.7123395 -4.328397 12.06147 0.6896693 -4.342966 12.08914 0.7576322 -4.320295 12.0869 0.7145223 -4.325026 12.08758 0.6914232 -4.338451 12.1095 0.7570966 -4.319206 12.10805 0.7214136 -4.321904 12.10836 0.7033855 -4.328362 0 0 0 0 0 0
57 11.67251 0.9421099 -4.670735 11.68714 0.9219515 -4.769697 11.66717 0.921402 -4.570954 11.61479 0.477035 -4.768851 11.53721 0.4912367 -4.552969 11.74121 0.0993218 -4.729662 11.65569 0.1099317 -4.557545 11.6708 1.11333 -4.670434 11.67112 1.250623 -4.671563 11.63772 1.481077 -4.673824 11.59343 1.569872 -4.674196 11.66797 1.420004 -4.742464 11.66041 1.420286 -4.602088 11.69036 1.396517 -4.854115 11.6704 1.392986 -4.489511 11.719 1.114917 -4.903151 11.7562 1.122635 -4.444002 11.67782 0.8661492 -4.932816 11.75187 0.8699938 -4.419211 11.59905 0.01579871 -4.778852 11.51717 0.0193847 -4.510433 11.51929 1.64652 -4.706722 11.51701 1.644928 -4.643278 0 0 0 11.64593 0.8442506 -4.927729 11.61574 0.8176972 -4.911135 11.60305 0.7907824 -4.900043 11.62167 0.7763756 -4.94166 11.60856 0.7365096 -4.948443 11.59998 0.7128038 -4.946382 11.64041 0.7664247 -4.943093 11.62947 0.7187461 -4.941881 11.62275 0.6938925 -4.933876 11.65982 0.7620642 -4.937344 11.65206 0.7193465 -4.936456 11.64639 0.6943095 -4.929019 11.67903 0.7601876 -4.930734 11.67319 0.7248622 -4.929897 11.66996 0.7062426 -4.926785 11.72674 0.840793 -4.425389 11.7015 0.8103734 -4.44354 11.69537 0.7819366 -4.456278 11.72141 0.7682715 -4.415287 11.71692 0.7261307 -4.418596 11.71178 0.7042055 -4.430117 11.74214 0.7635365 -4.414533 11.7433 0.7160273 -4.426195 11.74135 0.6949866 -4.442942 11.76189 0.7647529 -4.420628 11.76551 0.7225417 -4.430164 11.76509 0.7006055 -4.445425 11.78078 0.7683551 -4.427438 11.78443 0.7336038 -4.435292 11.78526 0.7166401 -4.444144 0 0 0 0 0 0
