Hips LeftUpperLeg RightUpperLeg LeftLowerLeg RightLowerLeg LeftFoot RightFoot Spine Chest Neck Head LeftShoulder RightShoulder LeftUpperArm RightUpperArm LeftLowerArm RightLowerArm LeftHand RightHand LeftToes RightToes LeftEye RightEye Jaw LeftThumbProximal LeftThumbIntermediate LeftThumbDistal LeftIndexProximal LeftIndexIntermediate LeftIndexDistal LeftMiddleProximal LeftMiddleIntermediate LeftMiddleDistal LeftRingProximal LeftRingIntermediate LeftRingDistal LeftLittleProximal LeftLittleIntermediate LeftLittleDistal RightThumbProximal RightThumbIntermediate RightThumbDistal RightIndexProximal RightIndexIntermediate RightIndexDistal RightMiddleProximal RightMiddleIntermediate RightMiddleDistal RightRingProximal RightRingIntermediate RightRingDistal RightLittleProximal RightLittleIntermediate RightLittleDistal UpperChest LastBone
0 7.953864 0.9220884 -5.438764 7.938849 0.8965386 -5.341115 7.960159 0.9067535 -5.539456 8.08988 0.4732272 -5.327914 8.102992 0.4802942 -5.540268 7.809183 0.1932131 -5.374728 7.996766 0.09545501 -5.531453 7.953256 1.093093 -5.430022 7.953243 1.230318 -5.434525 7.984896 1.461001 -5.438081 8.030397 1.549092 -5.434072 7.95298 1.401732 -5.368617 7.964856 1.397943 -5.508642 7.930122 1.382446 -5.256259 7.961265 1.37337 -5.622229 7.891862 1.10253 -5.20424 7.902126 1.097523 -5.676394 7.951334 0.8575298 -5.174258 7.914901 0.8451101 -5.700589 7.869638 0.03435489 -5.348001 8.146162 0.01333489 -5.554744 8.104795 1.624179 -5.398643 8.107834 1.624243 -5.462076 0 0 0 7.98328 0.8361768 -5.181025 8.012397 0.8100266 -5.200003 8.024057 0.7829447 -5.2118 8.009789 0.7690492 -5.167572 8.02589 0.7297103 -5.167097 8.036214 0.7082384 -5.175598 7.991385 0.7587581 -5.164775 8.003037 0.7121862 -5.174249 8.009713 0.6914138 -5.190088 7.971742 0.7539155 -5.169192 7.979953 0.7120361 -5.177227 7.985756 0.6906903 -5.192225 7.952197 0.7515448 -5.174523 7.958319 0.7168074 -5.180729 7.961915 0.6999409 -5.189061 7.939873 0.8163343 -5.692185 7.961198 0.7847714 -5.671189 7.966094 0.7558326 -5.659059 7.950598 0.7452353 -5.707007 7.95768 0.7033529 -5.705358 7.962312 0.6809848 -5.69449 7.930636 0.7398925 -5.712052 7.9306 0.6916108 -5.704091 7.930961 0.6694956 -5.688672 7.91006 0.7398905 -5.709724 7.907076 0.6971025 -5.702931 7.90606 0.6747839 -5.688265 7.890083 0.7422284 -5.706336 7.886899 0.7069122 -5.701304 7.885444 0.6895465 -5.693358 0 0 0 0 0 0
1 8.178559 0.9228216 -5.398279 8.15508 0.8956023 -5.302773 8.193185 0.9093288 -5.498368 8.38109 0.51177 -5.241377 8.222367 0.4592544 -5.490685 8.310722 0.123267 -5.300573 8.063205 0.09178134 -5.483896 8.178983 1.093624 -5.38621 8.1777 1.2308 -5.391879 8.212357 1.460975 -5.38496 8.258824 1.547656 -5.371788 8.16721 1.401074 -5.323883 8.205145 1.39943 -5.459237 8.124901 1.385655 -5.216688 8.225093 1.381459 -5.572364 8.028439 1.117341 -5.181675 8.224493 1.103101 -5.643353 8.048718 0.8670748 -5.144042 8.309143 0.8638884 -5.651865 8.441919 0.04102113 -5.225554 8.214268 0.009412907 -5.484715 8.328083 1.619423 -5.321979 8.342781 1.620019 -5.383756 0 0 0 8.076557 0.839778 -5.145501 8.104046 0.8088376 -5.158875 8.113787 0.7802281 -5.168632 8.086758 0.7690757 -5.128562 8.096346 0.7278001 -5.125181 8.104461 0.7046145 -5.131218 8.066496 0.7626223 -5.129096 8.070939 0.7142984 -5.135386 8.076213 0.6914769 -5.14874 8.047335 0.7616004 -5.136879 8.048328 0.7186216 -5.143019 8.052092 0.6957021 -5.15624 8.028906 0.7629647 -5.145514 8.028973 0.7274415 -5.150075 8.030369 0.7096804 -5.157104 8.338665 0.8454046 -5.634284 8.362095 0.822199 -5.605923 8.373486 0.7965177 -5.591115 8.378952 0.7844557 -5.641492 8.401419 0.7486796 -5.636763 8.411345 0.7285206 -5.625146 8.365201 0.7727481 -5.65273 8.381475 0.7273685 -5.644343 8.385834 0.7050822 -5.629807 8.34653 0.7651524 -5.657475 8.358039 0.7237649 -5.651113 8.361137 0.7009084 -5.637612 8.327173 0.7598557 -5.661123 8.336302 0.7254874 -5.656858 8.339272 0.7078572 -5.649991 0 0 0 0 0 0
2 8.465101 0.8834759 -5.319445 8.430532 0.8570285 -5.227146 8.490602 0.8693721 -5.417243 8.692536 0.5015862 -5.141937 8.421701 0.425498 -5.437422 8.735442 0.1065132 -5.180941 8.141717 0.1445272 -5.482761 8.467463 1.054279 -5.307608 8.467031 1.19156 -5.309742 8.500567 1.420978 -5.288006 8.545782 1.507243 -5.269025 8.445916 1.359112 -5.237581 8.505472 1.362467 -5.364877 8.386528 1.340834 -5.139308 8.543551 1.350337 -5.474062 8.266809 1.079844 -5.147935 8.571224 1.075409 -5.552626 8.256102 0.8299363 -5.104434 8.69904 0.8566282 -5.536549 8.873358 0.05016745 -5.094861 8.247122 0.01047576 -5.459845 8.60807 1.578666 -5.210311 8.630626 1.579558 -5.269669 0 0 0 8.276984 0.7974436 -5.098917 8.300874 0.7616642 -5.105315 8.308213 0.7317832 -5.113178 8.267135 0.7263963 -5.083262 8.266288 0.6845114 -5.076054 8.26941 0.6594458 -5.077413 8.247108 0.7242775 -5.090112 8.243784 0.6758119 -5.095989 8.247402 0.6513765 -5.106795 8.231384 0.7271466 -5.103276 8.225215 0.6849071 -5.111255 8.228012 0.6616625 -5.124144 8.21708 0.732186 -5.116917 8.210951 0.6974309 -5.123016 8.210624 0.6797036 -5.130259 8.728374 0.8475285 -5.512487 8.751084 0.8323584 -5.478636 8.766236 0.8117096 -5.459857 8.785141 0.8011675 -5.508243 8.815592 0.7737467 -5.496936 8.828396 0.7574399 -5.482443 8.777976 0.786007 -5.52133 8.804697 0.7475425 -5.507154 8.812124 0.7276439 -5.490545 8.763688 0.7732881 -5.529261 8.784849 0.7370203 -5.518183 8.79121 0.7161531 -5.502744 8.74787 0.7625578 -5.536381 8.765398 0.7323465 -5.528461 8.771761 0.7163494 -5.520068 0 0 0 0 0 0
3 8.793821 0.9152462 -5.190066 8.747724 0.8946962 -5.101374 8.830619 0.8951576 -5.283104 8.913101 0.4789047 -5.05727 8.980916 0.4758469 -5.221728 8.837946 0.09892162 -5.153992 8.697362 0.2158467 -5.328439 8.798802 1.086381 -5.18736 8.801669 1.223599 -5.183619 8.838874 1.451981 -5.157411 8.885556 1.536613 -5.134948 8.781786 1.390399 -5.109396 8.8447 1.394569 -5.235042 8.720339 1.371302 -5.012555 8.885972 1.384107 -5.343235 8.629223 1.098916 -5.007332 8.843256 1.115784 -5.436515 8.655259 0.8513047 -4.957621 8.885504 0.8656664 -5.447329 8.967132 0.01858243 -5.073606 8.740495 0.05022552 -5.346169 8.947659 1.604373 -5.071859 8.973374 1.605105 -5.12992 0 0 0 8.683441 0.8249988 -4.951619 8.714691 0.7948023 -4.953478 8.728838 0.7665997 -4.957087 8.691509 0.7554817 -4.929436 8.699854 0.7167247 -4.914097 8.706308 0.6928291 -4.908879 8.672039 0.7482808 -4.934077 8.679667 0.6999462 -4.934382 8.687529 0.6753079 -4.942004 8.655097 0.7462404 -4.945807 8.658121 0.7031235 -4.950007 8.665189 0.6800392 -4.961472 8.638994 0.7465734 -4.958323 8.640423 0.710895 -4.961096 8.643594 0.6929417 -4.966965 8.906503 0.8393556 -5.427604 8.918703 0.8094807 -5.398441 8.921831 0.7813222 -5.384092 8.93298 0.7713407 -5.435528 8.945672 0.7310218 -5.431024 8.948488 0.70842 -5.420019 8.919273 0.7641699 -5.45013 8.923332 0.7157677 -5.44419 8.919657 0.6925343 -5.431012 8.900576 0.7616352 -5.45866 8.900903 0.718371 -5.454924 8.895957 0.6948757 -5.443186 8.881528 0.7614023 -5.465952 8.881783 0.7256312 -5.464204 8.879341 0.7074179 -5.458807 0 0 0 0 0 0
4 9.195194 0.9190054 -5.0151 9.134155 0.9008798 -4.935354 9.246111 0.8968839 -5.100726 9.117481 0.4579152 -4.859974 9.438341 0.4960483 -5.033222 9.051413 0.1049761 -5.0345 9.348299 0.109241 -4.992442 9.206745 1.089804 -5.011408 9.205446 1.225986 -4.993975 9.244612 1.454443 -4.971553 9.288445 1.54112 -4.951253 9.190142 1.393369 -4.919981 9.245958 1.39646 -5.048966 9.129965 1.369946 -4.823292 9.273347 1.376455 -5.160179 9.071054 1.090522 -4.792068 9.220913 1.114484 -5.265749 9.08057 0.838885 -4.759684 9.25375 0.8674887 -5.31449 9.079526 0.00221736 -4.899387 9.488672 0.0382706 -5.062183 9.360457 1.617628 -4.913982 9.364595 1.618247 -4.977349 0 0 0 9.111127 0.815277 -4.754095 9.143963 0.7878248 -4.761839 9.157957 0.7600572 -4.768296 9.12615 0.7479189 -4.729055 9.138018 0.7074344 -4.723839 9.149325 0.6856368 -4.729912 9.107118 0.7389455 -4.732167 9.117306 0.6911183 -4.733973 9.127228 0.6687095 -4.745214 9.089778 0.7349303 -4.74275 9.096855 0.6921312 -4.744751 9.105536 0.6691073 -4.755182 9.073032 0.7333025 -4.754283 9.077982 0.6980059 -4.757797 9.082829 0.6807405 -4.764523 9.281725 0.8417582 -5.305684 9.304737 0.8112382 -5.284929 9.31082 0.7815145 -5.275543 9.304136 0.7745064 -5.324783 9.316181 0.733766 -5.326252 9.322454 0.711076 -5.316996 9.285759 0.7669671 -5.332394 9.291441 0.7185443 -5.328215 9.293209 0.6954025 -5.314493 9.265278 0.7639206 -5.332346 9.268415 0.7206662 -5.330092 9.269544 0.6967164 -5.318286 9.244939 0.7631646 -5.330998 9.246868 0.7274493 -5.329161 9.247409 0.709344 -5.322938 0 0 0 0 0 0
5 9.411271 0.9246023 -4.97099 9.403498 0.900434 -4.872151 9.410444 0.9077873 -5.071639 9.483492 0.4684298 -4.776492 9.536007 0.4756998 -5.075834 9.226631 0.1793187 -4.875628 9.435799 0.09291907 -5.020441 9.40997 1.095712 -4.964728 9.4109 1.232864 -4.958454 9.444998 1.46321 -4.955757 9.494545 1.54912 -4.959085 9.423968 1.400681 -4.885015 9.412765 1.403979 -5.025107 9.413519 1.372217 -4.772768 9.384678 1.375759 -5.134347 9.374122 1.091173 -4.728209 9.303001 1.104664 -5.182926 9.389565 0.8387498 -4.705743 9.314774 0.8542366 -5.223028 9.266132 0.01280471 -4.8578 9.544744 0.0154502 -5.128767 9.574797 1.625659 -4.947696 9.558937 1.625093 -5.009186 0 0 0 9.419516 0.8143148 -4.711046 9.448526 0.787486 -4.729223 9.459543 0.7603046 -4.741403 9.438072 0.744559 -4.697646 9.449093 0.7035563 -4.699726 9.457191 0.6820545 -4.710308 9.418566 0.73619 -4.696248 9.426754 0.6886821 -4.704642 9.43267 0.666907 -4.719401 9.398853 0.7334992 -4.701991 9.404465 0.6910479 -4.709221 9.409585 0.6686819 -4.722925 9.379551 0.7332731 -4.708578 9.383315 0.6983789 -4.715714 9.386074 0.6814368 -4.724209 9.343443 0.8279247 -5.225863 9.37428 0.7987269 -5.216463 9.384202 0.7695242 -5.208891 9.353913 0.7584117 -5.247031 9.362965 0.7169338 -5.249188 9.372576 0.6951403 -5.240669 9.334045 0.7512149 -5.244589 9.340668 0.703126 -5.238416 9.348566 0.6815194 -5.224354 9.315903 0.749176 -5.234819 9.319944 0.7061691 -5.230355 9.326571 0.6832578 -5.218295 9.298507 0.7495098 -5.224174 9.301381 0.7140762 -5.219828 9.304937 0.6966467 -5.21273 0 0 0 0 0 0
6 9.486977 0.9410809 -4.950752 9.516384 0.9175467 -4.85591 9.449436 0.9235273 -5.044005 9.621405 0.4801267 -4.855349 9.523028 0.4796287 -5.080306 9.492794 0.1044064 -4.812539 9.429611 0.09365048 -5.026015 9.485855 1.112207 -4.944911 9.486281 1.249467 -4.941725 9.51791 1.480079 -4.948607 9.562696 1.566719 -4.966887 9.52166 1.417011 -4.87536 9.46508 1.420932 -5.003991 9.549467 1.387313 -4.766441 9.402947 1.392254 -5.097989 9.543837 1.104363 -4.717141 9.318571 1.118732 -5.122278 9.57678 0.852734 -4.709505 9.326009 0.8690147 -5.167516 9.64112 0.02440574 -4.847242 9.519807 0.01523443 -5.149793 9.642991 1.643844 -4.972624 9.614868 1.642743 -5.029552 0 0 0 9.601198 0.8285676 -4.727998 9.619789 0.8029299 -4.757813 9.624228 0.7765802 -4.774975 9.621251 0.7579449 -4.727612 9.628794 0.7171301 -4.736794 9.630981 0.6964846 -4.751245 9.603708 0.7496049 -4.718945 9.606438 0.7028933 -4.733265 9.605274 0.6823007 -4.75063 9.583279 0.74743 -4.716353 9.584435 0.7056745 -4.728228 9.583056 0.6844634 -4.744429 9.562963 0.7477706 -4.714546 9.563111 0.713488 -4.724909 9.56205 0.697161 -4.734864 9.353599 0.8435072 -5.178024 9.387135 0.8158098 -5.17784 9.399994 0.7871602 -5.173107 9.360104 0.7737291 -5.199899 9.369602 0.7324391 -5.203353 9.382168 0.7113745 -5.197167 9.342083 0.7660128 -5.19164 9.352101 0.718399 -5.186438 9.364649 0.697655 -5.17464 9.327641 0.7637253 -5.176978 9.334604 0.7210417 -5.173044 9.345407 0.6987575 -5.162996 9.314077 0.7638578 -5.161745 9.319651 0.72872 -5.157627 9.325892 0.7116901 -5.151475 0 0 0 0 0 0
7 9.536293 0.9402286 -4.946473 9.581882 0.9165634 -4.858295 9.48085 0.9233686 -5.03047 9.639051 0.4728989 -4.915347 9.574978 0.4876899 -5.103311 9.524368 0.0917178 -4.872073 9.505358 0.09344735 -5.080102 9.545391 1.11121 -4.945053 9.567286 1.246632 -4.939374 9.613113 1.474372 -4.955623 9.651867 1.560988 -4.984644 9.62848 1.410809 -4.884346 9.545189 1.419513 -4.99726 9.679484 1.380232 -4.784435 9.464005 1.398125 -5.077698 9.664853 1.098339 -4.731093 9.35907 1.131198 -5.093868 9.673394 0.8446398 -4.726133 9.340219 0.8841588 -5.14934 9.627514 0.02796265 -4.994144 9.614751 0.01456138 -5.186944 9.729586 1.638297 -5.004927 9.693115 1.635262 -5.056826 0 0 0 9.688747 0.8185455 -4.750743 9.695225 0.7918108 -4.784434 9.691811 0.7655089 -4.801903 9.700689 0.7462722 -4.755616 9.700854 0.7051317 -4.766315 9.696507 0.6847474 -4.780649 9.685678 0.7395537 -4.742126 9.679333 0.6931764 -4.756389 9.671071 0.6732441 -4.772556 9.666782 0.7393892 -4.73366 9.660212 0.698034 -4.745168 9.65205 0.6774942 -4.760194 9.648024 0.7417323 -4.725998 9.641858 0.7078401 -4.735795 9.636402 0.6919156 -4.744931 9.364153 0.8583775 -5.166216 9.395976 0.8297836 -5.174054 9.408372 0.8005548 -5.173287 9.363422 0.7896153 -5.191926 9.370389 0.7482549 -5.19884 9.383131 0.7265791 -5.196069 9.347094 0.7820501 -5.180586 9.356075 0.733961 -5.179459 9.369916 0.7123329 -5.171236 9.335749 0.7794746 -5.163455 9.341699 0.7364618 -5.162849 9.353408 0.713395 -5.156136 9.325475 0.7792591 -5.145836 9.330423 0.7438166 -5.144415 9.337116 0.7263355 -5.140361 0 0 0 0 0 0
8 9.532402 0.9440027 -4.898715 9.595356 0.9175379 -4.822886 9.456941 0.931335 -4.966234 9.62837 0.4702894 -4.88814 9.492601 0.5070792 -5.115207 9.517785 0.08340051 -4.88653 9.446419 0.111082 -5.077091 9.558419 1.113012 -4.907571 9.602669 1.24281 -4.914305 9.65995 1.46447 -4.956908 9.683455 1.553724 -4.993346 9.695675 1.399905 -4.894363 9.576326 1.416845 -4.966694 9.783283 1.366258 -4.825726 9.466475 1.406153 -5.003259 9.76029 1.087197 -4.761539 9.335436 1.151444 -4.981467 9.742186 0.8343298 -4.747723 9.269073 0.911831 -5.032872 9.651043 0.02287485 -4.976996 9.428639 0.04558101 -5.235201 9.727745 1.632532 -5.058585 9.664925 1.634783 -5.067606 0 0 0 9.741686 0.8068414 -4.775407 9.728982 0.7792465 -4.806535 9.715822 0.7530325 -4.81871 9.745415 0.7338224 -4.782049 9.737862 0.6926399 -4.789396 9.725799 0.6724232 -4.798651 9.738771 0.7284175 -4.762579 9.723544 0.682438 -4.769545 9.707226 0.6629221 -4.778478 9.726642 0.7297693 -4.74585 9.712884 0.688851 -4.750571 9.69719 0.6687394 -4.758539 9.714375 0.7336003 -4.73001 9.702253 0.7001151 -4.733817 9.6921 0.6844926 -4.738251 9.278641 0.8859321 -5.060439 9.299156 0.8558851 -5.084274 9.307054 0.8258632 -5.090974 9.257887 0.8199619 -5.085077 9.256027 0.7789602 -5.096141 9.266078 0.7562454 -5.100925 9.24854 0.8126612 -5.067419 9.251652 0.7641258 -5.072816 9.265327 0.7408983 -5.073442 9.24689 0.8094325 -5.047031 9.247665 0.7662133 -5.051198 9.258583 0.7418378 -5.052146 9.246661 0.8084252 -5.02666 9.247808 0.7727276 -5.029315 9.253698 0.7545109 -5.02984 0 0 0 0 0 0
9 9.571903 0.9385689 -4.904563 9.66995 0.9135979 -4.891256 9.471127 0.9228907 -4.908018 9.65876 0.4639611 -4.930443 9.394455 0.4904431 -5.007496 9.523963 0.09742119 -4.840027 9.411974 0.1038743 -4.90686 9.580236 1.109547 -4.908612 9.602707 1.244774 -4.916326 9.619669 1.473429 -4.957056 9.615974 1.560898 -5.003767 9.686823 1.406678 -4.937268 9.547917 1.420015 -4.92024 9.797211 1.370538 -4.932085 9.439313 1.400955 -4.883357 9.821656 1.088727 -4.882005 9.360888 1.133261 -4.814707 9.829319 0.8350772 -4.873999 9.290463 0.8920156 -4.850786 9.664108 0.01747598 -4.899802 9.282301 0.02397206 -4.986895 9.616087 1.637064 -5.085174 9.558711 1.639637 -5.058076 0 0 0 9.818577 0.8076189 -4.89955 9.795471 0.7788959 -4.922635 9.780484 0.751536 -4.928586 9.825031 0.7352659 -4.91019 9.818497 0.6935408 -4.915021 9.805326 0.6722468 -4.918623 9.828484 0.7292905 -4.890069 9.815741 0.6820604 -4.89127 9.79889 0.6610559 -4.892621 9.825253 0.7295201 -4.869617 9.814402 0.6874722 -4.869275 9.798595 0.6659368 -4.870074 9.821284 0.7322035 -4.84979 9.811666 0.6977122 -4.849063 9.801992 0.6811827 -4.849045 9.282674 0.8697618 -4.881872 9.286032 0.8445768 -4.917174 9.289911 0.8164511 -4.931403 9.255079 0.8036886 -4.89808 9.249245 0.7637534 -4.911427 9.255588 0.7429911 -4.924412 9.258922 0.7939066 -4.879587 9.260914 0.7467522 -4.89251 9.272686 0.7256456 -4.904464 9.270269 0.7889556 -4.862988 9.270856 0.7466559 -4.872799 9.280315 0.7240735 -4.883514 9.2826 0.7863886 -4.846944 9.283968 0.7514579 -4.854733 9.28936 0.734269 -4.861236 0 0 0 0 0 0
10 9.566404 0.9482532 -4.945241 9.652284 0.927171 -4.996172 9.484976 0.9282922 -4.887064 9.610163 0.4816194 -5.053024 9.412926 0.4825797 -4.919278 9.657501 0.1009395 -4.93773 9.467075 0.09234931 -4.839806 9.568157 1.119471 -4.944314 9.571663 1.256722 -4.943542 9.557489 1.488002 -4.966745 9.533444 1.579034 -4.99807 9.628407 1.425681 -4.987812 9.514906 1.427046 -4.904876 9.729172 1.396632 -5.038022 9.436604 1.392996 -4.825958 9.777437 1.113555 -5.045835 9.443955 1.115827 -4.750813 9.785952 0.8623608 -5.081746 9.411713 0.864009 -4.747878 9.620852 0.01610418 -5.082868 9.333445 0.01227327 -4.912853 9.515295 1.660116 -5.072399 9.464207 1.658353 -5.034719 0 0 0 9.76363 0.8388674 -5.103474 9.73245 0.8120527 -5.117635 9.716127 0.7849129 -5.120004 9.761337 0.7692149 -5.126562 9.760361 0.7279219 -5.13661 9.753855 0.7036617 -5.139609 9.773207 0.760317 -5.111317 9.768779 0.7119049 -5.116899 9.760916 0.6861147 -5.116835 9.779545 0.7573121 -5.091834 9.776916 0.7142431 -5.096734 9.770702 0.6882535 -5.097184 9.785055 0.7568064 -5.072201 9.78253 0.7212343 -5.075508 9.780016 0.7022611 -5.076221 9.397161 0.8372229 -4.772229 9.391123 0.8096579 -4.805327 9.395994 0.7818555 -4.819883 9.38464 0.7649421 -4.775139 9.384142 0.7233174 -4.783751 9.388975 0.7028133 -4.797754 9.398971 0.758553 -4.760777 9.408022 0.7118547 -4.772261 9.418472 0.6922596 -4.787551 9.417477 0.7585016 -4.751485 9.425631 0.7165126 -4.758988 9.435272 0.6950431 -4.77165 9.435905 0.7609295 -4.743089 9.44338 0.7264435 -4.749216 9.449806 0.7099006 -4.756416 0 0 0 0 0 0
11 9.570575 0.9476078 -4.949074 9.656383 0.9280912 -5.000743 9.489712 0.9260492 -4.890678 9.62046 0.4822706 -5.063135 9.384091 0.4928426 -4.948591 9.651601 0.09801897 -4.952862 9.498157 0.1277763 -4.834109 9.570446 1.118811 -4.946092 9.569262 1.256091 -4.944163 9.548053 1.486839 -4.967292 9.524472 1.575813 -5.004359 9.621644 1.426998 -4.986273 9.505637 1.424291 -4.906916 9.724478 1.399257 -5.032901 9.426241 1.391657 -4.828493 9.785494 1.118551 -5.034996 9.423754 1.111975 -4.762958 9.794717 0.8680159 -5.075094 9.395312 0.8598347 -4.754175 9.622608 0.01886644 -5.10286 9.370657 0.02226373 -4.881185 9.514798 1.654718 -5.082518 9.460084 1.654385 -5.050283 0 0 0 9.773502 0.8441277 -5.097489 9.742502 0.8179117 -5.113096 9.72616 0.7907881 -5.115507 9.771965 0.7739207 -5.1189 9.767733 0.7323959 -5.12695 9.757566 0.7093023 -5.128736 9.782848 0.7653357 -5.102766 9.774297 0.7172222 -5.105309 9.762062 0.6932773 -5.103331 9.788013 0.7627896 -5.082875 9.782057 0.7198256 -5.084992 9.77186 0.6951638 -5.083554 9.792364 0.7627518 -5.062947 9.787189 0.7273256 -5.063896 9.781866 0.7089455 -5.063087 9.380552 0.8336551 -4.779055 9.375284 0.8061637 -4.812346 9.379055 0.778339 -4.827183 9.363638 0.7622715 -4.781898 9.363646 0.7210662 -4.792346 9.369829 0.7016365 -4.807317 9.376656 0.755209 -4.766629 9.38516 0.7087622 -4.779469 9.396455 0.6904081 -4.795671 9.394535 0.7541316 -4.756239 9.402653 0.7124738 -4.765436 9.413395 0.6927188 -4.779881 9.412551 0.7555192 -4.746777 9.419831 0.7212148 -4.754049 9.426851 0.7055507 -4.762545 0 0 0 0 0 0
12 9.558099 0.9491659 -4.944764 9.647303 0.9290808 -4.990073 9.47323 0.9282122 -4.892115 9.617608 0.4837073 -5.057988 9.382711 0.491751 -4.951162 9.642656 0.09938904 -4.946712 9.477667 0.1236055 -4.829328 9.558256 1.120385 -4.942967 9.557314 1.25768 -4.94247 9.537898 1.488209 -4.969091 9.516156 1.576392 -5.009059 9.612658 1.428234 -4.982156 9.491196 1.426174 -4.911408 9.718477 1.399984 -5.021179 9.406247 1.395263 -4.838287 9.779891 1.119401 -5.016206 9.394912 1.115127 -4.775691 9.79184 0.8686716 -5.05432 9.36446 0.8632421 -4.766346 9.619118 0.01974871 -5.097405 9.348615 0.0256004 -4.887169 9.508097 1.654957 -5.087742 9.453054 1.655362 -5.056073 0 0 0 9.772806 0.8443292 -5.07814 9.743034 0.8182544 -5.096183 9.726907 0.7911016 -5.099534 9.773406 0.7737739 -5.098423 9.766337 0.7324033 -5.105171 9.753087 0.7109048 -5.106626 9.782806 0.7655013 -5.081228 9.770639 0.718114 -5.082204 9.754662 0.6965343 -5.079765 9.786154 0.7633044 -5.060912 9.77704 0.7208458 -5.061182 9.763023 0.6981972 -5.058986 9.788682 0.7636124 -5.040674 9.781017 0.728632 -5.040123 9.772974 0.7113196 -5.038569 9.351967 0.836787 -4.792159 9.349936 0.8090747 -4.825621 9.35502 0.7812693 -4.840098 9.335304 0.7653764 -4.795718 9.337984 0.724456 -4.806914 9.346708 0.7060601 -4.821927 9.346891 0.7584842 -4.779264 9.357906 0.7126008 -4.792222 9.371534 0.6956921 -4.808201 9.363765 0.7575225 -4.7673 9.374117 0.7164255 -4.776773 9.387192 0.698279 -4.791401 9.380859 0.7590153 -4.756273 9.389908 0.7251583 -4.763657 9.39849 0.7104362 -4.772399 0 0 0 0 0 0
13 9.544236 0.9515319 -4.948302 9.63634 0.9310684 -4.987183 9.455913 0.9310118 -4.901489 9.616447 0.4852431 -5.056442 9.400474 0.4857005 -4.949493 9.64768 0.1005125 -4.947828 9.464474 0.103178 -4.848717 9.544426 1.12276 -4.947789 9.543716 1.260055 -4.947157 9.527741 1.490705 -4.975 9.510589 1.579455 -5.015932 9.6028 1.430211 -4.982973 9.476807 1.429011 -4.920628 9.710854 1.401604 -5.014978 9.386837 1.398141 -4.853762 9.77121 1.12088 -5.006368 9.372816 1.117851 -4.79241 9.787585 0.8699673 -5.041518 9.343519 0.8656732 -4.789427 9.62426 0.02057382 -5.098381 9.342409 0.01891943 -4.935928 9.503838 1.658458 -5.094299 9.448992 1.659968 -5.062322 0 0 0 9.770355 0.8452234 -5.06628 9.741785 0.8189738 -5.085938 9.725978 0.7917431 -5.090085 9.772949 0.7745065 -5.08583 9.764094 0.7334122 -5.092144 9.74901 0.7131721 -5.093787 9.781311 0.7664809 -5.067993 9.766945 0.7197086 -5.068693 9.748744 0.6999261 -5.066607 9.783374 0.7644935 -5.047484 9.772085 0.7225622 -5.047028 9.755565 0.7016627 -5.044899 9.784597 0.765002 -5.027131 9.775155 0.730472 -5.026038 9.765244 0.7141641 -5.024415 9.333071 0.8392376 -4.816153 9.333393 0.8115191 -4.849669 9.339603 0.7836818 -4.863637 9.31716 0.7677398 -4.821124 9.3193 0.7265121 -4.831259 9.328053 0.7071234 -4.844946 9.327585 0.7608581 -4.803906 9.338169 0.7144459 -4.815237 9.351969 0.6961881 -4.829491 9.343566 0.7599555 -4.79077 9.353155 0.718389 -4.798901 9.366114 0.698841 -4.811715 9.359819 0.7615124 -4.778544 9.368338 0.7273182 -4.784938 9.37672 0.7118282 -4.792462 0 0 0 0 0 0
14 9.526436 0.952525 -4.947201 9.62007 0.9317072 -4.982025 9.436079 0.9323482 -4.904279 9.614243 0.4867096 -5.058762 9.402517 0.4832468 -4.950109 9.654633 0.1013344 -4.955616 9.467391 0.09632447 -4.862735 9.527238 1.123751 -4.946714 9.525129 1.26103 -4.945787 9.509937 1.491668 -4.974161 9.494059 1.580658 -5.015089 9.585396 1.431329 -4.978849 9.456775 1.429834 -4.922131 9.694855 1.403348 -5.006312 9.364009 1.397796 -4.859787 9.75457 1.122512 -4.996888 9.352057 1.117634 -4.797423 9.771609 0.8717135 -5.032528 9.326735 0.8650088 -4.797364 9.626637 0.02115282 -5.105257 9.348867 0.0172663 -4.959208 9.490291 1.659529 -5.093788 9.43401 1.660607 -5.064391 0 0 0 9.755398 0.8469564 -5.057955 9.727848 0.8203951 -5.078626 9.712328 0.7931131 -5.083465 9.758904 0.7762671 -5.077461 9.751972 0.7349935 -5.084908 9.738417 0.7138194 -5.087698 9.766597 0.7682414 -5.059327 9.75409 0.7209974 -5.061798 9.737343 0.6998776 -5.061156 9.767879 0.7662367 -5.038756 9.757967 0.7239748 -5.039995 9.742874 0.7019302 -5.039292 9.768324 0.7667259 -5.01837 9.759577 0.7319978 -5.018737 9.750504 0.7151425 -5.0181 9.318308 0.8381442 -4.824374 9.32056 0.8101259 -4.857566 9.32819 0.7823117 -4.870859 9.305302 0.7660868 -4.829699 9.306637 0.7244188 -4.838007 9.314608 0.7036074 -4.849975 9.31532 0.7596379 -4.812077 9.325126 0.7126052 -4.821365 9.338137 0.6924419 -4.833658 9.330816 0.7593659 -4.798344 9.339262 0.7172692 -4.804855 9.351055 0.6957803 -4.815506 9.346525 0.7615598 -4.78552 9.354386 0.727034 -4.790892 9.361982 0.7105498 -4.797007 0 0 0 0 0 0
15 9.509796 0.9524776 -4.937972 9.604548 0.930989 -4.96918 9.417725 0.9329549 -4.898534 9.612495 0.4893349 -5.061558 9.395741 0.4832939 -4.948013 9.657274 0.1033188 -4.963875 9.469617 0.09635254 -4.867179 9.511771 1.123695 -4.937514 9.507204 1.260917 -4.93782 9.492966 1.491232 -4.969149 9.479868 1.580312 -5.010859 9.568733 1.431099 -4.96911 9.437187 1.429708 -4.919547 9.679865 1.404095 -4.990066 9.341332 1.396824 -4.862547 9.738129 1.123103 -4.976949 9.331999 1.117672 -4.795388 9.756207 0.8721853 -5.011216 9.310032 0.8647431 -4.79318 9.641083 0.02435084 -5.115885 9.347569 0.01797172 -4.959732 9.477919 1.659242 -5.089565 9.421024 1.660399 -5.061376 0 0 0 9.741522 0.8473241 -5.037456 9.715708 0.8200597 -5.059412 9.700792 0.7926036 -5.065095 9.746336 0.7766072 -5.056579 9.744008 0.7350352 -5.065145 9.734343 0.7120251 -5.069268 9.753027 0.7686433 -5.038024 9.745193 0.7205572 -5.042593 9.732456 0.6968235 -5.043786 9.753162 0.7666846 -5.01741 9.747166 0.7238132 -5.020871 9.736163 0.6994855 -5.022039 9.752462 0.7672164 -4.997032 9.746373 0.7320003 -4.999362 9.740024 0.7139425 -5.000005 9.303961 0.8370163 -4.81995 9.308466 0.8082489 -4.85226 9.317774 0.7803774 -4.864306 9.294559 0.7643365 -4.824318 9.295555 0.7222459 -4.830184 9.302984 0.7001601 -4.840029 9.304153 0.7586962 -4.80619 9.313775 0.7111656 -4.812732 9.326208 0.6893886 -4.822637 9.319082 0.7594132 -4.791858 9.326801 0.7168909 -4.796117 9.337515 0.693774 -4.804184 9.334145 0.7625865 -4.778476 9.341711 0.7277893 -4.782298 9.348642 0.710501 -4.786756 0 0 0 0 0 0
16 9.494161 0.9513099 -4.925048 9.590964 0.9304061 -4.949661 9.399755 0.9312463 -4.891903 9.610707 0.4916615 -5.052907 9.380329 0.4825599 -4.948709 9.658302 0.1047161 -4.960833 9.457137 0.0958158 -4.870703 9.494919 1.122537 -4.925031 9.490759 1.259727 -4.92856 9.478393 1.48972 -4.962913 9.467702 1.578842 -5.005214 9.554016 1.429604 -4.958006 9.419884 1.428676 -4.915932 9.666279 1.40299 -4.972397 9.321175 1.394873 -4.864623 9.72157 1.121787 -4.952622 9.3084 1.117978 -4.789196 9.743757 0.8703673 -4.980125 9.283529 0.8653405 -4.78515 9.655571 0.0179344 -5.109381 9.338617 0.01678386 -4.967203 9.465548 1.657475 -5.08421 9.408583 1.658454 -5.056158 0 0 0 9.732307 0.8454977 -5.007922 9.709889 0.8171926 -5.032172 9.696816 0.7892205 -5.039604 9.741673 0.7754723 -5.027885 9.745184 0.7342001 -5.03744 9.740162 0.7099803 -5.042738 9.747186 0.7673898 -5.008998 9.745659 0.7189344 -5.015651 9.737864 0.6932911 -5.018588 9.745749 0.7649904 -4.98848 9.745187 0.7219183 -4.993989 9.739094 0.6960544 -4.996851 9.743393 0.7650498 -4.96822 9.741471 0.7295355 -4.97243 9.738502 0.7106987 -4.974211 9.278782 0.8369576 -4.811496 9.284557 0.8073977 -4.842875 9.294592 0.7792183 -4.853543 9.270424 0.764085 -4.814577 9.270414 0.7217553 -4.81848 9.27719 0.6988183 -4.826717 9.279409 0.7589672 -4.795989 9.288327 0.7110304 -4.800118 9.300228 0.688193 -4.808105 9.293789 0.7601897 -4.781139 9.300518 0.7173378 -4.783213 9.310291 0.6931749 -4.789119 9.30831 0.7638488 -4.767289 9.315207 0.7287681 -4.7694 9.321466 0.7109155 -4.772387 0 0 0 0 0 0
17 9.483968 0.934436 -4.927577 9.581393 0.9127117 -4.94879 9.388306 0.9151304 -4.897874 9.585933 0.476683 -5.0661 9.345516 0.4719438 -4.979551 9.650198 0.1016683 -4.939668 9.433113 0.09490582 -4.871297 9.486266 1.105649 -4.927067 9.483394 1.242916 -4.927664 9.468553 1.473248 -4.958587 9.455924 1.56303 -4.998912 9.544841 1.413944 -4.954126 9.410477 1.410821 -4.912905 9.657575 1.389217 -4.96821 9.312243 1.373233 -4.863463 9.72773 1.115138 -4.918391 9.29905 1.088624 -4.826768 9.733215 0.867469 -4.973985 9.26573 0.8512875 -4.910566 9.63266 0.02 -5.090094 9.320821 0.01624294 -4.975257 9.445589 1.642936 -5.075962 9.390827 1.641597 -5.043835 0 0 0 9.720011 0.8482916 -5.005292 9.696146 0.8249151 -5.033145 9.68199 0.7990687 -5.044983 9.726311 0.7827243 -5.037712 9.730953 0.7439016 -5.054394 9.727833 0.720559 -5.063628 9.732164 0.7712485 -5.020786 9.732134 0.7248006 -5.036184 9.72681 0.6994323 -5.043604 9.731323 0.7652643 -5.000979 9.732018 0.7239846 -5.014447 9.728275 0.6985945 -5.021904 9.729639 0.7617698 -4.980955 9.728699 0.7276356 -4.991755 9.727369 0.7092449 -4.996935 9.259943 0.8341196 -4.945121 9.264452 0.8172357 -4.984951 9.273501 0.7940206 -5.004642 9.249058 0.7672652 -4.973437 9.246773 0.7288632 -4.991522 9.252192 0.7097553 -5.007187 9.257902 0.7556685 -4.957953 9.264742 0.7116299 -4.97816 9.275505 0.6922099 -4.993456 9.272348 0.7511468 -4.943824 9.27704 0.7111672 -4.960117 9.285411 0.6896796 -4.973626 9.287018 0.7492514 -4.929779 9.292239 0.7165869 -4.943507 9.297467 0.7003253 -4.952169 0 0 0 0 0 0
18 9.503171 0.8052278 -4.896612 9.602387 0.7946127 -4.875232 9.407727 0.7768836 -4.899184 9.545254 0.4305019 -5.136755 9.273016 0.3899889 -5.091701 9.645811 0.0983509 -4.935319 9.428019 0.09349694 -4.868988 9.494173 0.9715553 -4.936279 9.475451 1.078968 -5.019724 9.465431 1.247545 -5.18007 9.482251 1.304387 -5.259646 9.506119 1.244832 -5.092355 9.405804 1.173891 -5.160668 9.576091 1.286645 -5.009443 9.323495 1.101042 -5.180558 9.737188 1.091493 -4.873477 9.27659 0.8860968 -5.36528 9.73795 0.8668563 -4.991792 9.235337 0.6975783 -5.530263 9.628163 0.01764365 -5.08625 9.316027 0.01433792 -4.972897 9.531573 1.346149 -5.350485 9.476398 1.321254 -5.369691 0 0 0 9.720547 0.8558375 -5.024927 9.692818 0.8399833 -5.054449 9.676441 0.8178303 -5.07025 9.720565 0.7998165 -5.072377 9.722219 0.7659041 -5.097955 9.717577 0.7453088 -5.111889 9.727844 0.7845743 -5.059448 9.724785 0.7429405 -5.084978 9.718184 0.7199253 -5.097375 9.729017 0.7740535 -5.041651 9.727196 0.736982 -5.064196 9.722246 0.7139425 -5.076802 9.729476 0.7659077 -5.022957 9.726746 0.7351447 -5.041091 9.724701 0.7184005 -5.050161 9.241222 0.7153468 -5.564496 9.258919 0.731438 -5.600824 9.271347 0.7318477 -5.630047 9.230152 0.7040873 -5.636193 9.23839 0.6994052 -5.677633 9.256151 0.7004257 -5.695616 9.229245 0.6828361 -5.636071 9.24511 0.6733935 -5.681389 9.266512 0.6733286 -5.697786 9.235271 0.6638359 -5.630461 9.247286 0.6530678 -5.670779 9.266747 0.6518724 -5.689056 9.24205 0.6462181 -5.622733 9.253796 0.6372922 -5.655369 9.266277 0.635325 -5.669761 0 0 0 0 0 0
19 9.519239 0.7815722 -4.900271 9.617556 0.7777216 -4.873203 9.426063 0.7483767 -4.904521 9.544127 0.4231778 -5.143855 9.271538 0.3755651 -5.109625 9.643305 0.09634598 -4.933038 9.424606 0.09250238 -4.868775 9.505225 0.9428841 -4.955961 9.486705 1.037579 -5.053638 9.479536 1.183552 -5.234939 9.500579 1.232735 -5.318513 9.509745 1.195861 -5.143875 9.425326 1.106697 -5.212327 9.565641 1.254508 -5.060479 9.354078 1.024305 -5.230863 9.751377 1.095895 -4.90926 9.288017 0.8252739 -5.427194 9.752904 0.8671536 -5.019422 9.229876 0.6508809 -5.602315 9.625371 0.01598807 -5.084121 9.312901 0.01286712 -4.972626 9.557146 1.26899 -5.407475 9.507415 1.236363 -5.429727 0 0 0 9.732683 0.8536133 -5.049918 9.702507 0.8355445 -5.075506 9.684948 0.8122219 -5.088009 9.728889 0.7941281 -5.092777 9.72835 0.7581475 -5.115408 9.722448 0.7364612 -5.127016 9.737423 0.7799275 -5.079436 9.7323 0.7362271 -5.100849 9.724636 0.7122432 -5.110493 9.740274 0.7707998 -5.061069 9.73681 0.7318667 -5.079991 9.730841 0.7078046 -5.089974 9.742476 0.7641078 -5.041926 9.738747 0.7318157 -5.05696 9.73616 0.71431 -5.064286 9.239771 0.6724957 -5.633252 9.261651 0.689096 -5.666979 9.281244 0.6977639 -5.690422 9.233008 0.6722417 -5.706355 9.266769 0.6733806 -5.732162 9.287729 0.6722093 -5.718048 9.230237 0.651361 -5.709316 9.270054 0.6524026 -5.737742 9.290988 0.6542268 -5.720848 9.234152 0.6312799 -5.70612 9.267632 0.6279055 -5.733573 9.288614 0.6323081 -5.717617 9.238781 0.6121998 -5.70059 9.26893 0.6098371 -5.719777 9.286022 0.6131922 -5.711812 0 0 0 0 0 0
20 9.549109 0.7840737 -4.909388 9.648479 0.7770052 -4.887267 9.454752 0.7528733 -4.911332 9.562548 0.4213902 -5.152816 9.287691 0.3828443 -5.111856 9.641254 0.09575232 -4.931732 9.421764 0.09197333 -4.868821 9.535604 0.9486622 -4.954638 9.511467 1.050587 -5.043405 9.491625 1.209303 -5.212654 9.502048 1.260849 -5.296801 9.532673 1.213655 -5.125173 9.43623 1.133648 -5.188893 9.600562 1.263605 -5.045082 9.358083 1.055964 -5.20443 9.783673 1.08678 -4.911942 9.297956 0.8259776 -5.36572 9.772643 0.8662055 -5.037184 9.246382 0.640126 -5.530826 9.623644 0.01578649 -5.083061 9.310575 0.01184305 -4.972847 9.555311 1.307778 -5.382761 9.509052 1.271989 -5.407504 0 0 0 9.751002 0.8556702 -5.067891 9.71945 0.8404248 -5.093656 9.700949 0.8185601 -5.107376 9.744451 0.8002008 -5.115536 9.741835 0.7660702 -5.14074 9.734547 0.7455298 -5.15358 9.753238 0.7847688 -5.103827 9.745974 0.7429035 -5.128097 9.736942 0.7199503 -5.138985 9.756638 0.7740369 -5.086447 9.751429 0.7366695 -5.10795 9.744118 0.7135872 -5.119265 9.759462 0.7656735 -5.068059 9.754597 0.7346035 -5.085196 9.751217 0.7177262 -5.093595 9.251783 0.6617596 -5.562842 9.268572 0.6780009 -5.599532 9.285706 0.6869871 -5.624717 9.234669 0.6615704 -5.634234 9.267116 0.6625322 -5.66168 9.287416 0.6605507 -5.646718 9.231487 0.6406939 -5.636786 9.26946 0.6424297 -5.667601 9.289782 0.6436578 -5.649924 9.235802 0.6206075 -5.634194 9.267465 0.6176801 -5.663771 9.287607 0.6220828 -5.646767 9.241157 0.6015199 -5.629395 9.270239 0.599651 -5.650213 9.286955 0.6032661 -5.641592 0 0 0 0 0 0
21 9.571809 0.8179954 -4.929294 9.67243 0.801248 -4.926368 9.47529 0.7941595 -4.91817 9.584286 0.4228282 -5.157434 9.313772 0.4087063 -5.09282 9.637945 0.096347 -4.930182 9.418676 0.09219422 -4.867963 9.565843 0.987772 -4.950733 9.537107 1.104946 -5.016272 9.503012 1.290714 -5.152497 9.503556 1.353676 -5.22919 9.564197 1.275348 -5.079168 9.44344 1.219706 -5.124824 9.656619 1.302468 -5.014043 9.350329 1.156586 -5.128813 9.815033 1.083419 -4.916854 9.316065 0.8835314 -5.211216 9.791832 0.8641126 -5.04266 9.286974 0.7150722 -5.398928 9.620405 0.01659682 -5.081633 9.307737 0.01192286 -4.972146 9.547567 1.410184 -5.31462 9.494466 1.382979 -5.336369 0 0 0 9.769472 0.8542832 -5.073086 9.736903 0.8404836 -5.098396 9.717101 0.8194867 -5.111647 9.759636 0.7984976 -5.119786 9.754336 0.7639809 -5.144026 9.745213 0.743731 -5.156133 9.767635 0.7827986 -5.10787 9.757283 0.7408515 -5.130843 9.746255 0.718366 -5.14083 9.770545 0.7721772 -5.090334 9.762688 0.734624 -5.110678 9.753378 0.7118496 -5.121115 9.773016 0.7639678 -5.071826 9.766131 0.7327471 -5.087967 9.761412 0.7159 -5.095759 9.28545 0.7340892 -5.432961 9.294998 0.7483333 -5.472934 9.3073 0.756466 -5.50106 9.258242 0.7258841 -5.500653 9.286107 0.7272012 -5.532727 9.308448 0.7283857 -5.520922 9.256845 0.7046632 -5.501073 9.289581 0.7069345 -5.537374 9.312012 0.7115527 -5.523145 9.263495 0.6853558 -5.497639 9.29067 0.6825559 -5.531396 9.312506 0.69025 -5.518044 9.27139 0.6673325 -5.492265 9.297188 0.666153 -5.517078 9.314522 0.6720019 -5.511406 0 0 0 0 0 0
22 9.583035 0.8515189 -4.953086 9.679626 0.8263317 -4.97429 9.48837 0.8350976 -4.922624 9.597872 0.4229886 -5.161248 9.338856 0.4332502 -5.068669 9.634644 0.09747603 -4.929363 9.414927 0.09386095 -4.866744 9.59042 1.022538 -4.957232 9.55372 1.152232 -4.983379 9.492515 1.363948 -5.058609 9.471508 1.440553 -5.118081 9.576263 1.329848 -5.024257 9.440794 1.292742 -5.018468 9.69061 1.336934 -5.004429 9.345023 1.238463 -4.988845 9.820914 1.091123 -4.932866 9.35341 0.9517022 -4.97398 9.802608 0.8606615 -5.037809 9.340622 0.7614433 -5.141606 9.616369 0.01775064 -5.08074 9.303717 0.01407393 -4.971009 9.481638 1.511249 -5.203684 9.420883 1.492797 -5.202557 0 0 0 9.781048 0.8477565 -5.067657 9.749008 0.8316132 -5.092247 9.729418 0.8094364 -5.103778 9.772289 0.7874539 -5.108604 9.766386 0.750519 -5.128803 9.756466 0.7293868 -5.138545 9.779911 0.7730644 -5.094918 9.768867 0.7289619 -5.113014 9.756874 0.7059447 -5.120318 9.78231 0.7643082 -5.076307 9.773879 0.7247857 -5.092206 9.763575 0.7013512 -5.099881 9.784251 0.7580517 -5.056991 9.777021 0.7252505 -5.069421 9.771681 0.7077726 -5.075149 9.332417 0.7685065 -5.17909 9.336197 0.773418 -5.222141 9.343977 0.7758163 -5.252838 9.308434 0.7332941 -5.238879 9.331959 0.7325421 -5.274278 9.353882 0.743979 -5.268943 9.3141 0.7135044 -5.233521 9.342268 0.7133622 -5.273535 9.363432 0.7286029 -5.266699 9.326791 0.6990572 -5.225837 9.351507 0.6937436 -5.261145 9.371311 0.7109251 -5.255959 9.340261 0.6867143 -5.216766 9.36344 0.6849592 -5.244012 9.37868 0.6965569 -5.244225 0 0 0 0 0 0
23 9.569647 0.9155557 -4.956294 9.664325 0.8914717 -4.985786 9.47691 0.8986499 -4.917718 9.610806 0.4589756 -5.105136 9.367075 0.4687127 -5.008254 9.633545 0.09905376 -4.92937 9.413858 0.0958524 -4.865124 9.57513 1.086666 -4.959534 9.565316 1.223608 -4.958366 9.540166 1.453403 -4.986497 9.521738 1.541775 -5.027696 9.618746 1.396996 -4.986804 9.487123 1.388545 -4.938159 9.731365 1.37642 -5.007113 9.393247 1.350306 -4.881816 9.812719 1.104402 -4.963401 9.386842 1.06675 -4.836227 9.805764 0.8587619 -5.027225 9.360114 0.8255199 -4.910753 9.615374 0.01882448 -5.080493 9.302782 0.01602568 -4.969503 9.518113 1.624686 -5.102134 9.459473 1.619104 -5.078406 0 0 0 9.786453 0.840029 -5.055481 9.756071 0.8192331 -5.07864 9.737484 0.7949098 -5.087094 9.781525 0.7730817 -5.085207 9.773785 0.7332179 -5.097775 9.761456 0.7118192 -5.10325 9.788499 0.7616401 -5.068686 9.775406 0.715358 -5.07769 9.760508 0.6930279 -5.080208 9.789833 0.7564685 -5.048679 9.77957 0.7149091 -5.055984 9.766191 0.6919151 -5.058546 9.790619 0.753868 -5.028464 9.782123 0.7194819 -5.033765 9.774685 0.7019295 -5.035614 9.351552 0.8106236 -4.945782 9.355261 0.7943236 -4.985936 9.361788 0.7780436 -5.012412 9.334721 0.7462394 -4.976785 9.353457 0.7236632 -5.007546 9.374267 0.7321673 -5.019145 9.343438 0.7332736 -4.96235 9.368631 0.7086101 -4.996284 9.389576 0.721023 -5.00787 9.358171 0.7270499 -4.949196 9.380867 0.701968 -4.976429 9.400875 0.7137439 -4.989669 9.373304 0.7234325 -4.936007 9.39382 0.704625 -4.958549 9.408459 0.7097998 -4.969761 0 0 0 0 0 0
24 9.558239 0.9515196 -4.952873 9.654552 0.9305912 -4.97932 9.464602 0.9315723 -4.917546 9.624386 0.484753 -5.045374 9.394112 0.486573 -4.962315 9.636637 0.1005556 -4.930899 9.416952 0.09701248 -4.8657 9.558577 1.12274 -4.954555 9.561121 1.259994 -4.956936 9.557645 1.490331 -4.991028 9.549463 1.579278 -5.034247 9.630713 1.426998 -4.988451 9.498049 1.431841 -4.942203 9.741316 1.39573 -5.006 9.399832 1.403197 -4.886961 9.789481 1.112967 -4.99024 9.376406 1.126159 -4.814679 9.803696 0.8608378 -5.0165 9.341793 0.8747775 -4.80633 9.618917 0.02032616 -5.082075 9.306128 0.01744189 -4.970541 9.551137 1.660829 -5.110241 9.493577 1.662249 -5.083451 0 0 0 9.78764 0.8364812 -5.042408 9.759991 0.8104557 -5.063622 9.743591 0.7838176 -5.069103 9.789618 0.7656247 -5.06152 9.781402 0.7243651 -5.067617 9.767339 0.7034618 -5.069893 9.796394 0.7574478 -5.043089 9.782753 0.7104786 -5.044606 9.765613 0.689681 -5.043805 9.796869 0.7555017 -5.022479 9.785948 0.7134711 -5.022449 9.77009 0.6919896 -5.021294 9.796594 0.7560735 -5.002091 9.787647 0.7214012 -5.001406 9.778414 0.7046546 -5.00035 9.333382 0.8477431 -4.833175 9.336777 0.8188921 -4.865546 9.343472 0.7914699 -4.880098 9.317387 0.7762346 -4.837699 9.328051 0.7376604 -4.85203 9.344845 0.7272321 -4.867812 9.326303 0.7697254 -4.819517 9.34556 0.7273207 -4.834535 9.365705 0.7199512 -4.85087 9.341141 0.7690606 -4.805087 9.358255 0.730513 -4.815432 9.377607 0.7211984 -4.831337 9.356342 0.77083 -4.791603 9.371414 0.7394598 -4.800055 9.384586 0.7300364 -4.810278 0 0 0 0 0 0
25 9.536201 0.9537059 -4.95077 9.633251 0.9325036 -4.974128 9.44138 0.933986 -4.918622 9.616955 0.4864303 -5.043312 9.387824 0.4866548 -4.963428 9.641582 0.1015021 -4.933416 9.422218 0.09788277 -4.867126 9.537251 1.124929 -4.951714 9.538905 1.262215 -4.952613 9.53429 1.492777 -4.985003 9.526051 1.582162 -5.027298 9.607817 1.430047 -4.981073 9.473993 1.433398 -4.938148 9.719099 1.399856 -4.99602 9.374641 1.403061 -4.885923 9.766927 1.116893 -4.983072 9.353394 1.126556 -4.810976 9.78471 0.8649405 -5.008849 9.320907 0.8747725 -4.8078 9.623966 0.02104672 -5.084484 9.311411 0.01851621 -4.97214 9.527921 1.663406 -5.103615 9.470211 1.664778 -5.077147 0 0 0 9.770248 0.8401799 -5.035307 9.743845 0.8137095 -5.057532 9.72823 0.7867305 -5.063606 9.774833 0.7694221 -5.054337 9.765824 0.7284023 -5.060913 9.75066 0.7083526 -5.063732 9.781176 0.7614154 -5.035679 9.766571 0.7147602 -5.037807 9.748063 0.6951546 -5.03765 9.780976 0.7594631 -5.015064 9.768885 0.7177546 -5.015312 9.751459 0.6975003 -5.014704 9.779965 0.7600077 -4.994699 9.769929 0.7256305 -4.994287 9.759404 0.7096444 -4.993582 9.313199 0.847658 -4.834775 9.316722 0.8192192 -4.867496 9.324392 0.790716 -4.879213 9.297651 0.7760654 -4.839527 9.301117 0.7346368 -4.848397 9.311813 0.7155153 -4.861039 9.306211 0.7696268 -4.821149 9.319113 0.7232463 -4.829919 9.335265 0.70564 -4.842411 9.32074 0.7690555 -4.806406 9.331751 0.7274181 -4.811969 9.346551 0.7079925 -4.822824 9.335644 0.7709191 -4.792604 9.34531 0.7366821 -4.796735 9.354863 0.7212616 -4.802881 0 0 0 0 0 0
26 9.518362 0.9336731 -4.946243 9.615375 0.9104548 -4.967765 9.422562 0.9158083 -4.916251 9.603567 0.4735254 -5.081096 9.361471 0.474254 -4.995261 9.643238 0.1023061 -4.934933 9.424501 0.09823974 -4.867933 9.523294 1.10483 -4.945737 9.51816 1.242033 -4.945546 9.503124 1.472438 -4.975827 9.491255 1.561601 -5.017726 9.57952 1.413394 -4.96998 9.444319 1.409607 -4.931657 9.692632 1.38903 -4.981418 9.345083 1.373448 -4.883317 9.763008 1.113582 -4.940199 9.324514 1.089864 -4.842322 9.765772 0.8659902 -4.996335 9.292318 0.8565812 -4.937206 9.625873 0.0217584 -5.085981 9.313456 0.01915499 -4.972907 9.490879 1.642595 -5.09433 9.432415 1.64082 -5.069598 0 0 0 9.750073 0.8449303 -5.025185 9.722811 0.8218107 -5.049964 9.705979 0.7963631 -5.058781 9.750624 0.7763095 -5.051275 9.743876 0.7361158 -5.063355 9.731447 0.7149264 -5.06939 9.756346 0.7660973 -5.033515 9.743938 0.7196208 -5.042487 9.728402 0.6978463 -5.045874 9.755878 0.7620883 -5.013205 9.745516 0.7205027 -5.020211 9.731188 0.6981701 -5.023412 9.754751 0.7606322 -4.99289 9.74533 0.7264816 -4.998151 9.736662 0.7095406 -5.000316 9.282167 0.8409136 -4.971466 9.282413 0.8249655 -5.011931 9.287617 0.8015844 -5.032784 9.261778 0.7763225 -4.999786 9.258016 0.7393574 -5.020437 9.263621 0.722324 -5.038279 9.270334 0.7634787 -4.985148 9.275049 0.7206599 -5.008361 9.286075 0.703649 -5.026138 9.285149 0.7570645 -4.972179 9.288403 0.7181705 -4.991219 9.297424 0.6991372 -5.007668 9.300474 0.7532368 -4.959275 9.304243 0.7212805 -4.975 9.309782 0.7063962 -4.985704 0 0 0 0 0 0
27 9.51472 0.8067369 -4.901976 9.613342 0.7956793 -4.878207 9.419434 0.7785953 -4.9072 9.581948 0.437043 -5.150239 9.290595 0.3922037 -5.1049 9.647284 0.1037017 -4.937796 9.429893 0.09808781 -4.868904 9.507076 0.9734656 -4.940218 9.486336 1.079157 -5.025365 9.473643 1.247117 -5.186169 9.491314 1.30333 -5.266008 9.514666 1.245176 -5.098589 9.415012 1.172779 -5.166342 9.583978 1.28831 -5.015801 9.331826 1.101278 -5.185989 9.740431 1.095511 -4.871322 9.270993 0.8880346 -5.368608 9.751115 0.8663672 -4.980132 9.217661 0.7009585 -5.531761 9.630637 0.02182891 -5.088211 9.318632 0.01956274 -4.97407 9.544296 1.350201 -5.352173 9.492636 1.321917 -5.375922 0 0 0 9.735495 0.8510454 -5.012434 9.709023 0.8316923 -5.041009 9.693443 0.8076416 -5.0547 9.738524 0.7896269 -5.052539 9.737513 0.75274 -5.073643 9.729721 0.7314355 -5.084836 9.745345 0.7762238 -5.037496 9.739296 0.7319542 -5.057449 9.728865 0.7088278 -5.066576 9.745771 0.7679933 -5.018499 9.741005 0.7284397 -5.035781 9.731952 0.7050409 -5.04499 9.745411 0.7622167 -4.99894 9.740089 0.7295924 -5.012726 9.73502 0.7123517 -5.019349 9.191915 0.7217345 -5.51108 9.15543 0.7383866 -5.494246 9.129122 0.7402159 -5.476551 9.163396 0.7244777 -5.443485 9.134254 0.7240126 -5.412541 9.109526 0.7232659 -5.407268 9.166849 0.7043158 -5.437652 9.129856 0.6985411 -5.406143 9.103125 0.6959386 -5.403782 9.167266 0.683798 -5.440416 9.136193 0.6773633 -5.410769 9.110098 0.6747271 -5.405634 9.168043 0.6641018 -5.445661 9.141092 0.6582208 -5.422819 9.122942 0.6558464 -5.417184 0 0 0 0 0 0
28 9.498442 0.7845739 -4.885155 9.59537 0.7817018 -4.853371 9.405993 0.7504724 -4.893752 9.576868 0.4416489 -5.149452 9.269796 0.3759442 -5.10816 9.65447 0.1041012 -4.947996 9.43486 0.09671619 -4.871017 9.485656 0.9456097 -4.941929 9.469212 1.036839 -5.04321 9.46514 1.180449 -5.226483 9.488489 1.227936 -5.310425 9.492775 1.194254 -5.134818 9.411258 1.10323 -5.204331 9.545237 1.254905 -5.05063 9.33981 1.021664 -5.224203 9.709533 1.099825 -4.873204 9.270787 0.8260806 -5.422964 9.739632 0.8667198 -4.969208 9.210285 0.654663 -5.60021 9.635373 0.01496407 -5.093924 9.323349 0.01743682 -4.975348 9.548397 1.26675 -5.396057 9.501983 1.23133 -5.421036 0 0 0 9.726826 0.8495535 -5.001821 9.703768 0.827077 -5.03106 9.691319 0.8013752 -5.044953 9.737391 0.7882697 -5.040839 9.743319 0.7516401 -5.06158 9.74053 0.7292455 -5.073007 9.744922 0.7757826 -5.025353 9.746756 0.7311487 -5.045326 9.741795 0.7064711 -5.054989 9.745436 0.7678572 -5.006229 9.747691 0.7281745 -5.023724 9.744221 0.7035336 -5.033473 9.744905 0.7623024 -4.98661 9.745195 0.7293684 -5.00068 9.744041 0.7115442 -5.007593 9.202143 0.6815478 -5.573134 9.181904 0.7045545 -5.542265 9.163324 0.7179364 -5.520258 9.210647 0.6930274 -5.501122 9.177754 0.7001341 -5.475149 9.156306 0.6977301 -5.488343 9.212526 0.6728108 -5.494781 9.173662 0.6806345 -5.466095 9.152275 0.6807296 -5.482513 9.207617 0.6526952 -5.494536 9.174843 0.6557656 -5.466212 9.153553 0.6585352 -5.482128 9.201984 0.6332161 -5.496747 9.1723 0.6357226 -5.476865 9.155142 0.6385951 -5.484874 0 0 0 0 0 0
29 9.498351 0.7858435 -4.887176 9.596143 0.7812567 -4.858377 9.405197 0.7524949 -4.894876 9.560147 0.4341136 -5.144906 9.265503 0.3762715 -5.104299 9.650198 0.101669 -4.939669 9.433114 0.09490599 -4.871297 9.484455 0.9494691 -4.935683 9.461393 1.047222 -5.029296 9.445649 1.199638 -5.204655 9.46225 1.249827 -5.28863 9.481918 1.208138 -5.115386 9.391394 1.12307 -5.181196 9.543864 1.263014 -5.033715 9.315972 1.043445 -5.197815 9.711199 1.097563 -4.868948 9.247137 0.8303143 -5.377705 9.733214 0.867469 -4.973985 9.186691 0.6433229 -5.538456 9.632662 0.02000066 -5.090094 9.320822 0.01624324 -4.975257 9.514488 1.288316 -5.379285 9.463789 1.256122 -5.399925 0 0 0 9.719298 0.853641 -5.00771 9.69541 0.8339916 -5.038288 9.68261 0.8097267 -5.054286 9.728579 0.7966918 -5.053102 9.735172 0.7625653 -5.077575 9.733327 0.7413107 -5.091166 9.736664 0.7827337 -5.039237 9.739359 0.7404586 -5.063733 9.735633 0.7166539 -5.075833 9.737859 0.772909 -5.021048 9.740987 0.7353652 -5.042647 9.738832 0.7117019 -5.054881 9.738024 0.7653872 -5.002089 9.739132 0.7341278 -5.019533 9.738959 0.7170791 -5.028258 9.174896 0.6702324 -5.512785 9.150549 0.692939 -5.484795 9.128273 0.7065495 -5.466709 9.173302 0.6817332 -5.440294 9.135113 0.6882464 -5.422796 9.119176 0.6843048 -5.442041 9.174249 0.6615167 -5.433747 9.12993 0.6695185 -5.414609 9.114885 0.668277 -5.436949 9.169323 0.6414086 -5.434184 9.131075 0.6444336 -5.41384 9.116259 0.6464278 -5.435993 9.164023 0.6219367 -5.437152 9.130559 0.6244416 -5.424642 9.11687 0.6269937 -5.437791 0 0 0 0 0 0
30 9.507483 0.818193 -4.905519 9.608102 0.8041769 -4.895877 9.411268 0.7918698 -4.900238 9.550186 0.4291576 -5.141318 9.280413 0.3993817 -5.083887 9.645811 0.0983512 -4.93532 9.428019 0.09349736 -4.868989 9.498548 0.9874404 -4.929909 9.467997 1.10174 -4.999573 9.43283 1.282868 -5.141649 9.435379 1.345346 -5.218697 9.490747 1.271838 -5.064963 9.375103 1.209826 -5.115396 9.578402 1.304623 -4.995966 9.286743 1.140984 -5.12261 9.733097 1.093526 -4.877518 9.219161 0.8802604 -5.222505 9.737951 0.866857 -4.991791 9.172083 0.7175778 -5.411658 9.628162 0.01764389 -5.08625 9.316028 0.01433828 -4.972898 9.466604 1.392673 -5.314684 9.407509 1.371163 -5.323507 0 0 0 9.721012 0.8550214 -5.024885 9.693777 0.8382778 -5.054377 9.677847 0.8156316 -5.069931 9.722222 0.7981736 -5.071325 9.724568 0.7638382 -5.096277 9.720331 0.7429392 -5.109884 9.729578 0.7832614 -5.058059 9.727312 0.7411445 -5.08287 9.721134 0.7178273 -5.094915 9.730719 0.7730742 -5.040067 9.729603 0.735588 -5.061962 9.725078 0.7122647 -5.074202 9.731108 0.7652678 -5.021227 9.728956 0.7341546 -5.038835 9.727219 0.7172266 -5.047623 9.144026 0.7391002 -5.395171 9.105042 0.754398 -5.383423 9.074559 0.7623012 -5.379311 9.103519 0.7411339 -5.333975 9.061322 0.739847 -5.338948 9.05855 0.7360755 -5.363808 9.104769 0.7206082 -5.328535 9.056312 0.7197013 -5.335282 9.055363 0.7190956 -5.362221 9.104635 0.7002128 -5.332114 9.06159 0.6951426 -5.334801 9.060129 0.6977271 -5.361362 9.105362 0.6807037 -5.338023 9.070428 0.6767877 -5.344878 9.0652 0.6789621 -5.363174 0 0 0 0 0 0
31 9.526763 0.8510435 -4.936114 9.624919 0.8285173 -4.952593 9.43139 0.8318729 -4.91046 9.560707 0.4255966 -5.147213 9.307723 0.4241606 -5.063466 9.643305 0.09634664 -4.933037 9.424606 0.09250327 -4.868775 9.529777 1.022215 -4.939371 9.489401 1.150293 -4.967946 9.421699 1.358441 -5.047446 9.400129 1.435653 -5.105924 9.505128 1.328701 -5.008564 9.371572 1.284836 -5.009679 9.61793 1.341538 -4.983476 9.279379 1.222475 -4.986722 9.754588 1.098412 -4.914647 9.248512 0.937108 -4.975057 9.752902 0.8671536 -5.019421 9.204717 0.7598273 -5.151449 9.625371 0.01598867 -5.08412 9.312901 0.01286813 -4.972626 9.39413 1.499958 -5.196793 9.334433 1.484579 -5.181544 0 0 0 9.733074 0.8534019 -5.050079 9.703064 0.835489 -5.075972 9.685219 0.8123214 -5.088356 9.728785 0.7930295 -5.091632 9.727867 0.7565468 -5.113431 9.721693 0.734745 -5.124675 9.736633 0.778941 -5.077762 9.730909 0.7348862 -5.098278 9.722868 0.7108787 -5.107548 9.738813 0.7701836 -5.059124 9.734809 0.7309108 -5.077221 9.728468 0.7067751 -5.086787 9.740389 0.7638949 -5.039784 9.736196 0.7313582 -5.054154 9.733339 0.7137535 -5.061134 9.172723 0.7617379 -5.173697 9.145075 0.7577063 -5.207031 9.128895 0.752561 -5.23387 9.11203 0.7230386 -5.18814 9.102876 0.7101721 -5.227608 9.122285 0.71655 -5.242524 9.118981 0.7037752 -5.18239 9.1098 0.6894743 -5.228278 9.129906 0.6998933 -5.242912 9.132761 0.6883551 -5.181316 9.124298 0.6708199 -5.220134 9.142385 0.6830223 -5.235567 9.148159 0.6750074 -5.180439 9.144652 0.6627451 -5.213906 9.155483 0.6698459 -5.228016 0 0 0 0 0 0
32 9.534015 0.91189 -4.951794 9.628435 0.8881952 -4.982403 9.441578 0.8944089 -4.912868 9.5853 0.4545709 -5.102703 9.350629 0.4616084 -5.01009 9.641255 0.0957519 -4.931732 9.421764 0.09197321 -4.868822 9.539757 1.083023 -4.952004 9.527625 1.219685 -4.946811 9.493822 1.449244 -4.966547 9.468887 1.539535 -4.999293 9.57429 1.395714 -4.970541 9.444233 1.380971 -4.919255 9.686963 1.379866 -4.994465 9.353182 1.334105 -4.864992 9.775507 1.108567 -4.961598 9.333652 1.050035 -4.826962 9.772642 0.8662053 -5.037184 9.285143 0.8155777 -4.911444 9.623644 0.01578613 -5.083061 9.310575 0.01184275 -4.972847 9.456815 1.622675 -5.072576 9.400064 1.614154 -5.045379 0 0 0 9.75312 0.8490753 -5.0663 9.723368 0.8282722 -5.090254 9.705805 0.8037449 -5.100181 9.749729 0.7846283 -5.101298 9.748775 0.7458705 -5.118732 9.742342 0.7229691 -5.127336 9.757673 0.7721687 -5.085998 9.752005 0.7259948 -5.101176 9.743696 0.7011312 -5.107477 9.759865 0.7654421 -5.066537 9.756067 0.7242796 -5.079844 9.749503 0.6992207 -5.086419 9.761419 0.7612372 -5.046638 9.757677 0.7271635 -5.057014 9.754848 0.7088394 -5.061814 9.271544 0.7991507 -4.944116 9.268867 0.7801037 -4.983127 9.270923 0.761793 -5.008993 9.248306 0.7339888 -4.968687 9.258144 0.7065284 -4.999608 9.276746 0.7098448 -5.016427 9.258292 0.7214599 -4.954695 9.274091 0.6907856 -4.989394 9.293581 0.6973621 -5.006824 9.274341 0.715298 -4.943151 9.288614 0.6849756 -4.970768 9.307037 0.690336 -4.989372 9.290895 0.7117183 -4.931785 9.304869 0.6886011 -4.955301 9.317554 0.6892716 -4.969635 0 0 0 0 0 0
33 9.550218 0.9486675 -4.954949 9.645031 0.928055 -4.986558 9.458449 0.9282657 -4.91525 9.614607 0.4806474 -5.043678 9.391617 0.4825872 -4.960732 9.637946 0.09634735 -4.930182 9.418676 0.09219404 -4.867963 9.550793 1.119893 -4.95395 9.553078 1.257159 -4.952048 9.543629 1.488426 -4.977652 9.528842 1.579431 -5.014339 9.617619 1.426328 -4.982754 9.488739 1.427277 -4.926616 9.726967 1.397591 -5.009881 9.395187 1.393373 -4.866475 9.778234 1.114962 -5.005912 9.385378 1.114988 -4.796271 9.79183 0.8641129 -5.042659 9.356068 0.8627947 -4.796593 9.620407 0.01659705 -5.081633 9.307737 0.01192268 -4.972146 9.531384 1.660264 -5.091072 9.472279 1.659203 -5.067868 0 0 0 9.774094 0.8410375 -5.068644 9.746111 0.8147435 -5.089074 9.730166 0.7878904 -5.094841 9.77528 0.7714012 -5.091864 9.776279 0.7300977 -5.101866 9.770688 0.7058046 -5.106163 9.783501 0.7622929 -5.074488 9.780134 0.7138963 -5.080888 9.772657 0.6880427 -5.082514 9.785545 0.7591973 -5.054116 9.783902 0.716143 -5.059548 9.778204 0.6900957 -5.061374 9.7868 0.7586177 -5.033765 9.785 0.7230533 -5.037589 9.782935 0.7040554 -5.038866 9.347446 0.8359503 -4.823561 9.349747 0.8078049 -4.856642 9.356851 0.7810442 -4.872198 9.33606 0.7636364 -4.829116 9.343658 0.7242647 -4.843228 9.357521 0.7110172 -4.859727 9.346794 0.7572958 -4.811881 9.363382 0.7138739 -4.827173 9.381081 0.7027916 -4.84423 9.362724 0.7572982 -4.798651 9.377393 0.7177419 -4.808946 9.394249 0.7043925 -4.824818 9.378777 0.7597788 -4.786315 9.392067 0.7276974 -4.795082 9.403416 0.7159265 -4.805055 0 0 0 0 0 0
34 9.562933 0.9496791 -4.956773 9.65787 0.9290308 -4.987988 9.47107 0.929358 -4.917254 9.621777 0.4819316 -5.04386 9.39744 0.4845387 -4.96061 9.634644 0.0974765 -4.929362 9.414928 0.09386089 -4.866745 9.563288 1.120908 -4.956631 9.566701 1.258164 -4.956503 9.56011 1.489102 -4.985716 9.547796 1.578776 -5.026378 9.633453 1.426123 -4.989066 9.503994 1.429349 -4.934361 9.742797 1.395772 -5.014391 9.409594 1.398998 -4.873651 9.78975 1.112444 -5.00779 9.39212 1.121293 -4.802252 9.802607 0.8606616 -5.03781 9.358295 0.8697172 -4.797156 9.616368 0.01775112 -5.080739 9.303717 0.01407363 -4.97101 9.551888 1.659146 -5.103529 9.492711 1.65919 -5.080485 0 0 0 9.784771 0.8369516 -5.063147 9.756464 0.8105099 -5.082931 9.740122 0.7837415 -5.087926 9.785221 0.7665604 -5.083996 9.784592 0.7248445 -5.092146 9.777603 0.700746 -5.095356 9.793185 0.7579395 -5.066256 9.788013 0.7094589 -5.070427 9.778973 0.6840606 -5.070828 9.795031 0.7555084 -5.045774 9.791826 0.7123317 -5.049148 9.784532 0.686627 -5.049705 9.796119 0.7556012 -5.025407 9.793171 0.7199687 -5.027489 9.790056 0.7010739 -5.02781 9.349026 0.8434361 -4.824463 9.350766 0.8163479 -4.858448 9.358094 0.7884834 -4.871807 9.33426 0.7717891 -4.830665 9.3393 0.7311804 -4.842179 9.350473 0.7139533 -4.856953 9.344254 0.764861 -4.813212 9.359245 0.7198194 -4.825085 9.375927 0.7046461 -4.839866 9.35984 0.7640305 -4.799606 9.37317 0.7234449 -4.807416 9.388944 0.7062925 -4.820503 9.375694 0.7656726 -4.786878 9.387012 0.7321793 -4.792603 9.397353 0.717971 -4.80022 0 0 0 0 0 0
