Hips LeftUpperLeg RightUpperLeg LeftLowerLeg RightLowerLeg LeftFoot RightFoot Spine Chest Neck Head LeftShoulder RightShoulder LeftUpperArm RightUpperArm LeftLowerArm RightLowerArm LeftHand RightHand LeftToes RightToes LeftEye RightEye Jaw LeftThumbProximal LeftThumbIntermediate LeftThumbDistal LeftIndexProximal LeftIndexIntermediate LeftIndexDistal LeftMiddleProximal LeftMiddleIntermediate LeftMiddleDistal LeftRingProximal LeftRingIntermediate LeftRingDistal LeftLittleProximal LeftLittleIntermediate LeftLittleDistal RightThumbProximal RightThumbIntermediate RightThumbDistal RightIndexProximal RightIndexIntermediate RightIndexDistal RightMiddleProximal RightMiddleIntermediate RightMiddleDistal RightRingProximal RightRingIntermediate RightRingDistal RightLittleProximal RightLittleIntermediate RightLittleDistal UpperChest LastBone
0 12.74324 0.9109691 -5.397947 12.72914 0.8919603 -5.497213 12.76676 0.8892076 -5.301063 12.71922 0.4425058 -5.488857 12.53902 0.5095493 -5.222522 12.95671 0.1216558 -5.495579 12.56071 0.1122161 -5.254869 12.74041 1.082149 -5.395002 12.73791 1.219423 -5.394269 12.69929 1.448703 -5.381279 12.64982 1.533855 -5.369087 12.70899 1.389522 -5.457174 12.74421 1.387744 -5.321091 12.69441 1.371261 -5.571072 12.78761 1.36694 -5.21525 12.68494 1.09059 -5.631546 12.91868 1.111442 -5.207288 12.58654 0.8566313 -5.637988 12.97282 0.8636976 -5.194904 12.82257 0.01470342 -5.482435 12.4088 0.07278069 -5.184335 12.56575 1.6065 -5.378263 12.58239 1.605733 -5.31698 0 0 0 12.55387 0.8450736 -5.620058 12.52821 0.8269007 -5.590007 12.51471 0.8043323 -5.5722 12.50708 0.7884965 -5.619668 12.48083 0.7553368 -5.615399 12.46717 0.7362244 -5.606023 12.52005 0.7734707 -5.627322 12.49709 0.7321532 -5.614663 12.48806 0.7124026 -5.598684 12.53794 0.7631719 -5.628922 12.52089 0.7246808 -5.618275 12.51355 0.7039791 -5.603048 12.55672 0.7552525 -5.629805 12.54304 0.7231386 -5.621796 12.53717 0.7069188 -5.613468 12.95538 0.8287949 -5.194706 12.93575 0.7923744 -5.208116 12.93311 0.7631183 -5.220188 12.97169 0.757983 -5.184247 12.9757 0.7159353 -5.189034 12.97211 0.6938142 -5.200765 12.99244 0.7586823 -5.188873 13.00121 0.7126977 -5.203121 12.99858 0.6926211 -5.220924 13.00903 0.7644902 -5.199816 13.01958 0.7246738 -5.213576 13.01877 0.7045453 -5.231138 13.02402 0.7723427 -5.211206 13.03375 0.7396334 -5.222079 13.03548 0.7238226 -5.232748 0 0 0 0 0 0
1 12.54261 0.9035171 -5.323917 12.53328 0.8758042 -5.421685 12.562 0.8905714 -5.224568 12.3898 0.450523 -5.394722 12.37495 0.4822302 -5.203438 12.71866 0.2287977 -5.44033 12.45144 0.09429558 -5.258629 12.53741 1.074244 -5.33595 12.53443 1.211017 -5.324334 12.49896 1.440207 -5.303268 12.45033 1.525576 -5.289352 12.51258 1.38432 -5.381037 12.53883 1.375712 -5.243199 12.50277 1.373639 -5.496399 12.57326 1.352648 -5.134566 12.51197 1.095028 -5.565787 12.69133 1.091257 -5.118568 12.4175 0.8602171 -5.58581 12.71013 0.8386188 -5.101791 12.71222 0.05847945 -5.463895 12.30754 0.0149506 -5.207624 12.36493 1.596461 -5.299798 12.3796 1.594801 -5.238035 0 0 0 12.38568 0.8436481 -5.570476 12.3626 0.8173639 -5.544628 12.35231 0.7907999 -5.530589 12.34541 0.7826326 -5.577204 12.32366 0.7461263 -5.578306 12.31227 0.724305 -5.572468 12.36022 0.7698409 -5.585553 12.34503 0.7245326 -5.575016 12.34018 0.7033601 -5.559042 12.37918 0.761692 -5.587237 12.36694 0.7209005 -5.578734 12.36229 0.6993721 -5.563597 12.39873 0.7559261 -5.587957 12.38898 0.7219817 -5.582008 12.38515 0.7050362 -5.573948 12.68821 0.806373 -5.103172 12.66538 0.7724333 -5.117971 12.65916 0.7435123 -5.129519 12.69318 0.7344986 -5.089059 12.69147 0.6920276 -5.089613 12.68682 0.6688491 -5.098613 12.71425 0.7322541 -5.090867 12.71803 0.6843027 -5.099862 12.71554 0.662136 -5.115007 12.73277 0.7353678 -5.099605 12.73925 0.693462 -5.10897 12.73845 0.6715941 -5.124313 12.75004 0.740701 -5.109045 12.75634 0.7061554 -5.116087 12.75762 0.6890663 -5.12464 0 0 0 0 0 0
2 12.18053 0.9080919 -5.242948 12.16522 0.8797545 -5.339779 12.20636 0.8958709 -5.144981 11.89746 0.5197633 -5.310007 12.18126 0.4467364 -5.16724 11.94018 0.1229449 -5.299971 12.34584 0.09393813 -5.258702 12.17301 1.078696 -5.255474 12.17702 1.215473 -5.24421 12.13421 1.443827 -5.228346 12.08063 1.526668 -5.217718 12.15436 1.387505 -5.304363 12.17174 1.381082 -5.165011 12.15147 1.378471 -5.420245 12.1996 1.363584 -5.053493 12.24036 1.115996 -5.495925 12.25328 1.085963 -5.00282 12.21188 0.8657266 -5.527781 12.1582 0.8536838 -4.964527 11.78314 0.05445542 -5.315887 12.19968 0.01316949 -5.21723 11.99226 1.592797 -5.23342 12.00368 1.592401 -5.170952 0 0 0 12.18834 0.8370911 -5.515612 12.17161 0.805154 -5.49128 12.168 0.7769874 -5.477063 12.17649 0.7655411 -5.527009 12.16988 0.7235523 -5.526517 12.16687 0.6997028 -5.518642 12.19574 0.7601472 -5.534274 12.1976 0.7118531 -5.526612 12.1996 0.6891711 -5.512173 12.21645 0.7603094 -5.534448 12.22093 0.7175588 -5.528273 12.22419 0.6949632 -5.514377 12.23667 0.7628385 -5.533564 12.24084 0.7274874 -5.529623 12.24352 0.7098716 -5.522598 12.12262 0.8388348 -4.97053 12.08772 0.8209975 -4.989388 12.06769 0.7990558 -5.000613 12.08187 0.7810562 -4.950767 12.05576 0.747591 -4.948367 12.0404 0.7290819 -4.956197 12.09753 0.767571 -4.945728 12.07436 0.7246054 -4.94916 12.0626 0.7042517 -4.962363 12.11579 0.7581854 -4.948415 12.09846 0.7185283 -4.952024 12.08835 0.6974255 -4.964933 12.13451 0.7510999 -4.952307 12.12082 0.7180631 -4.95424 12.11368 0.7013897 -4.960389 0 0 0 0 0 0
3 11.79333 0.9517279 -5.116763 11.78485 0.9304385 -5.216204 11.81044 0.9320091 -5.018112 11.68991 0.4902408 -5.245453 11.75027 0.4838333 -5.000254 11.78905 0.104047 -5.285091 11.84022 0.09653863 -5.058298 11.7942 1.122948 -5.118233 11.79035 1.260193 -5.118004 11.75536 1.490386 -5.114016 11.71266 1.579882 -5.110333 11.77056 1.429109 -5.187302 11.79353 1.430198 -5.048616 11.77191 1.401155 -5.300152 11.8303 1.396653 -4.94354 11.7972 1.118722 -5.346142 11.90652 1.120873 -4.917865 11.77854 0.8667567 -5.371169 11.90459 0.868845 -4.887226 11.64186 0.0149618 -5.283005 11.72377 0.01727667 -4.959504 11.63465 1.659362 -5.115441 11.65767 1.660386 -5.056264 0 0 0 11.74977 0.8415365 -5.363536 11.7234 0.8124816 -5.344768 11.71457 0.7843188 -5.333038 11.73181 0.77145 -5.375994 11.72345 0.7303179 -5.382721 11.71815 0.7056931 -5.380387 11.75132 0.763584 -5.379169 11.74493 0.7151046 -5.381045 11.74144 0.6888383 -5.376063 11.77151 0.7613408 -5.375189 11.76621 0.7182974 -5.377425 11.76294 0.6920043 -5.373929 11.79132 0.7615442 -5.370306 11.78699 0.7259918 -5.370527 11.78505 0.7069786 -5.369291 11.87779 0.8405673 -4.885153 11.84712 0.8109921 -4.893894 11.8379 0.7826177 -4.90478 11.87357 0.7677739 -4.876601 11.86996 0.7254251 -4.875851 11.86272 0.7021879 -4.882736 11.89301 0.7625363 -4.883468 11.8902 0.7144033 -4.891823 11.88387 0.6911437 -4.903901 11.90934 0.7636036 -4.896153 11.90832 0.7205757 -4.901934 11.90398 0.6959384 -4.911341 11.92471 0.7671086 -4.909107 11.92355 0.7318622 -4.915357 11.92157 0.7137542 -4.921268 0 0 0 0 0 0
4 11.78968 0.9508253 -5.112716 11.77981 0.9299632 -5.21212 11.8082 0.9306898 -5.014403 11.69651 0.4866268 -5.233947 11.75058 0.4820698 -4.996435 11.7976 0.1012539 -5.279412 11.84004 0.09477963 -5.055942 11.7904 1.122051 -5.113449 11.78995 1.259348 -5.11397 11.75824 1.489969 -5.107759 11.7172 1.580092 -5.10149 11.77069 1.428935 -5.181765 11.79727 1.428871 -5.04372 11.76866 1.401635 -5.294765 11.83572 1.393421 -4.939878 11.7917 1.119216 -5.34201 11.9156 1.118581 -4.915289 11.77132 0.867301 -5.36618 11.91522 0.8669788 -4.881276 11.64599 0.01988985 -5.279395 11.72383 0.0161223 -4.956377 11.63986 1.660386 -5.100997 11.66612 1.660209 -5.043175 0 0 0 11.74148 0.843518 -5.358017 11.7143 0.8153733 -5.339031 11.70439 0.7874202 -5.327674 11.71922 0.7748374 -5.371316 11.70865 0.7345544 -5.379836 11.70235 0.7100689 -5.379027 11.73813 0.7659937 -5.375398 11.72927 0.7180402 -5.37946 11.72475 0.6916432 -5.376333 11.7583 0.762554 -5.372234 11.75073 0.7200095 -5.376544 11.74638 0.6936857 -5.374997 11.77825 0.7615564 -5.368102 11.77214 0.7263257 -5.370138 11.76938 0.7073744 -5.370364 11.8893 0.8380215 -4.877844 11.85895 0.8076985 -4.885025 11.84988 0.7791303 -4.895514 11.8874 0.7651218 -4.869368 11.88482 0.7226978 -4.868618 11.87771 0.6993392 -4.875228 11.90656 0.7603998 -4.877315 11.90465 0.7122586 -4.885877 11.8983 0.6889278 -4.897809 11.92214 0.7619166 -4.890877 11.92224 0.7189265 -4.897016 11.9182 0.6942607 -4.906479 11.93666 0.7658464 -4.904642 11.93646 0.7306109 -4.911054 11.93479 0.7124814 -4.917 0 0 0 0 0 0
5 11.78562 0.9500192 -5.11958 11.77216 0.9292904 -5.21859 11.80765 0.9297451 -5.022023 11.699 0.4834258 -5.228479 11.75116 0.4813144 -4.997096 11.80113 0.09812971 -5.274704 11.84159 0.09337284 -5.050588 11.78646 1.121245 -5.120128 11.78762 1.258538 -5.120448 11.75871 1.489503 -5.113462 11.71941 1.580356 -5.106542 11.76797 1.428269 -5.187768 11.79919 1.428032 -5.050701 11.76174 1.400819 -5.300579 11.83979 1.391584 -4.948027 11.77854 1.118357 -5.350142 11.92094 1.116727 -4.928249 11.75331 0.8668751 -5.374239 11.9138 0.8647106 -4.89829 11.64917 0.01743444 -5.27458 11.72543 0.0141696 -4.951403 11.64372 1.662056 -5.101587 11.67371 1.661767 -5.045612 0 0 0 11.72401 0.843327 -5.363785 11.69781 0.8159477 -5.342433 11.6886 0.7885151 -5.329348 11.70187 0.7739094 -5.372781 11.69167 0.7331442 -5.3792 11.68584 0.7086063 -5.377243 11.72069 0.7650031 -5.377117 11.71253 0.7167857 -5.378825 11.70863 0.6904408 -5.374617 11.741 0.7618681 -5.374541 11.73408 0.7190623 -5.376924 11.73032 0.6927248 -5.374379 11.7611 0.7612193 -5.371111 11.75565 0.7258282 -5.371805 11.7533 0.7068226 -5.371474 11.88741 0.8361185 -4.895349 11.85633 0.806693 -4.903097 11.84649 0.7787146 -4.914447 11.88433 0.7630146 -4.88934 11.88044 0.7207112 -4.890878 11.87224 0.6981563 -4.898867 11.90324 0.7582297 -4.897817 11.90004 0.7107238 -4.909104 11.89261 0.6885691 -4.922559 11.91858 0.7599375 -4.911619 11.91789 0.7174163 -4.920414 11.91289 0.6937162 -4.931707 11.93292 0.7640817 -4.925522 11.93222 0.7292667 -4.933894 11.92999 0.7116538 -4.941081 0 0 0 0 0 0
6 11.77793 0.9495373 -5.140171 11.76145 0.9287404 -5.238708 11.80279 0.9292971 -5.04329 11.69614 0.4814387 -5.236173 11.74852 0.4813631 -5.006552 11.80297 0.09622642 -5.272245 11.84139 0.09243622 -5.047531 11.7794 1.120758 -5.140969 11.7822 1.25802 -5.142426 11.75651 1.489319 -5.13401 11.7188 1.580789 -5.126456 11.76188 1.428084 -5.208699 11.79882 1.427251 -5.073061 11.75022 1.400785 -5.321115 11.84294 1.389978 -4.972152 11.75935 1.118174 -5.371821 11.92137 1.113983 -4.958034 11.72778 0.8671686 -5.393271 11.91044 0.8619264 -4.929599 11.65081 0.01590391 -5.271917 11.72531 0.01275989 -4.948618 11.64388 1.663113 -5.120224 11.67529 1.663023 -5.06503 0 0 0 11.69963 0.8439397 -5.379473 11.67551 0.817372 -5.354887 11.66766 0.7904531 -5.339978 11.67734 0.7741248 -5.383815 11.6673 0.7329789 -5.387452 11.66205 0.7085102 -5.383757 11.6958 0.765129 -5.389353 11.6884 0.716772 -5.388183 11.68536 0.6906264 -5.382341 11.71627 0.7621843 -5.388363 11.71005 0.7192065 -5.388381 11.70705 0.6929693 -5.384272 11.73659 0.7617576 -5.386605 11.73188 0.726266 -5.385676 11.72999 0.7072479 -5.384438 11.88339 0.8340666 -4.92578 11.85125 0.8055843 -4.932697 11.84028 0.7778857 -4.943698 11.87853 0.7611073 -4.919214 11.87271 0.7190744 -4.921751 11.86294 0.6974317 -4.930468 11.89708 0.7557698 -4.928151 11.89179 0.7087628 -4.940678 11.88273 0.6877966 -4.955005 11.91209 0.7569861 -4.942361 11.90986 0.7148204 -4.952508 11.90325 0.6921261 -4.964981 11.92616 0.7606648 -4.956662 11.9244 0.7261139 -4.965926 11.92117 0.7089981 -4.97389 0 0 0 0 0 0
8 11.78843 0.9099316 -5.181024 11.77921 0.890881 -5.280852 11.8073 0.8882403 -5.083111 11.76976 0.4413697 -5.27561 11.58107 0.5048355 -5.019392 12.01405 0.1256007 -5.27483 11.59235 0.1068388 -5.049566 11.78494 1.081103 -5.178243 11.78196 1.218362 -5.176852 11.74206 1.447484 -5.165029 11.69177 1.532403 -5.154737 11.75541 1.388547 -5.240559 11.78437 1.386494 -5.103011 11.74593 1.370981 -5.355102 11.82318 1.365598 -4.995418 11.73622 1.090788 -5.417719 11.95918 1.112804 -4.984361 11.63726 0.8573288 -5.43056 12.01648 0.8658626 -4.970328 11.88302 0.01424422 -5.268873 11.43713 0.06790145 -4.986345 11.60799 1.604948 -5.166853 11.62233 1.604052 -5.104997 0 0 0 11.60357 0.8460981 -5.414403 11.57661 0.8277326 -5.385634 11.56219 0.8051855 -5.368541 11.55613 0.790122 -5.416749 11.52945 0.7571242 -5.414234 11.51516 0.7379642 -5.405952 11.56928 0.7749711 -5.423812 11.54526 0.733802 -5.412732 11.5352 0.7139973 -5.397456 11.5871 0.7644526 -5.424547 11.56907 0.7260846 -5.41513 11.5607 0.7053313 -5.400518 11.6058 0.7562986 -5.424507 11.59134 0.7242814 -5.417537 11.58486 0.7080492 -5.409709 11.99988 0.8305598 -4.970925 11.98134 0.7938907 -4.985184 11.9796 0.7647155 -4.997608 12.0176 0.7600443 -4.960753 12.02267 0.7181805 -4.966114 12.01978 0.6962412 -4.97837 12.03844 0.7612795 -4.964837 12.04856 0.7157442 -4.979624 12.04665 0.6960519 -4.997942 12.05516 0.7675906 -4.975291 12.06692 0.728258 -4.989451 12.06685 0.7085125 -5.007462 12.07024 0.7759125 -4.986214 12.08097 0.7436107 -4.997358 12.08325 0.7280573 -5.008301 0 0 0 0 0 0
9 11.59155 0.9020081 -5.113968 11.58515 0.8739778 -5.211881 11.60811 0.8894207 -5.014062 11.43813 0.4497572 -5.187417 11.41779 0.4822358 -5.001553 11.77189 0.2343652 -5.227407 11.49267 0.0941179 -5.057653 11.58611 1.072679 -5.12666 11.58206 1.209345 -5.114135 11.54468 1.438226 -5.093015 11.49502 1.523084 -5.07961 11.56071 1.382777 -5.170637 11.58329 1.373689 -5.032182 11.55381 1.373283 -5.286312 11.61501 1.350857 -4.922677 11.56348 1.094881 -5.356471 11.73994 1.092677 -4.906603 11.46719 0.8611096 -5.379733 11.76093 0.8402303 -4.889548 11.77116 0.06439992 -5.254172 11.34696 0.01528557 -5.01118 11.40919 1.593249 -5.091336 11.42267 1.59137 -5.029307 0 0 0 11.43477 0.8450582 -5.365132 11.41126 0.8184725 -5.339989 11.40051 0.7919089 -5.326295 11.39356 0.7848017 -5.372946 11.37139 0.7486224 -5.375463 11.35956 0.7267401 -5.370872 11.40831 0.7717772 -5.381038 11.39237 0.7265853 -5.371128 11.38695 0.7053351 -5.355443 11.42715 0.7632952 -5.38236 11.4141 0.7226577 -5.374356 11.40879 0.7011189 -5.35945 11.44661 0.7571817 -5.382697 11.43618 0.7233585 -5.37723 11.43189 0.706415 -5.369395 11.7395 0.8076697 -4.89124 11.71724 0.7735016 -4.906366 11.71132 0.7445678 -4.918042 11.74534 0.7358601 -4.87713 11.7442 0.693371 -4.877749 11.73999 0.6701278 -4.8868 11.76647 0.7339254 -4.878668 11.77098 0.6860399 -4.887677 11.76892 0.6639059 -4.902936 11.78505 0.7373182 -4.887162 11.79223 0.6955389 -4.896579 11.79188 0.6737564 -4.912061 11.80236 0.7429134 -4.896375 11.80925 0.7084742 -4.90339 11.81086 0.691431 -4.911978 0 0 0 0 0 0
10 11.2157 0.9074011 -5.032364 11.20095 0.8791139 -5.129298 11.241 0.8951428 -4.934268 10.93213 0.5198082 -5.100761 11.22048 0.4457834 -4.957814 10.964 0.1220184 -5.089004 11.38743 0.09399583 -5.049095 11.20802 1.078005 -5.044809 11.212 1.214789 -5.033621 11.16893 1.443113 -5.018059 11.1152 1.525886 -5.007677 11.18956 1.38679 -5.093945 11.20613 1.380411 -4.954491 11.1873 1.377776 -5.209842 11.23336 1.363035 -4.842798 11.27803 1.115756 -5.284931 11.28593 1.085341 -4.791354 11.25142 0.8653069 -5.316994 11.18784 0.8543284 -4.752978 10.80494 0.05840483 -5.105102 11.24086 0.01328232 -5.00902 11.02686 1.591978 -5.023721 11.03804 1.591579 -4.961209 0 0 0 11.2281 0.8364363 -5.304969 11.21163 0.8044064 -5.280581 11.20823 0.7762601 -5.26627 11.21702 0.7647756 -5.31645 11.21093 0.7227089 -5.315907 11.20817 0.6988555 -5.307951 11.23637 0.7595745 -5.323604 11.23865 0.7112906 -5.315991 11.24079 0.6885949 -5.301594 11.25707 0.7599419 -5.323656 11.26195 0.7172335 -5.317485 11.26535 0.6946569 -5.303594 11.27726 0.7626706 -5.322654 11.28177 0.7273592 -5.318721 11.28458 0.7097623 -5.311703 11.15207 0.8400578 -4.759253 11.11704 0.8227636 -4.778368 11.09673 0.8011385 -4.789692 11.11015 0.783083 -4.739602 11.08345 0.7500879 -4.737288 11.06784 0.7318086 -4.745174 11.12553 0.7693586 -4.734345 11.10166 0.7267823 -4.737798 11.08967 0.7065764 -4.751029 11.14365 0.7596496 -4.73681 11.12569 0.7202775 -4.740402 11.11534 0.6992928 -4.753317 11.16229 0.7522263 -4.740485 11.14805 0.7194199 -4.742393 11.14068 0.7028418 -4.748533 0 0 0 0 0 0
11 10.82194 0.9516625 -4.910785 10.81325 0.9303713 -5.010208 10.83926 0.9319456 -4.81217 10.71829 0.4901838 -5.039516 10.77907 0.4837541 -4.794456 10.81746 0.1040218 -5.07937 10.86872 0.09642871 -4.852846 10.8228 1.122883 -4.912259 10.81905 1.260129 -4.911874 10.78406 1.490321 -4.90773 10.74138 1.579819 -4.903861 10.79914 1.429076 -4.981067 10.82234 1.430105 -4.842419 10.8003 1.401171 -5.093932 10.85927 1.396476 -4.737425 10.82569 1.118747 -5.139925 10.93586 1.120795 -4.711786 10.80701 0.8667885 -5.165002 10.93417 0.8687843 -4.680993 10.67016 0.01513328 -5.077214 10.75239 0.0171813 -4.753884 10.66328 1.659238 -4.908574 10.68653 1.660218 -4.849487 0 0 0 10.7781 0.8417034 -5.157445 10.75159 0.8127035 -5.138786 10.74262 0.784533 -5.127187 10.7597 0.7717887 -5.170221 10.75109 0.7307537 -5.177231 10.74567 0.7061376 -5.1751 10.77915 0.7638219 -5.173468 10.77249 0.7153944 -5.175679 10.76886 0.6891033 -5.170927 10.79934 0.761438 -5.169534 10.79378 0.718444 -5.172073 10.79037 0.6921376 -5.168813 10.81915 0.7614984 -5.164685 10.81462 0.7259747 -5.165156 10.81258 0.7069618 -5.16409 10.90743 0.8404523 -4.678895 10.8768 0.8108254 -4.687603 10.86761 0.7824448 -4.6985 10.90337 0.7676411 -4.670418 10.89985 0.7252843 -4.669682 10.89264 0.7020319 -4.676556 10.9228 0.7624491 -4.677332 10.92008 0.7143155 -4.685713 10.91378 0.6910427 -4.697784 10.93911 0.7635626 -4.690052 10.93817 0.7205364 -4.69586 10.93389 0.6958895 -4.705266 10.95443 0.7671121 -4.703034 10.95336 0.731867 -4.709303 10.95141 0.7137545 -4.715216 0 0 0 0 0 0
12 10.818 0.9507731 -4.907172 10.80793 0.9299737 -5.00657 10.83671 0.930576 -4.808909 10.72536 0.4864287 -5.027615 10.77917 0.4819661 -4.790681 10.82623 0.101024 -5.073537 10.86874 0.09470566 -4.850156 10.81871 1.122 -4.907797 10.81837 1.259296 -4.908429 10.78683 1.489938 -4.902182 10.74597 1.580134 -4.895742 10.79903 1.428879 -4.976208 10.826 1.428831 -4.838242 10.79663 1.401548 -5.089194 10.86469 1.39334 -4.734501 10.81936 1.119114 -5.136501 10.94477 1.118538 -4.710122 10.79885 0.8671938 -5.160509 10.94431 0.8669327 -4.67613 10.67455 0.01979753 -5.073379 10.75266 0.01603862 -4.750454 10.6688 1.66058 -4.89484 10.69536 1.660349 -4.837157 0 0 0 10.76904 0.8434559 -5.152146 10.74192 0.8153738 -5.132967 10.73205 0.7874535 -5.1215 10.74665 0.774765 -5.16518 10.73602 0.7344756 -5.173594 10.72972 0.7099926 -5.172737 10.76553 0.7658954 -5.169334 10.75663 0.7179405 -5.173288 10.75212 0.6915469 -5.170124 10.78572 0.7624449 -5.166263 10.77811 0.7198986 -5.170485 10.77376 0.6935767 -5.168905 10.80568 0.761439 -5.162225 10.79955 0.7262085 -5.164201 10.79679 0.7072577 -5.164411 10.9184 0.8379676 -4.672638 10.88804 0.8076472 -4.679749 10.87893 0.7790872 -4.690234 10.91655 0.7650606 -4.664215 10.91396 0.7226363 -4.663522 10.90681 0.6992949 -4.670152 10.93568 0.7603489 -4.672229 10.93375 0.712222 -4.680865 10.92736 0.6889192 -4.692828 10.95121 0.76188 -4.685841 10.95132 0.7189013 -4.69206 10.94725 0.6942589 -4.701571 10.9657 0.7658237 -4.69965 10.96549 0.7305983 -4.706117 10.96381 0.7124808 -4.712096 0 0 0 0 0 0
13 10.81381 0.9499879 -4.914762 10.80005 0.9292505 -5.013729 10.83613 0.9297203 -4.81727 10.72737 0.4832801 -5.022785 10.77976 0.4813072 -4.791704 10.82964 0.09800329 -5.068926 10.87018 0.09330293 -4.844785 10.81468 1.121214 -4.915332 10.81597 1.258506 -4.91566 10.78724 1.48949 -4.908565 10.74798 1.580357 -4.901581 10.79623 1.428257 -4.982904 10.82787 1.427985 -4.845933 10.78959 1.400813 -5.095694 10.86873 1.391474 -4.743383 10.80588 1.118347 -5.145398 10.94982 1.116569 -4.724047 10.78025 0.8668914 -5.169359 10.94235 0.8645394 -4.694278 10.67767 0.01731571 -5.068619 10.75412 0.01407405 -4.745503 10.67231 1.662061 -4.896382 10.70252 1.661805 -4.840523 0 0 0 10.75107 0.8432994 -5.158678 10.72505 0.8159301 -5.137097 10.71598 0.7885234 -5.123859 10.7291 0.7737799 -5.167293 10.71901 0.7329537 -5.173496 10.71328 0.7084046 -5.17141 10.74793 0.7649119 -5.171677 10.73993 0.7166595 -5.173149 10.73614 0.6903186 -5.168816 10.76826 0.7618477 -5.169178 10.76149 0.7190081 -5.171363 10.75784 0.6926677 -5.168696 10.78837 0.7612728 -5.165836 10.78306 0.7258593 -5.166382 10.78078 0.7068464 -5.165976 10.91594 0.8359773 -4.69131 10.8848 0.8066104 -4.699029 10.87488 0.7786655 -4.7104 10.91278 0.7628685 -4.685404 10.9088 0.7205784 -4.68706 10.9005 0.6980789 -4.695114 10.93166 0.7580718 -4.693937 10.92834 0.7106075 -4.705367 10.92082 0.6885309 -4.718895 10.94697 0.7597802 -4.707778 10.94619 0.7172906 -4.716716 10.9411 0.6936556 -4.728106 10.96128 0.7639267 -4.721712 10.96052 0.7291384 -4.730189 10.95823 0.7115601 -4.737443 0 0 0 0 0 0
14 10.80604 0.9495171 -4.935938 10.78929 0.9287162 -5.03443 10.83116 0.9292794 -4.839122 10.72432 0.4813681 -5.031177 10.777 0.4813837 -4.801692 10.83139 0.09616294 -5.066627 10.86996 0.09239777 -4.841921 10.80753 1.120738 -4.936751 10.81038 1.257998 -4.938261 10.78483 1.489309 -4.929773 10.74725 1.580827 -4.922108 10.78995 1.428071 -5.004476 10.82728 1.427222 -4.868945 10.77796 1.400774 -5.116858 10.87168 1.389939 -4.768162 10.78678 1.118148 -5.167533 10.94999 1.113895 -4.754344 10.75495 0.8671607 -5.188816 10.93911 0.861841 -4.725865 10.67922 0.01586165 -5.066157 10.75399 0.01269677 -4.742913 10.67238 1.6632 -4.916024 10.70366 1.663071 -4.860758 0 0 0 10.72682 0.8439621 -5.174922 10.70276 0.8174195 -5.150254 10.69493 0.7905057 -5.135325 10.70443 0.7741771 -5.179209 10.69434 0.7330383 -5.182797 10.68909 0.7085765 -5.179064 10.72286 0.7651601 -5.184818 10.71543 0.7168083 -5.183609 10.7124 0.6906689 -5.177737 10.74333 0.7621893 -5.183904 10.73708 0.7192149 -5.183898 10.73408 0.692982 -5.179762 10.76365 0.7617362 -5.18222 10.75893 0.7262462 -5.18129 10.75703 0.7072291 -5.180044 10.91206 0.8340082 -4.721915 10.87988 0.805541 -4.728699 10.86886 0.7778295 -4.739614 10.90717 0.7610673 -4.715171 10.90127 0.7190437 -4.717681 10.89142 0.6974332 -4.726388 10.92569 0.755697 -4.724142 10.92031 0.7086944 -4.736645 10.91115 0.6877674 -4.750971 10.94067 0.7568709 -4.738393 10.93837 0.7147071 -4.748531 10.93167 0.6920467 -4.761018 10.95471 0.7605074 -4.752736 10.9529 0.7259545 -4.761984 10.94961 0.7088531 -4.769956 0 0 0 0 0 0
15 10.80085 0.949263 -4.96009 10.78126 0.928485 -5.058061 10.82876 0.9290056 -4.864047 10.72082 0.4807382 -5.042824 10.7763 0.4821675 -4.812614 10.83249 0.09578498 -5.064107 10.86962 0.09194794 -4.838761 10.80227 1.120484 -4.960896 10.80512 1.257742 -4.962611 10.78045 1.489168 -4.954661 10.74482 1.580891 -4.941865 10.78373 1.427565 -5.029166 10.82406 1.427237 -4.894496 10.76956 1.399756 -5.141168 10.87117 1.390931 -4.794591 10.77553 1.116836 -5.1906 10.94649 1.114006 -4.781839 10.74153 0.8660225 -5.21054 10.93857 0.8618845 -4.752976 10.68013 0.01584729 -5.064008 10.75353 0.01173868 -4.740303 10.67 1.663411 -4.946436 10.69071 1.661077 -4.886449 0 0 0 10.71332 0.8431175 -5.196326 10.68938 0.8166962 -5.171414 10.68142 0.7897071 -5.156692 10.6895 0.773848 -5.201211 10.67889 0.7328209 -5.204588 10.67349 0.7084503 -5.200495 10.70761 0.764586 -5.207438 10.69984 0.7162891 -5.206185 10.69677 0.6902283 -5.199988 10.72803 0.7612174 -5.207096 10.7215 0.7182851 -5.207206 10.71844 0.6921057 -5.202787 10.74838 0.7603554 -5.205938 10.74353 0.7248753 -5.205376 10.74157 0.7058649 -5.204115 10.91125 0.8345504 -4.747635 10.87852 0.8064436 -4.753122 10.86688 0.7785826 -4.762972 10.90559 0.7619672 -4.738177 10.89834 0.7201499 -4.740587 10.88734 0.6992115 -4.749547 10.92392 0.7560468 -4.74721 10.91717 0.7092139 -4.759685 10.90681 0.6891263 -4.774388 10.9387 0.7565191 -4.761705 10.93534 0.714456 -4.771964 10.92734 0.6925389 -4.785003 10.95257 0.7594607 -4.77637 10.95005 0.7249352 -4.785554 10.94595 0.7081699 -4.793853 0 0 0 0 0 0
16 10.79846 0.9493605 -4.979195 10.77788 0.9287648 -5.077001 10.82744 0.9289477 -4.883504 10.71925 0.4811975 -5.052338 10.77612 0.4831228 -4.821987 10.83344 0.09648367 -5.060554 10.87017 0.09232547 -4.835688 10.79942 1.120586 -4.979603 10.80147 1.257853 -4.981771 10.77462 1.489094 -4.975777 10.73588 1.579945 -4.966182 10.77816 1.426859 -5.049743 10.81909 1.428124 -4.915259 10.76385 1.397883 -5.161432 10.86832 1.394742 -4.81536 10.77119 1.114818 -5.209843 10.93982 1.117075 -4.797702 10.73941 0.8636698 -5.229214 10.93673 0.8648958 -4.768433 10.68095 0.01679107 -5.060409 10.75392 0.01213213 -4.737402 10.6599 1.66063 -4.978245 10.67588 1.659869 -4.916786 0 0 0 10.71197 0.8401562 -5.214508 10.68895 0.8134928 -5.188991 10.68186 0.7865152 -5.173812 10.69009 0.7701845 -5.21836 10.68093 0.7287244 -5.220416 10.67643 0.7043691 -5.21527 10.70841 0.7613612 -5.224608 10.70247 0.7128631 -5.221929 10.70045 0.6869943 -5.214603 10.72892 0.7585765 -5.224378 10.72405 0.7154367 -5.223318 10.72204 0.6893686 -5.217782 10.74929 0.758305 -5.223363 10.74589 0.7226791 -5.22199 10.7447 0.7036632 -5.220037 10.90885 0.8381677 -4.762893 10.87557 0.8107283 -4.768505 10.86346 0.7829494 -4.778005 10.90178 0.7659451 -4.751773 10.89297 0.7245118 -4.755347 10.88095 0.7047281 -4.765543 10.92014 0.7594952 -4.760347 10.91198 0.7132112 -4.773971 10.90065 0.6946308 -4.789887 10.93517 0.7593608 -4.774596 10.93061 0.7177152 -4.78603 10.9214 0.6971974 -4.800468 10.94933 0.7617058 -4.78909 10.94602 0.7274663 -4.799061 10.94108 0.7114221 -4.808279 0 0 0 0 0 0
17 10.79876 0.9498903 -4.990755 10.77882 0.9292065 -5.088674 10.82737 0.9296169 -4.894921 10.71886 0.482186 -5.058997 10.7762 0.4849409 -4.825647 10.83388 0.09769376 -5.057396 10.87106 0.09417357 -4.831985 10.79871 1.121119 -4.991104 10.79885 1.258373 -4.994586 10.76851 1.489244 -4.991878 10.72629 1.578744 -4.984562 10.77398 1.426153 -5.064997 10.81304 1.429703 -4.93 10.76181 1.395583 -5.176513 10.86236 1.399811 -4.829041 10.77407 1.112137 -5.221579 10.93183 1.122341 -4.802446 10.74682 0.8602303 -5.237737 10.93357 0.8708506 -4.767659 10.68145 0.01788225 -5.056515 10.75476 0.01437499 -4.733438 10.65016 1.659174 -4.997356 10.66645 1.659287 -4.935976 0 0 0 10.71968 0.8363281 -5.223085 10.69682 0.8097595 -5.197336 10.69007 0.7829447 -5.181714 10.69949 0.7658092 -5.226106 10.69165 0.7240301 -5.226065 10.68781 0.7000087 -5.219129 10.71811 0.7573146 -5.231903 10.71377 0.7088363 -5.226853 10.71251 0.6835821 -5.217494 10.73868 0.7550148 -5.231289 10.73536 0.7118295 -5.228148 10.73418 0.6862422 -5.220521 10.75903 0.755237 -5.229936 10.75696 0.7196029 -5.226998 10.75646 0.700753 -5.223645 10.90538 0.8445676 -4.761629 10.87184 0.8174815 -4.767409 10.85955 0.7895531 -4.776213 10.89752 0.7729957 -4.747294 10.8866 0.7324707 -4.754042 10.87319 0.7155083 -4.767178 10.91607 0.7660456 -4.755042 10.90602 0.721151 -4.771719 10.89328 0.706374 -4.790322 10.93147 0.7651519 -4.768849 10.92525 0.7247154 -4.783409 10.91401 0.7079821 -4.800958 10.94604 0.7667275 -4.783041 10.94171 0.7333249 -4.795218 10.93529 0.7193475 -4.80663 0 0 0 0 0 0
19 10.82798 0.928327 -4.953617 10.81832 0.9022245 -5.051795 10.84719 0.9136282 -4.854477 10.6187 0.5002494 -5.02445 10.74327 0.4756103 -4.847575 10.85913 0.1830056 -5.055093 10.85066 0.09517618 -4.907119 10.82493 1.099269 -4.963051 10.82437 1.236334 -4.955069 10.78633 1.46572 -4.942233 10.7369 1.551167 -4.932132 10.804 1.407784 -5.017652 10.82376 1.403277 -4.878543 10.80176 1.392802 -5.132931 10.85485 1.380022 -4.768947 10.83838 1.11501 -5.196284 10.94501 1.109007 -4.738186 10.78414 0.8678524 -5.217068 10.92422 0.8574041 -4.711272 10.76279 0.04198631 -5.075968 10.71039 0.01547732 -4.847291 10.65227 1.622568 -4.945075 10.66612 1.621971 -4.883101 0 0 0 10.75497 0.8453586 -5.204199 10.7325 0.8165048 -5.180652 10.72457 0.7889325 -5.167034 10.72879 0.7772684 -5.212441 10.71574 0.736864 -5.214512 10.70888 0.7131081 -5.209173 10.74663 0.7676526 -5.218884 10.74003 0.7201791 -5.209023 10.73799 0.6981518 -5.193608 10.76692 0.7635459 -5.218474 10.76199 0.7211617 -5.210404 10.76002 0.6988348 -5.195848 10.78721 0.7619081 -5.217138 10.78364 0.7267922 -5.211071 10.78234 0.7093914 -5.203176 10.89603 0.8304776 -4.712785 10.86691 0.8016392 -4.727355 10.85576 0.7738999 -4.738065 10.88502 0.7597738 -4.696363 10.87528 0.7184011 -4.695733 10.86657 0.6963564 -4.704567 10.9052 0.7530672 -4.697073 10.89963 0.705011 -4.70443 10.89337 0.683286 -4.719119 10.9243 0.7518652 -4.70498 10.92209 0.7090767 -4.712058 10.91741 0.6868047 -4.726072 10.94269 0.7530655 -4.713715 10.94164 0.7176939 -4.719233 10.9396 0.7002841 -4.726949 0 0 0 0 0 0
20 10.56096 0.9059507 -4.882538 10.54604 0.8785968 -4.979711 10.58694 0.8928766 -4.784721 10.2639 0.5287731 -4.961088 10.61801 0.4431468 -4.810512 10.22511 0.1329224 -4.924992 10.80045 0.09855612 -4.903847 10.55121 1.076582 -4.892988 10.55263 1.213495 -4.882804 10.5093 1.442018 -4.871444 10.45658 1.525625 -4.862657 10.53084 1.384485 -4.946162 10.54579 1.380373 -4.806441 10.53108 1.372136 -5.061774 10.5714 1.362971 -4.694371 10.63135 1.111741 -5.130069 10.60791 1.084522 -4.633903 10.61717 0.8608325 -5.166183 10.49728 0.8597274 -4.592797 10.05334 0.1269192 -4.932873 10.65861 0.01216259 -4.858879 10.37034 1.5942 -4.879597 10.38154 1.594324 -4.817088 0 0 0 10.5952 0.8300948 -5.156461 10.58018 0.7968768 -5.132733 10.57867 0.7684726 -5.11861 10.59034 0.7580864 -5.169916 10.58727 0.7157041 -5.171079 10.58563 0.6914541 -5.164071 10.61051 0.754456 -5.175638 10.61521 0.7061211 -5.169623 10.61769 0.6828008 -5.156321 10.63107 0.7563222 -5.174087 10.63823 0.7138075 -5.168885 10.64212 0.6907941 -5.155863 10.65087 0.760483 -5.171486 10.65734 0.7254232 -5.168068 10.66078 0.7077486 -5.161541 10.46038 0.8486658 -4.599015 10.42385 0.8339666 -4.617481 10.40189 0.8135532 -4.627952 10.4133 0.7962332 -4.578434 10.38382 0.7657886 -4.575119 10.36665 0.7486202 -4.582222 10.42732 0.7812749 -4.572772 10.39966 0.7409718 -4.575016 10.38581 0.7213127 -4.587207 10.44449 0.7698901 -4.574896 10.42285 0.7323102 -4.577191 10.41048 0.711823 -4.589095 10.46239 0.7607064 -4.578276 10.44508 0.7293659 -4.579322 10.43617 0.713339 -4.584849 0 0 0 0 0 0
21 10.22706 0.8854497 -4.817408 10.21718 0.8642627 -4.916741 10.24702 0.8659713 -4.719246 9.967897 0.4928007 -4.871445 10.22623 0.4168169 -4.716824 10.02271 0.09912791 -4.833921 10.55676 0.2080474 -4.79779 10.22172 1.056594 -4.818081 10.21859 1.193852 -4.816948 10.1742 1.422434 -4.820019 10.12404 1.507819 -4.813687 10.2002 1.361225 -4.890263 10.20694 1.364419 -4.749881 10.2069 1.343013 -5.004901 10.22522 1.353133 -4.635614 10.31335 1.080679 -5.053616 10.27731 1.078001 -4.571489 10.29729 0.830997 -5.096763 10.18867 0.8443702 -4.526553 9.870572 0.01881536 -4.837146 10.57059 0.03754582 -4.816314 10.03943 1.577587 -4.833709 10.04909 1.578416 -4.770949 0 0 0 10.2754 0.7991076 -5.09165 10.25762 0.763634 -5.073838 10.25455 0.7341085 -5.06255 10.27537 0.7277281 -5.108819 10.27305 0.6860123 -5.116659 10.27146 0.6607844 -5.115718 10.29626 0.7250529 -5.111748 10.30188 0.6766407 -5.107362 10.30381 0.6521373 -5.09628 10.31631 0.7275199 -5.107187 10.32458 0.6851576 -5.102388 10.32751 0.6619633 -5.089439 10.33536 0.7322004 -5.101596 10.3429 0.6973172 -5.098589 10.34614 0.6795828 -5.092126 10.15353 0.8283256 -4.532059 10.11988 0.8079033 -4.550559 10.10123 0.784363 -4.56089 10.11417 0.7704659 -4.509866 10.08912 0.7363191 -4.506176 10.07441 0.7172017 -4.513786 10.13014 0.7576461 -4.504119 10.1084 0.7138366 -4.505777 10.09746 0.6927992 -4.51861 10.14866 0.748632 -4.506267 10.13243 0.7083883 -4.508012 10.12297 0.6863773 -4.519853 10.16759 0.7418711 -4.509721 10.15481 0.7084176 -4.510147 10.14816 0.6912716 -4.515501 0 0 0 0 0 0
22 9.817219 0.938829 -4.765019 9.806502 0.9181638 -4.864377 9.836927 0.9185758 -4.666964 9.703529 0.4802335 -4.844127 9.715796 0.488131 -4.619828 9.818224 0.09718999 -4.845179 9.907839 0.1427988 -4.676884 9.81647 1.110056 -4.765262 9.816924 1.247352 -4.765958 9.784121 1.477863 -4.761673 9.741369 1.567165 -4.75506 9.798621 1.416522 -4.835047 9.821826 1.417247 -4.696399 9.796265 1.392109 -4.948701 9.855179 1.38966 -4.588486 9.830721 1.111861 -5.00159 9.933555 1.115218 -4.555897 9.793173 0.8614547 -5.020228 9.91569 0.8637962 -4.525425 9.666411 0.01710334 -4.857189 9.812361 0.02334078 -4.598024 9.661489 1.644271 -4.76517 9.679318 1.644582 -4.70422 0 0 0 9.764668 0.8375328 -5.008503 9.738762 0.8103409 -4.986564 9.729364 0.783224 -4.972966 9.743437 0.7676534 -5.015979 9.731432 0.7270954 -5.020219 9.72473 0.702911 -5.017046 9.762249 0.759019 -5.020876 9.754919 0.7107913 -5.01702 9.751561 0.6855608 -5.008126 9.782684 0.7562574 -5.018981 9.778242 0.7131794 -5.01575 9.77589 0.6880558 -5.006945 9.802896 0.7559877 -5.016251 9.799747 0.7204221 -5.013446 9.798456 0.7017525 -5.009373 9.887755 0.8365588 -4.525529 9.857769 0.8075605 -4.537848 9.847513 0.7793894 -4.548326 9.879135 0.7649725 -4.511713 9.87125 0.7232019 -4.511451 9.862571 0.7011017 -4.520176 9.899206 0.7586116 -4.514736 9.894754 0.7106366 -4.523284 9.888241 0.6887812 -4.537667 9.917444 0.7580883 -4.524529 9.916014 0.7152897 -4.531748 9.911294 0.6923745 -4.544666 9.934872 0.759994 -4.534954 9.934305 0.7247213 -4.541135 9.932323 0.7071773 -4.548557 0 0 0 0 0 0
23 9.769863 0.9433091 -4.776839 9.758285 0.9231038 -4.876194 9.789968 0.9225031 -4.678979 9.690797 0.4774663 -4.85616 9.689971 0.4872509 -4.623719 9.816229 0.09715106 -4.846231 9.80388 0.1057837 -4.657638 9.771019 1.114534 -4.776504 9.773089 1.251814 -4.777261 9.744602 1.482883 -4.772218 9.70355 1.572866 -4.764206 9.756579 1.421355 -4.84589 9.782425 1.421526 -4.707707 9.75351 1.394861 -4.959059 9.818883 1.3911 -4.601577 9.770315 1.112717 -5.010394 9.891515 1.114571 -4.573655 9.725796 0.863333 -5.027322 9.886857 0.8621646 -4.546638 9.665156 0.01721223 -4.866027 9.690881 0.01612296 -4.563844 9.627034 1.651634 -4.78342 9.636444 1.650493 -4.720627 0 0 0 9.69593 0.8415101 -5.014909 9.669378 0.8163382 -4.991389 9.659535 0.7897846 -4.977016 9.670151 0.7730361 -5.020952 9.657098 0.732596 -5.022064 9.649725 0.7092822 -5.015584 9.688313 0.7631193 -5.025874 9.678741 0.7154078 -5.020728 9.67429 0.6908535 -5.010519 9.708547 0.7590724 -5.024123 9.701332 0.7163989 -5.020547 9.697442 0.6914532 -5.011781 9.728726 0.7575404 -5.021579 9.723361 0.722279 -5.018334 9.720947 0.7037372 -5.014187 9.859461 0.8344065 -4.545548 9.829165 0.8051789 -4.556489 9.819342 0.7769169 -4.567134 9.853137 0.7622521 -4.533567 9.84621 0.7203591 -4.535573 9.837187 0.6989356 -4.545547 9.873022 0.7563856 -4.538322 9.868877 0.7089544 -4.549619 9.86161 0.6881562 -4.565162 9.890463 0.7565383 -4.549486 9.889303 0.7141827 -4.559 9.883821 0.6921857 -4.573153 9.907005 0.7591233 -4.561134 9.906601 0.7242677 -4.569357 9.904168 0.7073167 -4.577934 0 0 0 0 0 0
24 9.753363 0.9463832 -4.791358 9.744349 0.9262468 -4.890993 9.77095 0.9255116 -4.693028 9.682243 0.4793419 -4.873189 9.672779 0.4911709 -4.62829 9.804906 0.09803178 -4.855777 9.791051 0.1101115 -4.649138 9.754463 1.117608 -4.79087 9.755756 1.254893 -4.792288 9.725789 1.4858 -4.788646 9.6828 1.57514 -4.784548 9.73952 1.42408 -4.86185 9.76276 1.424909 -4.723207 9.739646 1.395573 -4.97457 9.799451 1.394626 -4.617116 9.757286 1.113108 -5.023818 9.86608 1.11704 -4.585027 9.722293 0.8623636 -5.042887 9.864439 0.8650323 -4.554204 9.654305 0.01795169 -4.878399 9.670166 0.02386131 -4.562231 9.607677 1.654313 -4.807277 9.615349 1.65422 -4.744237 0 0 0 9.692845 0.8395643 -5.031255 9.666341 0.8140441 -5.00806 9.657061 0.7874715 -4.993351 9.670264 0.769922 -5.036717 9.659967 0.7286798 -5.036979 9.653893 0.7051989 -5.029794 9.689031 0.7606872 -5.040593 9.681838 0.7126198 -5.034909 9.678312 0.6880074 -5.02448 9.709316 0.7575573 -5.037858 9.703865 0.7146459 -5.034014 9.700737 0.6895754 -5.0253 9.729409 0.7569554 -5.034396 9.725532 0.7215315 -5.030818 9.723812 0.7029234 -5.026622 9.836215 0.8381717 -4.552171 9.804632 0.8100913 -4.562459 9.793923 0.7820038 -4.572706 9.827857 0.7664586 -4.53886 9.8191 0.725198 -4.544143 9.808503 0.7060613 -4.556846 9.847463 0.7598917 -4.543857 9.840973 0.7136449 -4.558473 9.831791 0.6959238 -4.5766 9.864698 0.759312 -4.555321 9.86147 0.7178451 -4.567808 9.853807 0.6985701 -4.584661 9.881104 0.7611836 -4.567294 9.879139 0.7269983 -4.577792 9.875137 0.7115512 -4.588384 0 0 0 0 0 0
25 9.751085 0.9489105 -4.795622 9.745146 0.9281999 -4.895369 9.766014 0.92869 -4.696718 9.677628 0.4821303 -4.877917 9.689368 0.4887492 -4.633553 9.796758 0.09989431 -4.85777 9.800361 0.1040219 -4.638994 9.750579 1.120138 -4.795991 9.749914 1.257415 -4.798365 9.717207 1.487977 -4.799232 9.672581 1.576595 -4.797909 9.73433 1.425383 -4.870964 9.75243 1.428474 -4.731589 9.739334 1.39504 -4.983093 9.786329 1.399843 -4.62412 9.761702 1.112095 -5.027422 9.850611 1.122547 -4.585417 9.735238 0.860298 -5.046357 9.850831 0.8710778 -4.550432 9.646681 0.01881178 -4.880299 9.67668 0.01918425 -4.554669 9.598446 1.65688 -4.819967 9.607345 1.657258 -4.75709 0 0 0 9.706137 0.8364473 -5.036038 9.679289 0.8104761 -5.013756 9.670202 0.7838116 -4.999092 9.686655 0.7659049 -5.041874 9.678308 0.7243093 -5.039201 9.672858 0.7016392 -5.02939 9.705953 0.7573944 -5.044638 9.700787 0.7095421 -5.035808 9.697769 0.6862611 -5.022547 9.726171 0.7551084 -5.040793 9.722702 0.7123371 -5.034127 9.720167 0.6884245 -5.022463 9.746058 0.7553472 -5.036263 9.74389 0.7200652 -5.030504 9.742771 0.7020076 -5.02422 9.822546 0.8442791 -4.548419 9.790913 0.8164374 -4.559187 9.780353 0.7882808 -4.569399 9.813886 0.7728095 -4.534036 9.804498 0.7323704 -4.543178 9.793458 0.7159148 -4.5589 9.833566 0.7661427 -4.538589 9.82644 0.7213806 -4.55703 9.81663 0.707342 -4.577854 9.850991 0.7653537 -4.549747 9.847157 0.7251801 -4.565786 9.838436 0.7094933 -4.585588 9.867599 0.7670077 -4.561473 9.865302 0.7337924 -4.574669 9.860472 0.7204133 -4.587494 0 0 0 0 0 0
26 9.749718 0.9512927 -4.788435 9.747392 0.9304201 -4.888298 9.761213 0.9312682 -4.689034 9.675417 0.4848785 -4.877723 9.6968 0.4871558 -4.634389 9.791521 0.1015828 -4.861185 9.800766 0.09946641 -4.637138 9.748571 1.122517 -4.789084 9.747206 1.259789 -4.791411 9.713688 1.490216 -4.794423 9.669544 1.579069 -4.796165 9.733866 1.427435 -4.865191 9.746436 1.431093 -4.725223 9.743575 1.396767 -4.976921 9.776071 1.40217 -4.616577 9.768794 1.114015 -5.020951 9.840804 1.125194 -4.576365 9.747307 0.8619816 -5.04282 9.839214 0.8737509 -4.541229 9.641603 0.0202113 -4.883738 9.67376 0.01806166 -4.554386 9.595804 1.660013 -4.817113 9.606877 1.661369 -4.754596 0 0 0 9.718357 0.8373976 -5.033887 9.691015 0.8111134 -5.012594 9.681837 0.7842852 -4.998291 9.700753 0.766483 -5.041029 9.692856 0.7251516 -5.034998 9.687135 0.7041418 -5.022124 9.720338 0.7584326 -5.043052 9.715659 0.7113705 -5.03049 9.712231 0.6904956 -5.013774 9.740427 0.7565725 -5.038388 9.737867 0.714456 -5.028116 9.735097 0.6928293 -5.01266 9.760098 0.7572235 -5.033035 9.758641 0.7224915 -5.024418 9.757412 0.7056769 -5.015331 9.811029 0.8468029 -4.539928 9.77981 0.8187376 -4.551305 9.769791 0.7904295 -4.561641 9.802368 0.775314 -4.525641 9.793788 0.7344753 -4.533741 9.783466 0.7170865 -4.548939 9.822199 0.7687455 -4.529649 9.816008 0.7233894 -4.54694 9.807023 0.7081621 -4.567296 9.839924 0.7680308 -4.540332 9.836694 0.7273074 -4.555064 9.828806 0.7103359 -4.574143 9.856833 0.7697533 -4.551608 9.854927 0.7361618 -4.563882 9.85065 0.7220748 -4.576133 0 0 0 0 0 0
