Hips LeftUpperLeg RightUpperLeg LeftLowerLeg RightLowerLeg LeftFoot RightFoot Spine Chest Neck Head LeftShoulder RightShoulder LeftUpperArm RightUpperArm LeftLowerArm RightLowerArm LeftHand RightHand LeftToes RightToes LeftEye RightEye Jaw LeftThumbProximal LeftThumbIntermediate LeftThumbDistal LeftIndexProximal LeftIndexIntermediate LeftIndexDistal LeftMiddleProximal LeftMiddleIntermediate LeftMiddleDistal LeftRingProximal LeftRingIntermediate LeftRingDistal LeftLittleProximal LeftLittleIntermediate LeftLittleDistal RightThumbProximal RightThumbIntermediate RightThumbDistal RightIndexProximal RightIndexIntermediate RightIndexDistal RightMiddleProximal RightMiddleIntermediate RightMiddleDistal RightRingProximal RightRingIntermediate RightRingDistal RightLittleProximal RightLittleIntermediate RightLittleDistal UpperChest LastBone
0 8.002597 1.001947 -5.181025 8.016743 1.0019 -5.097233 7.988451 1.001995 -5.264815 8.074558 0.5803203 -5.086977 8.043577 0.580722 -5.281126 7.996087 0.1004126 -5.01333 7.951259 0.09947284 -5.246012 7.995876 1.111296 -5.179829 8.008621 1.262108 -5.181167 8.007439 1.508132 -5.181291 8.009889 1.586533 -5.180776 8.013132 1.454843 -5.140058 7.995463 1.454718 -5.220986 8.029371 1.430041 -5.03364 7.967854 1.421628 -5.322704 8.016918 1.191652 -4.982257 7.896948 1.189649 -5.350688 8.024584 0.9560963 -4.947077 7.883042 0.9537846 -5.38163 8.123386 0.0009975061 -5.022172 8.053367 0.001538359 -5.324431 0 0 0 0 0 0 0 0 0 8.043984 0.9465387 -4.956764 8.062719 0.9126872 -4.966734 8.068279 0.8754242 -4.973162 8.050639 0.8840694 -4.928491 8.051277 0.8533033 -4.908482 8.051538 0.834713 -4.901154 8.030927 0.8823293 -4.916901 8.031008 0.8464462 -4.898107 8.030918 0.8246247 -4.890593 0 0 0 0 0 0 0 0 0 0 0 0 0 0 0 0 0 0 7.903095 0.9411724 -5.382247 7.921322 0.9059566 -5.37735 7.923347 0.8695836 -5.365789 7.884233 0.8758713 -5.393478 7.872159 0.8415861 -5.398579 7.869079 0.822096 -5.395412 7.861441 0.8774397 -5.391491 7.848339 0.8391097 -5.391573 7.844625 0.817242 -5.385198 0 0 0 0 0 0 0 0 0 0 0 0 0 0 0 0 0 0 0 0 0 0 0 0
1 8.008869 1.001256 -5.16623 8.026085 1.00098 -5.083015 7.991653 1.001532 -5.249444 8.075899 0.5781667 -5.084921 8.044205 0.5801734 -5.274274 7.993357 0.0979236 -5.017457 7.950894 0.09818264 -5.251275 8.002069 1.110592 -5.164461 8.012914 1.261548 -5.166217 8.008648 1.507538 -5.166252 8.010782 1.585937 -5.16483 8.016628 1.454338 -5.125285 7.995787 1.453965 -5.205454 8.037753 1.429679 -5.019694 7.965404 1.420084 -5.306115 8.032319 1.191338 -4.966884 7.895285 1.187309 -5.329003 8.046468 0.9559606 -4.93253 7.887379 0.9507862 -5.356889 8.120811 -0.001248516 -5.026778 8.052769 -0.0002313033 -5.329397 0 0 0 0 0 0 0 0 0 8.064947 0.9466231 -4.944057 8.081925 0.9131203 -4.957683 8.085821 0.8763208 -4.967241 8.071113 0.8819808 -4.921048 8.071569 0.8497555 -4.903481 8.071451 0.8306521 -4.897614 8.052052 0.8799208 -4.908463 8.051617 0.8427215 -4.892437 8.050994 0.8204076 -4.886578 0 0 0 0 0 0 0 0 0 0 0 0 0 0 0 0 0 0 7.907713 0.938654 -5.357849 7.92706 0.9040731 -5.352733 7.930436 0.8680158 -5.340517 7.890167 0.872722 -5.3674 7.87921 0.8378246 -5.370471 7.877178 0.8184676 -5.365938 7.867406 0.8737736 -5.3648 7.855489 0.8351224 -5.362586 7.852984 0.8136371 -5.35454 0 0 0 0 0 0 0 0 0 0 0 0 0 0 0 0 0 0 0 0 0 0 0 0
2 8.016295 1.00086 -5.140973 8.036027 1.000542 -5.058319 7.996564 1.001178 -5.223627 8.081461 0.5774985 -5.071682 8.046078 0.5799225 -5.258507 7.992155 0.09667715 -5.019053 7.951035 0.09746733 -5.253353 8.009382 1.110184 -5.138902 8.019392 1.261203 -5.140067 8.012979 1.507147 -5.139823 8.013238 1.585586 -5.140141 8.022809 1.454008 -5.099179 7.999263 1.453473 -5.178595 8.047586 1.42946 -4.994359 7.965652 1.419537 -5.278205 8.046919 1.190967 -4.941958 7.897594 1.185847 -5.297766 8.065763 0.9556746 -4.909323 7.88975 0.9492504 -5.325031 8.119923 -0.002091445 -5.028372 8.052783 -0.001349129 -5.331131 0 0 0 0 0 0 0 0 0 8.083773 0.9467378 -4.921868 8.100715 0.9136561 -4.936528 8.104855 0.8769624 -4.946386 8.092581 0.8822361 -4.899328 8.094316 0.8498233 -4.882191 8.094679 0.8306084 -4.876711 8.074292 0.8797652 -4.885713 8.075043 0.8424043 -4.870078 8.074882 0.8199753 -4.864641 0 0 0 0 0 0 0 0 0 0 0 0 0 0 0 0 0 0 7.910233 0.9374667 -5.326799 7.930361 0.9031532 -5.323086 7.934698 0.8668174 -5.312057 7.893455 0.871628 -5.338196 7.883441 0.8364139 -5.340841 7.882369 0.8171181 -5.335752 7.870738 0.8722479 -5.335111 7.859823 0.8333329 -5.332404 7.858474 0.8120461 -5.323589 0 0 0 0 0 0 0 0 0 0 0 0 0 0 0 0 0 0 0 0 0 0 0 0
3 8.020057 1.000697 -5.11804 8.041532 1.000568 -5.035821 7.998582 1.000827 -5.200258 8.085711 0.5779584 -5.059128 8.045853 0.5800514 -5.2457 7.990686 0.09691241 -5.022429 7.951017 0.09734782 -5.257082 8.013354 1.110037 -5.116117 8.023901 1.261018 -5.117511 8.018534 1.50698 -5.115788 8.019361 1.585403 -5.117279 8.028671 1.45357 -5.075579 8.004083 1.453587 -5.15468 8.054447 1.428293 -4.971174 7.967987 1.421392 -5.253999 8.054423 1.189659 -4.919415 7.902826 1.186978 -5.274717 8.073034 0.9543526 -4.886746 7.89068 0.9504491 -5.300975 8.118619 -0.001667894 -5.031487 8.052772 -0.001825608 -5.334396 0 0 0 0 0 0 0 0 0 8.090769 0.9450783 -4.899436 8.107227 0.9117139 -4.914005 8.110904 0.8748801 -4.92352 8.099292 0.8807916 -4.876184 8.100593 0.8483014 -4.859155 8.100586 0.8290064 -4.853951 8.081185 0.8786764 -4.862269 8.081326 0.8412855 -4.846689 8.080671 0.8187863 -4.841591 0 0 0 0 0 0 0 0 0 0 0 0 0 0 0 0 0 0 7.911305 0.9389488 -5.302953 7.932058 0.90496 -5.299725 7.937061 0.8685408 -5.289268 7.895326 0.873127 -5.315535 7.886185 0.8376309 -5.317474 7.885881 0.8185257 -5.31162 7.872604 0.8734152 -5.312441 7.862564 0.8343254 -5.308975 7.862129 0.8134199 -5.299208 0 0 0 0 0 0 0 0 0 0 0 0 0 0 0 0 0 0 0 0 0 0 0 0
4 8.021903 1.000948 -5.101513 8.04356 1.001045 -5.019342 8.000246 1.000851 -5.183684 8.088439 0.5790488 -5.049603 8.047297 0.5801284 -5.231 7.990415 0.09788718 -5.026252 7.950541 0.09844568 -5.260852 8.015464 1.110309 -5.099945 8.027074 1.261217 -5.100568 8.024338 1.507192 -5.096326 8.028416 1.585511 -5.094769 8.033741 1.453265 -5.056631 8.009471 1.454361 -5.135823 8.058702 1.426622 -4.952369 7.972203 1.425191 -5.235643 8.056257 1.187693 -4.90205 7.910543 1.190515 -5.263026 8.07187 0.9519693 -4.87085 7.894132 0.9546711 -5.292884 8.118496 -0.0004554167 -5.035783 8.052568 -0.0003328696 -5.338313 0 0 0 0 0 0 0 0 0 8.089401 0.942547 -4.883711 8.105052 0.909218 -4.899221 8.10778 0.8725976 -4.909817 8.095976 0.8774276 -4.862209 8.09592 0.8442022 -4.846609 8.095093 0.8246674 -4.842477 8.077742 0.8754464 -4.848441 8.076335 0.8374532 -4.834464 8.074703 0.8147478 -4.830663 0 0 0 0 0 0 0 0 0 0 0 0 0 0 0 0 0 0 7.914992 0.9435934 -5.294808 7.936554 0.9100528 -5.292271 7.942256 0.8733713 -5.283176 7.900463 0.8781947 -5.310871 7.892946 0.8422733 -5.311543 7.893929 0.8237838 -5.304024 7.877664 0.8779892 -5.308412 7.869292 0.8386275 -5.303783 7.870474 0.8187802 -5.292065 0 0 0 0 0 0 0 0 0 0 0 0 0 0 0 0 0 0 0 0 0 0 0 0
5 8.019879 1.001728 -5.094185 8.040491 1.001732 -5.011745 7.999268 1.001724 -5.176624 8.088893 0.5804685 -5.044042 8.046124 0.5819536 -5.231175 7.989887 0.09941884 -5.028404 7.948851 0.1006346 -5.263306 8.0143 1.111139 -5.092795 8.02832 1.261844 -5.092774 8.029354 1.507776 -5.086014 8.0357 1.585921 -5.083562 8.036981 1.453305 -5.046681 8.014584 1.455591 -5.126398 8.058972 1.425218 -4.942129 7.97858 1.429037 -5.227405 8.051982 1.185859 -4.894344 7.917591 1.195045 -5.261356 8.063411 0.9496019 -4.865453 7.896859 0.9601394 -5.295601 8.11762 0.0006614551 -5.038305 8.050887 0.001873456 -5.340776 0 0 0 0 0 0 0 0 0 8.081092 0.9399425 -4.877929 8.096735 0.9066655 -4.893558 8.099167 0.8701499 -4.904578 8.085871 0.8745516 -4.85678 8.084126 0.8402711 -4.843777 8.082292 0.8204448 -4.842064 8.067249 0.8728162 -4.843507 8.06394 0.8340138 -4.83236 8.061055 0.8111291 -4.831582 0 0 0 0 0 0 0 0 0 0 0 0 0 0 0 0 0 0 7.917652 0.948907 -5.297345 7.939195 0.9153332 -5.295105 7.944702 0.8783812 -5.287043 7.902941 0.8843688 -5.316437 7.896306 0.8483195 -5.314507 7.89825 0.8311663 -5.30444 7.880075 0.8843289 -5.314668 7.872664 0.8451386 -5.307594 7.875243 0.8274022 -5.293054 0 0 0 0 0 0 0 0 0 0 0 0 0 0 0 0 0 0 0 0 0 0 0 0
6 8.018292 1.003019 -5.097784 8.036861 1.002813 -5.014861 7.999723 1.003225 -5.180707 8.089271 0.5819699 -5.043664 8.046766 0.583387 -5.233709 7.990748 0.1010841 -5.026978 7.948556 0.102137 -5.261845 8.0132 1.112453 -5.096372 8.028569 1.263025 -5.096762 8.031492 1.508923 -5.089342 8.037989 1.587019 -5.085904 8.037213 1.454301 -5.049897 8.017744 1.45696 -5.130368 8.055115 1.425806 -4.944677 7.985261 1.430715 -5.23264 8.044927 1.186677 -4.896319 7.922993 1.197367 -5.268641 8.053329 0.9504839 -4.865904 7.901101 0.9627153 -5.303888 8.118401 0.002170168 -5.036347 8.051145 0.003579341 -5.338843 0 0 0 0 0 0 0 0 0 8.071354 0.940574 -4.87767 8.08753 0.9074095 -4.892993 8.090118 0.870938 -4.904123 8.074528 0.8751956 -4.856183 8.071249 0.8398426 -4.846871 8.068586 0.82012 -4.848689 8.055394 0.8737254 -4.843626 8.050407 0.8341579 -4.83653 8.046509 0.8117145 -4.840235 0 0 0 0 0 0 0 0 0 0 0 0 0 0 0 0 0 0 7.921704 0.9510753 -5.305141 7.942567 0.9171033 -5.3025 7.947188 0.8800222 -5.294476 7.906213 0.8869256 -5.324914 7.898777 0.8510177 -5.323295 7.900098 0.8337976 -5.31324 7.883313 0.8873373 -5.323742 7.875072 0.8482361 -5.317106 7.876996 0.8303865 -5.302603 0 0 0 0 0 0 0 0 0 0 0 0 0 0 0 0 0 0 0 0 0 0 0 0
8 7.998008 0.9774061 -5.140365 8.008142 0.972093 -5.056161 7.987872 0.9827194 -5.224567 8.21736 0.6067448 -5.054785 7.998734 0.5586442 -5.215761 8.203148 0.1205583 -5.063465 7.83732 0.09767465 -5.17308 7.995361 1.086698 -5.13315 8.008293 1.237349 -5.139901 8.014077 1.483305 -5.141125 8.023125 1.561221 -5.14073 8.011355 1.430225 -5.099323 8.007345 1.429908 -5.18206 8.014809 1.412877 -4.990278 8.000838 1.411336 -5.290763 7.953365 1.184333 -4.930133 7.981853 1.176798 -5.356005 7.963845 0.9489812 -4.894321 8.033389 0.947973 -5.398028 8.345242 0.05107738 -5.029572 7.955862 -0.002372772 -5.218962 0 0 0 0 0 0 0 0 0 7.981997 0.9368706 -4.903562 7.996589 0.9015478 -4.915213 7.997869 0.8643326 -4.923823 7.978057 0.8734001 -4.877066 7.974837 0.8389219 -4.864892 7.972882 0.8190336 -4.864785 7.95783 0.8743425 -4.866298 7.950696 0.8354998 -4.857288 7.946308 0.8130392 -4.860271 0 0 0 0 0 0 0 0 0 0 0 0 0 0 0 0 0 0 8.054438 0.9408289 -5.389813 8.079433 0.9108145 -5.381405 8.092217 0.8751426 -5.376423 8.068767 0.8819825 -5.422646 8.076176 0.8492578 -5.437528 8.080416 0.8297672 -5.438762 8.048971 0.8780534 -5.433537 8.053762 0.8398442 -5.446105 8.056377 0.8169515 -5.444793 0 0 0 0 0 0 0 0 0 0 0 0 0 0 0 0 0 0 0 0 0 0 0 0
9 8.261101 0.9420636 -5.147087 8.258732 0.9389517 -5.062201 8.26347 0.9451752 -5.231975 8.491602 0.5886073 -5.055319 8.273392 0.5247315 -5.239478 8.492772 0.1039464 -5.093283 7.930485 0.1804601 -5.22885 8.257156 1.051485 -5.143186 8.269959 1.20229 -5.141645 8.274178 1.448078 -5.131673 8.282756 1.526042 -5.130684 8.264174 1.393305 -5.093305 8.275462 1.396438 -5.175307 8.248404 1.373571 -4.985762 8.29056 1.385141 -5.284156 8.162413 1.147512 -4.952179 8.291603 1.153906 -5.362604 8.160525 0.9126526 -4.911926 8.379398 0.9353538 -5.3988 8.61829 0.00755468 -5.059807 7.972029 0.02412602 -5.228123 0 0 0 0 0 0 0 0 0 8.178961 0.8984249 -4.916319 8.192171 0.8613102 -4.922974 8.192453 0.8237381 -4.929975 8.161987 0.8367488 -4.890744 8.153982 0.8039097 -4.876433 8.150543 0.7844672 -4.873345 8.139988 0.8401423 -4.885227 8.127497 0.8024213 -4.877358 8.121778 0.7802101 -4.879929 0 0 0 0 0 0 0 0 0 0 0 0 0 0 0 0 0 0 8.398968 0.931047 -5.386148 8.426414 0.9048952 -5.373533 8.444746 0.8719361 -5.367342 8.43169 0.8797587 -5.418473 8.449162 0.8508246 -5.432785 8.457561 0.8327225 -5.43386 8.416096 0.87376 -5.434183 8.43104 0.8385252 -5.44745 8.437536 0.8164017 -5.446452 0 0 0 0 0 0 0 0 0 0 0 0 0 0 0 0 0 0 0 0 0 0 0 0
10 8.589625 0.9732436 -5.091579 8.574959 0.9733745 -5.007878 8.604292 0.9731126 -5.175282 8.700233 0.5713188 -5.014563 8.799246 0.6006805 -5.160594 8.594075 0.1002381 -5.07495 8.530153 0.1974674 -5.195652 8.586501 1.082758 -5.092299 8.60301 1.233139 -5.087661 8.613463 1.478836 -5.080378 8.625702 1.556293 -5.078469 8.600006 1.424861 -5.041935 8.615562 1.426611 -5.123277 8.579565 1.408051 -4.934682 8.636671 1.415738 -5.231165 8.522404 1.174073 -4.894537 8.5788 1.189792 -5.303447 8.559175 0.9426389 -4.851304 8.587305 0.9539394 -5.336371 8.717615 0.0005410537 -5.043885 8.57679 0.0444934 -5.219957 0 0 0 0 0 0 0 0 0 8.580194 0.9331785 -4.856803 8.601412 0.8995031 -4.86028 8.610929 0.8626123 -4.863322 8.581551 0.871071 -4.827022 8.584046 0.8401193 -4.80745 8.586047 0.8218902 -4.799509 8.559933 0.8692513 -4.819585 8.558212 0.8302595 -4.808744 8.558137 0.8071854 -4.809212 0 0 0 0 0 0 0 0 0 0 0 0 0 0 0 0 0 0 8.60257 0.9408243 -5.323858 8.61496 0.9047772 -5.311882 8.616611 0.8670856 -5.305769 8.606538 0.880116 -5.356183 8.608116 0.8461909 -5.370108 8.607014 0.8262658 -5.371181 8.589821 0.8822758 -5.371733 8.586184 0.8440279 -5.384567 8.581454 0.8214743 -5.383296 0 0 0 0 0 0 0 0 0 0 0 0 0 0 0 0 0 0 0 0 0 0 0 0
11 8.998501 0.9435451 -5.023016 8.973284 0.9537312 -4.942509 9.023718 0.9333591 -5.103524 8.905914 0.5349312 -4.922517 9.261435 0.5981743 -5.004189 8.679824 0.1024312 -4.973423 9.345064 0.1268866 -4.906649 8.999825 1.052283 -5.03636 9.011751 1.202854 -5.046094 9.01339 1.447999 -5.066841 9.01713 1.526176 -5.072058 9.002509 1.398314 -5.022285 9.016706 1.391338 -5.103595 8.992128 1.393941 -4.91239 9.036503 1.369378 -5.210035 9.033676 1.183818 -4.795142 8.962335 1.145902 -5.274709 9.13303 0.9859763 -4.706993 8.963531 0.9118671 -5.319531 8.780359 -0.01265875 -4.920379 9.50316 0.09550431 -4.920336 0 0 0 0 0 0 0 0 0 9.154718 0.981886 -4.715621 9.18619 0.9572712 -4.715434 9.207598 0.926727 -4.707099 9.19007 0.9516166 -4.664825 9.210691 0.9339589 -4.640121 9.222298 0.919727 -4.632241 9.173468 0.9479834 -4.649427 9.190895 0.9224827 -4.62322 9.200546 0.9030768 -4.615289 0 0 0 0 0 0 0 0 0 0 0 0 0 0 0 0 0 0 8.978975 0.8969633 -5.309484 8.98917 0.8590081 -5.302287 8.985723 0.8209953 -5.300311 8.974304 0.837983 -5.344777 8.973521 0.8048941 -5.360646 8.971777 0.7850769 -5.362546 8.956182 0.8422561 -5.358167 8.948078 0.8050731 -5.372046 8.941797 0.7828712 -5.371539 0 0 0 0 0 0 0 0 0 0 0 0 0 0 0 0 0 0 0 0 0 0 0 0
12 9.383977 0.9544375 -5.117507 9.342955 0.9560909 -5.043106 9.424999 0.9527841 -5.191909 9.43046 0.5648667 -4.91577 9.559615 0.5687429 -5.085264 9.143063 0.2144397 -5.091338 9.443588 0.09774642 -5.053755 9.380416 1.063853 -5.121902 9.394156 1.214574 -5.120226 9.40015 1.460418 -5.127583 9.409307 1.538268 -5.124673 9.37921 1.408695 -5.089393 9.412112 1.40562 -5.16535 9.331982 1.393725 -4.990655 9.449741 1.380455 -5.26612 9.289983 1.162837 -4.923191 9.414152 1.15045 -5.339986 9.32059 0.9376482 -4.851524 9.422903 0.9154536 -5.378494 9.155458 0.05320572 -5.087251 9.573366 0.001365472 -5.059695 0 0 0 0 0 0 0 0 0 9.343444 0.9316043 -4.849865 9.3706 0.90254 -4.8461 9.385205 0.8673373 -4.843238 9.345741 0.8769547 -4.807981 9.346631 0.8460281 -4.788232 9.35018 0.8269236 -4.783564 9.323418 0.8723158 -4.805523 9.322353 0.83579 -4.788042 9.325232 0.812987 -4.785951 0 0 0 0 0 0 0 0 0 0 0 0 0 0 0 0 0 0 9.440195 0.9043168 -5.366724 9.454323 0.8695168 -5.353096 9.454519 0.8319814 -5.345899 9.446455 0.8423357 -5.39614 9.448107 0.8078525 -5.40861 9.447615 0.7878762 -5.408323 9.428372 0.8422796 -5.410245 9.425519 0.8031343 -5.420262 9.421993 0.7805643 -5.416975 0 0 0 0 0 0 0 0 0 0 0 0 0 0 0 0 0 0 0 0 0 0 0 0
13 9.389642 0.9930124 -4.923849 9.339962 0.9907809 -4.854943 9.439322 0.9952436 -4.992755 9.394677 0.5736578 -4.808511 9.50706 0.5788988 -4.951339 9.285803 0.09908893 -4.854402 9.445585 0.09918218 -5.02843 9.380922 1.102192 -4.9266 9.390373 1.252476 -4.911314 9.386429 1.49833 -4.902962 9.394798 1.576134 -4.897545 9.362932 1.443498 -4.871125 9.405678 1.446591 -4.942011 9.302217 1.415534 -4.783175 9.455617 1.421612 -5.037332 9.261919 1.176561 -4.753294 9.43716 1.192477 -5.11968 9.252729 0.9400851 -4.725409 9.466715 0.9589673 -5.156866 9.408446 0.01424661 -4.791735 9.573317 0.001665242 -5.009936 0 0 0 0 0 0 0 0 0 9.273939 0.930023 -4.722179 9.29659 0.8971277 -4.723279 9.306743 0.8609646 -4.730344 9.26157 0.8642807 -4.705716 9.254993 0.828339 -4.702218 9.255718 0.8088042 -4.70637 9.238968 0.8629745 -4.709377 9.232973 0.8229191 -4.708714 9.234468 0.8008631 -4.715343 0 0 0 0 0 0 0 0 0 0 0 0 0 0 0 0 0 0 9.482388 0.9480382 -5.142848 9.497568 0.9142873 -5.12779 9.498201 0.8766774 -5.121018 9.491856 0.8854269 -5.169983 9.492674 0.8503754 -5.180846 9.490404 0.8306488 -5.178592 9.475624 0.8851183 -5.186181 9.472971 0.8455827 -5.194592 9.468237 0.8234847 -5.189913 0 0 0 0 0 0 0 0 0 0 0 0 0 0 0 0 0 0 0 0 0 0 0 0
14 9.28725 0.9921597 -4.747058 9.278879 0.9884366 -4.662577 9.29562 0.995883 -4.83154 9.343505 0.5688576 -4.679245 9.416894 0.5890781 -4.84833 9.248872 0.08855607 -4.715923 9.388695 0.100708 -4.889087 9.289415 1.101584 -4.742021 9.330001 1.244367 -4.712454 9.356178 1.488464 -4.696304 9.362587 1.56664 -4.696906 9.350101 1.432845 -4.658332 9.344007 1.438949 -4.740717 9.355167 1.4048 -4.551601 9.328094 1.421401 -4.848617 9.316658 1.166839 -4.512664 9.258336 1.199467 -4.922807 9.293989 0.9305999 -4.491211 9.258537 0.9697358 -4.986105 9.385564 0.003996514 -4.734134 9.523867 0.01226743 -4.897658 0 0 0 0 0 0 0 0 0 9.310222 0.9187258 -4.503745 9.321582 0.8846149 -4.521172 9.319427 0.848849 -4.534472 9.303826 0.8526088 -4.485476 9.29674 0.8170739 -4.479617 9.291902 0.7981365 -4.483782 9.284811 0.853368 -4.47268 9.275686 0.8140367 -4.469417 9.269401 0.7928268 -4.475995 0 0 0 0 0 0 0 0 0 0 0 0 0 0 0 0 0 0 9.279657 0.9590316 -4.985153 9.301372 0.9254945 -4.984874 9.306541 0.8876821 -4.98281 9.271918 0.89864 -5.017387 9.266603 0.8643311 -5.029302 9.266455 0.8444116 -5.027698 9.24922 0.8982255 -5.020629 9.242672 0.8591082 -5.028865 9.242049 0.8365479 -5.02404 0 0 0 0 0 0 0 0 0 0 0 0 0 0 0 0 0 0 0 0 0 0 0 0
15 9.239728 0.9750985 -4.773719 9.303756 0.9773469 -4.717894 9.1757 0.97285 -4.829545 9.366979 0.5676422 -4.798306 9.222136 0.5852312 -4.986145 9.261676 0.09266356 -4.761065 9.095912 0.1591377 -4.78934 9.234985 1.084553 -4.772689 9.259569 1.233844 -4.776698 9.271783 1.479568 -4.776497 9.276009 1.557638 -4.782832 9.301087 1.424688 -4.750009 9.23321 1.4281 -4.797365 9.387772 1.400282 -4.686025 9.139965 1.410646 -4.853971 9.404967 1.163248 -4.629952 9.059778 1.180102 -4.860657 9.424139 0.9275621 -4.600503 9.046968 0.9496613 -4.919951 9.385004 -0.004132979 -4.800908 9.093918 0.01613996 -4.864934 0 0 0 0 0 0 0 0 0 9.426948 0.9147303 -4.620227 9.425969 0.8787531 -4.637576 9.420183 0.8411981 -4.641689 9.449039 0.8527853 -4.599712 9.455736 0.8182659 -4.589183 9.452653 0.7985818 -4.587633 9.446747 0.8545741 -4.576964 9.449585 0.8158396 -4.565457 9.443357 0.79368 -4.563782 0 0 0 0 0 0 0 0 0 0 0 0 0 0 0 0 0 0 9.064468 0.9420366 -4.933993 9.084286 0.9112834 -4.950052 9.093956 0.8746386 -4.95499 9.04411 0.8809074 -4.958384 9.036223 0.8465559 -4.968635 9.038859 0.8268313 -4.970469 9.025155 0.8772845 -4.945994 9.018782 0.8377492 -4.952092 9.023345 0.8151646 -4.950771 0 0 0 0 0 0 0 0 0 0 0 0 0 0 0 0 0 0 0 0 0 0 0 0
16 9.195522 0.9916226 -5.00109 9.277679 0.9905713 -4.979402 9.113367 0.9926737 -5.022777 9.296505 0.5751483 -5.049569 9.099768 0.5854293 -5.130995 9.197907 0.113635 -4.928158 9.086533 0.1123282 -5.015624 9.194839 1.100898 -4.993209 9.207047 1.251427 -5.003232 9.216232 1.497264 -5.00019 9.217745 1.575439 -5.006465 9.254461 1.442338 -4.990498 9.172855 1.445558 -5.004344 9.358709 1.414655 -4.966628 9.065578 1.421895 -5.015989 9.399225 1.17595 -4.934957 8.998579 1.190802 -4.974373 9.4326 0.9400243 -4.932112 8.95934 0.957068 -4.999104 9.293801 0.0003726594 -4.992523 9.039821 0.006630752 -5.128817 0 0 0 0 0 0 0 0 0 9.429731 0.9295639 -4.953181 9.424833 0.8954554 -4.973403 9.418737 0.858309 -4.980019 9.455978 0.8661929 -4.94676 9.468197 0.8320138 -4.941303 9.469041 0.8120856 -4.940067 9.460063 0.8653533 -4.92421 9.469189 0.8264263 -4.91771 9.467502 0.8034771 -4.915941 0 0 0 0 0 0 0 0 0 0 0 0 0 0 0 0 0 0 8.967438 0.9468374 -5.018886 8.977513 0.9137176 -5.038833 8.985258 0.876507 -5.04285 8.941622 0.8829664 -5.019285 8.931994 0.8475914 -5.017488 8.93497 0.82784 -5.016852 8.9322 0.8818656 -4.998405 8.926258 0.8420754 -4.993685 8.932452 0.8199738 -4.991278 0 0 0 0 0 0 0 0 0 0 0 0 0 0 0 0 0 0 0 0 0 0 0 0
17 9.216039 0.9980382 -5.040472 9.300839 0.9976901 -5.035017 9.131238 0.9983864 -5.045928 9.303054 0.5853609 -5.121252 9.105852 0.5825639 -5.126596 9.262901 0.123795 -4.972018 9.078791 0.1005467 -5.040984 9.215992 1.107329 -5.032769 9.221555 1.258156 -5.044114 9.228374 1.50407 -5.041123 9.2303 1.58235 -5.04576 9.268227 1.449561 -5.037558 9.185438 1.451874 -5.039031 9.374969 1.422351 -5.029235 9.078373 1.425007 -5.034669 9.422597 1.183603 -5.010372 9.027053 1.191814 -4.983555 9.457846 0.9480385 -5.017409 8.990286 0.9563851 -4.985603 9.315922 0.005118806 -5.068307 9.028212 0.004384596 -5.160823 0 0 0 0 0 0 0 0 0 9.451896 0.9384643 -5.038254 9.443575 0.9050595 -5.058532 9.435852 0.8682122 -5.065119 9.477295 0.8744271 -5.03779 9.491434 0.8407792 -5.033892 9.493938 0.8209943 -5.032607 9.484388 0.872632 -5.016055 9.496321 0.8342139 -5.011312 9.497557 0.8112475 -5.009399 0 0 0 0 0 0 0 0 0 0 0 0 0 0 0 0 0 0 8.995115 0.9454276 -5.006053 9.003477 0.9118025 -5.025947 9.012695 0.8748426 -5.029067 8.973299 0.8805143 -4.99854 8.96747 0.8447615 -4.992618 8.97287 0.82556 -4.991385 8.968011 0.8801727 -4.976227 8.966687 0.8405602 -4.967864 8.975854 0.8195236 -4.9654 0 0 0 0 0 0 0 0 0 0 0 0 0 0 0 0 0 0 0 0 0 0 0 0
18 9.227777 0.9802915 -5.046847 9.312736 0.9785893 -5.047393 9.143017 0.9818339 -5.046311 9.287991 0.5668826 -5.151252 9.103865 0.5707359 -5.150557 9.284149 0.0989608 -5.001054 9.046533 0.1000391 -5.018834 9.230005 1.089684 -5.041178 9.227705 1.240411 -5.054753 9.224266 1.486413 -5.054099 9.224968 1.564669 -5.059439 9.2665 1.433656 -5.051821 9.183701 1.432493 -5.049707 9.374326 1.410041 -5.047388 9.078302 1.401422 -5.039772 9.447139 1.18389 -4.991006 9.048654 1.159913 -5.019297 9.459838 0.9501166 -5.035407 9.037443 0.9289877 -5.077011 9.305588 0.0003452152 -5.127475 8.996094 0.00130634 -5.136624 0 0 0 0 0 0 0 0 0 9.450804 0.9445932 -5.056607 9.436581 0.9157862 -5.080359 9.423738 0.8814012 -5.091013 9.467587 0.8787443 -5.067937 9.478256 0.843653 -5.069368 9.478924 0.8237165 -5.07058 9.476351 0.8728411 -5.047583 9.484606 0.8331998 -5.048698 9.484131 0.8101446 -5.049632 0 0 0 0 0 0 0 0 0 0 0 0 0 0 0 0 0 0 9.041944 0.9257261 -5.100047 9.053593 0.9020026 -5.130011 9.067859 0.8698553 -5.14497 9.029661 0.8591195 -5.112649 9.034305 0.8230886 -5.117897 9.046244 0.8078141 -5.122746 9.026367 0.8511261 -5.091409 9.03627 0.8120747 -5.095623 9.052704 0.7964895 -5.100059 0 0 0 0 0 0 0 0 0 0 0 0 0 0 0 0 0 0 0 0 0 0 0 0
19 9.226101 0.8381897 -5.007857 9.304041 0.8386419 -4.974002 9.151661 0.8347741 -5.039401 9.278053 0.5210665 -5.255389 9.11293 0.4998028 -5.29945 9.284416 0.1006443 -5.001476 9.046358 0.101824 -5.017881 9.235901 0.9446437 -5.031842 9.250077 1.062949 -5.125176 9.253705 1.263878 -5.267105 9.26055 1.327293 -5.312764 9.26881 1.242285 -5.204833 9.230844 1.200267 -5.265287 9.311205 1.278227 -5.109363 9.176355 1.126638 -5.321766 9.448637 1.17132 -4.938166 9.181427 0.9041285 -5.422209 9.458363 0.9497989 -5.025438 9.197249 0.7060171 -5.55368 9.306212 0.001742348 -5.127611 8.996449 0.003206059 -5.135993 0 0 0 0 0 0 0 0 0 9.44865 0.9482114 -5.046996 9.433122 0.9246797 -5.075306 9.419324 0.8930257 -5.091689 9.464334 0.8853494 -5.070415 9.47083 0.8501637 -5.078604 9.467793 0.8309701 -5.083268 9.473621 0.8758475 -5.051722 9.477377 0.8363944 -5.060099 9.472288 0.8143855 -5.064828 0 0 0 0 0 0 0 0 0 0 0 0 0 0 0 0 0 0 9.185936 0.7220344 -5.566985 9.188953 0.7377731 -5.603584 9.204412 0.7455402 -5.637664 9.192448 0.7007214 -5.632173 9.211471 0.6954699 -5.663122 9.227977 0.6992429 -5.673738 9.207245 0.6833753 -5.629705 9.230728 0.680187 -5.662557 9.250471 0.685837 -5.673089 0 0 0 0 0 0 0 0 0 0 0 0 0 0 0 0 0 0 0 0 0 0 0 0
20 9.207647 0.8126951 -5.004689 9.28169 0.817396 -4.963255 9.137432 0.8048618 -5.042655 9.271593 0.5170256 -5.263865 9.112275 0.4841391 -5.321322 9.289391 0.1020755 -5.001675 9.050764 0.1029093 -5.01679 9.219851 0.9162739 -5.038249 9.243785 1.021775 -5.144103 9.261639 1.20145 -5.311218 9.272722 1.259283 -5.363039 9.267496 1.189496 -5.244923 9.241457 1.137344 -5.303777 9.292456 1.240695 -5.15027 9.200198 1.053648 -5.356205 9.424479 1.180736 -4.953802 9.209133 0.846368 -5.484969 9.447033 0.9527771 -5.019444 9.21848 0.6451779 -5.61232 9.31148 0.003173873 -5.127759 9.001173 0.004584 -5.13528 0 0 0 0 0 0 0 0 0 9.438641 0.9486207 -5.041213 9.425507 0.9221159 -5.06807 9.413809 0.8885363 -5.082083 9.458344 0.8846136 -5.057366 9.463573 0.8485987 -5.062149 9.458673 0.8294612 -5.065168 9.466956 0.8774465 -5.037355 9.469403 0.8372735 -5.041936 9.461833 0.8156577 -5.04478 0 0 0 0 0 0 0 0 0 0 0 0 0 0 0 0 0 0 9.202927 0.6604995 -5.621534 9.222188 0.6762137 -5.652813 9.247045 0.6876694 -5.67949 9.205468 0.65155 -5.689795 9.236732 0.6526335 -5.708997 9.25176 0.65376 -5.695872 9.223382 0.6373639 -5.691739 9.25765 0.6386295 -5.7133 9.275997 0.6372661 -5.699365 0 0 0 0 0 0 0 0 0 0 0 0 0 0 0 0 0 0 0 0 0 0 0 0
21 9.182786 0.8143256 -5.006225 9.253672 0.8172228 -4.95945 9.115203 0.8083872 -5.049662 9.253651 0.5181431 -5.26171 9.102708 0.4841616 -5.324974 9.294131 0.1027599 -5.002439 9.055698 0.1036285 -5.017173 9.197266 0.9191371 -5.034661 9.225651 1.030623 -5.133016 9.251159 1.219478 -5.288619 9.264482 1.27932 -5.337551 9.254862 1.203555 -5.223007 9.229805 1.155392 -5.285569 9.277777 1.248695 -5.124819 9.188995 1.07505 -5.343883 9.406349 1.175963 -4.930387 9.204191 0.8400705 -5.408527 9.421694 0.9559353 -5.020581 9.238701 0.6394866 -5.532455 9.316312 0.003674194 -5.128363 9.006115 0.005451187 -5.135788 0 0 0 0 0 0 0 0 0 9.413328 0.954207 -5.042685 9.399746 0.9308913 -5.072151 9.387383 0.8991975 -5.08957 9.431727 0.8917623 -5.065228 9.436141 0.8564323 -5.07415 9.43079 0.8379059 -5.079396 9.440077 0.8824034 -5.046028 9.441609 0.8429969 -5.055281 9.433487 0.8220792 -5.060678 0 0 0 0 0 0 0 0 0 0 0 0 0 0 0 0 0 0 9.221964 0.6547972 -5.539312 9.239819 0.6699211 -5.571697 9.262636 0.6809242 -5.600316 9.214678 0.6459485 -5.607244 9.244806 0.6473815 -5.628161 9.258856 0.6482022 -5.613973 9.232144 0.6317927 -5.611767 9.264935 0.6328562 -5.635527 9.282388 0.6309521 -5.620547 0 0 0 0 0 0 0 0 0 0 0 0 0 0 0 0 0 0 0 0 0 0 0 0
22 9.168349 0.8482602 -5.014429 9.242069 0.8433854 -4.972445 9.097639 0.8500304 -5.054139 9.25926 0.5249949 -5.253392 9.087594 0.5036324 -5.300886 9.296747 0.1039524 -5.003512 9.058537 0.1038842 -5.016311 9.182745 0.9561204 -5.027184 9.206235 1.082277 -5.107441 9.223996 1.295186 -5.229438 9.235023 1.362528 -5.268123 9.23469 1.267466 -5.168697 9.199331 1.232467 -5.234927 9.272037 1.293219 -5.067972 9.146831 1.16501 -5.300553 9.394848 1.16511 -4.900251 9.178984 0.9229823 -5.304273 9.3999 0.9557099 -5.013869 9.242323 0.7230532 -5.417408 9.319291 0.00463675 -5.12919 9.00885 0.006136939 -5.135238 0 0 0 0 0 0 0 0 0 9.391514 0.9564629 -5.03602 9.377177 0.9360074 -5.067203 9.363543 0.9064568 -5.087244 9.406611 0.8954516 -5.064229 9.413864 0.8615844 -5.076383 9.411779 0.8431116 -5.083717 9.414397 0.8839408 -5.045986 9.41893 0.8459609 -5.05932 9.414944 0.8247136 -5.067401 0 0 0 0 0 0 0 0 0 0 0 0 0 0 0 0 0 0 9.227819 0.7390324 -5.427201 9.247992 0.7463358 -5.460908 9.272482 0.749594 -5.490068 9.22046 0.7202812 -5.493083 9.250841 0.7145085 -5.512856 9.264643 0.7158478 -5.498466 9.236006 0.7034965 -5.494675 9.269019 0.6965627 -5.517099 9.28583 0.6949348 -5.501372 0 0 0 0 0 0 0 0 0 0 0 0 0 0 0 0 0 0 0 0 0 0 0 0
23 9.165585 0.8782809 -5.030043 9.246941 0.8665609 -5.008478 9.086929 0.8872339 -5.050959 9.271286 0.5245874 -5.259146 9.069752 0.5236095 -5.270897 9.303928 0.1053547 -5.006167 9.065116 0.1033516 -5.016195 9.179407 0.9867538 -5.023239 9.171288 1.12734 -5.078719 9.144633 1.361734 -5.148564 9.140308 1.436294 -5.172543 9.181767 1.321924 -5.108458 9.115007 1.301102 -5.152856 9.266742 1.326449 -5.038013 9.030756 1.247099 -5.19462 9.376184 1.164548 -4.891605 9.078671 1.011289 -5.153113 9.380655 0.9556291 -5.006128 9.155394 0.7976846 -5.225707 9.325979 0.003407285 -5.129809 9.015362 0.005645499 -5.135128 0 0 0 0 0 0 0 0 0 9.373152 0.956477 -5.028591 9.360038 0.9357494 -5.06013 9.347067 0.9061686 -5.080562 9.388622 0.895287 -5.056205 9.39898 0.8619928 -5.067672 9.399761 0.8433977 -5.074951 9.395552 0.8836886 -5.037674 9.403351 0.8461348 -5.050701 9.402882 0.8245826 -5.058943 0 0 0 0 0 0 0 0 0 0 0 0 0 0 0 0 0 0 9.152842 0.8061082 -5.247709 9.184019 0.7904508 -5.267182 9.216373 0.773575 -5.278545 9.165024 0.7530879 -5.289978 9.19507 0.7321392 -5.2876 9.204762 0.7379685 -5.271123 9.172541 0.7372621 -5.27518 9.205582 0.713923 -5.273073 9.216363 0.7175766 -5.252997 0 0 0 0 0 0 0 0 0 0 0 0 0 0 0 0 0 0 0 0 0 0 0 0
24 9.142852 0.9577163 -5.044595 9.22719 0.9518298 -5.03602 9.05921 0.9629857 -5.053133 9.266815 0.5590431 -5.193 9.051865 0.5606504 -5.190458 9.309679 0.1051667 -5.010955 9.068956 0.1015336 -5.016417 9.149731 1.066822 -5.037355 9.137632 1.216646 -5.055096 9.116785 1.461757 -5.059041 9.112237 1.53992 -5.063811 9.162151 1.412202 -5.051391 9.079891 1.405099 -5.058049 9.270333 1.396691 -5.03527 8.97769 1.364472 -5.059736 9.346924 1.184875 -4.940967 8.985734 1.122978 -5.024513 9.366606 0.9557794 -5.0035 9.011383 0.889005 -5.061684 9.329611 0.0003939718 -5.132578 9.018497 0.003538832 -5.134813 0 0 0 0 0 0 0 0 0 9.361425 0.9517284 -5.026267 9.353904 0.9241175 -5.054149 9.34623 0.8899824 -5.069532 9.385653 0.8888171 -5.040453 9.401998 0.8561487 -5.044048 9.40694 0.8370489 -5.047234 9.391737 0.8815961 -5.019554 9.406298 0.8440748 -5.024131 9.410838 0.8217404 -5.027765 0 0 0 0 0 0 0 0 0 0 0 0 0 0 0 0 0 0 9.017633 0.8838148 -5.083945 9.040858 0.8519513 -5.090399 9.064484 0.8222978 -5.085579 9.018591 0.8150464 -5.08796 9.031071 0.7851697 -5.07067 9.042126 0.7830296 -5.05416 9.015705 0.8092833 -5.065951 9.031466 0.7769243 -5.047368 9.042866 0.7737373 -5.027556 0 0 0 0 0 0 0 0 0 0 0 0 0 0 0 0 0 0 0 0 0 0 0 0
25 9.137074 1.001521 -5.050004 9.221721 1.001357 -5.042529 9.052426 1.001683 -5.057478 9.24889 0.5806434 -5.100226 9.051158 0.5806574 -5.116755 9.301516 0.1013518 -5.004014 9.064922 0.09988945 -5.016589 9.136681 1.110868 -5.043162 9.1388 1.261647 -5.056181 9.138321 1.507672 -5.055424 9.139351 1.586057 -5.058191 9.179673 1.454401 -5.050482 9.096903 1.45425 -5.053744 9.286766 1.429657 -5.039412 8.991466 1.421314 -5.052375 9.334805 1.192181 -5.009037 8.948259 1.188038 -4.99458 9.368038 0.9562358 -5.011886 8.914555 0.9522957 -4.986058 9.323827 0.001817033 -5.12956 9.01358 0.002129242 -5.134799 0 0 0 0 0 0 0 0 0 9.363413 0.9470594 -5.033239 9.358109 0.9135971 -5.054417 9.352908 0.8765014 -5.062008 9.391848 0.8843102 -5.033613 9.411011 0.8532366 -5.029808 9.417917 0.834524 -5.02858 9.398127 0.8821614 -5.011661 9.415918 0.8459845 -5.007722 9.422857 0.8240276 -5.006178 0 0 0 0 0 0 0 0 0 0 0 0 0 0 0 0 0 0 8.918698 0.9394911 -5.005563 8.929187 0.9019931 -5.014519 8.942024 0.8665041 -5.008478 8.902656 0.8744553 -4.989465 8.898922 0.8421736 -4.972399 8.904297 0.8268945 -4.960693 8.899079 0.8762347 -4.966883 8.899422 0.8405324 -4.94775 8.906885 0.8236569 -4.933887 0 0 0 0 0 0 0 0 0 0 0 0 0 0 0 0 0 0 0 0 0 0 0 0
26 9.148863 1.001306 -5.052167 9.233733 1.001044 -5.047917 9.063993 1.001569 -5.056418 9.24748 0.5785028 -5.098052 9.055464 0.5802454 -5.113862 9.296379 0.09852295 -5.002083 9.059223 0.09846477 -5.017019 9.148855 1.110649 -5.045246 9.149731 1.261557 -5.056849 9.1488 1.507558 -5.053409 9.150619 1.585953 -5.055357 9.190408 1.454333 -5.050547 9.107574 1.454024 -5.050806 9.297872 1.429644 -5.043795 9.002453 1.420299 -5.046844 9.347523 1.191467 -5.023028 8.961874 1.187652 -4.984766 9.383896 0.9560086 -5.027393 8.93256 0.9511793 -4.982709 9.318419 -0.0007652789 -5.127872 9.008209 0.0001892298 -5.134945 0 0 0 0 0 0 0 0 0 9.377811 0.9467033 -5.04832 9.369603 0.9131954 -5.068474 9.361872 0.8763321 -5.074962 9.402402 0.8823498 -5.048467 9.419903 0.8503335 -5.044474 9.425814 0.8313048 -5.042938 9.409487 0.8802646 -5.026755 9.425331 0.8432441 -5.022367 9.431147 0.8209985 -5.02038 0 0 0 0 0 0 0 0 0 0 0 0 0 0 0 0 0 0 8.93687 0.938854 -5.002485 8.9468 0.9039956 -5.019296 8.959486 0.867945 -5.018886 8.923138 0.8730639 -4.987345 8.917114 0.8383679 -4.976991 8.920732 0.8190515 -4.973362 8.91979 0.8743367 -4.964693 8.918581 0.8358655 -4.952069 8.925382 0.8143914 -4.947043 0 0 0 0 0 0 0 0 0 0 0 0 0 0 0 0 0 0 0 0 0 0 0 0
27 9.175494 0.9783106 -5.053937 9.260418 0.9756917 -5.052472 9.090855 0.9806958 -5.055411 9.249761 0.5623465 -5.153795 9.069017 0.5685033 -5.158762 9.294171 0.09686153 -5.001084 9.056958 0.09762244 -5.017823 9.178745 1.087607 -5.047047 9.173462 1.238485 -5.057834 9.160781 1.484142 -5.053238 9.158702 1.562549 -5.054255 9.204964 1.432978 -5.051711 9.122263 1.428673 -5.049806 9.313624 1.413405 -5.048069 9.019205 1.389999 -5.043334 9.3915 1.188359 -4.994082 9.002608 1.148945 -5.00808 9.410755 0.9559873 -5.043228 9.001746 0.9214538 -5.079001 9.316097 -0.002022579 -5.127211 9.006097 -0.001085535 -5.135452 0 0 0 0 0 0 0 0 0 9.401882 0.9509891 -5.064626 9.388861 0.9222812 -5.089173 9.377369 0.8877764 -5.100926 9.42074 0.8861856 -5.078445 9.435408 0.8526906 -5.081647 9.439461 0.8332493 -5.083878 9.429707 0.8797948 -5.058328 9.442319 0.8414488 -5.061693 9.445993 0.8187758 -5.063948 0 0 0 0 0 0 0 0 0 0 0 0 0 0 0 0 0 0 9.008301 0.9158579 -5.101076 9.0242 0.8892406 -5.126276 9.042782 0.8570244 -5.135086 9.005482 0.8471343 -5.10498 9.006491 0.8104425 -5.10496 9.01434 0.7921574 -5.106804 9.001673 0.8416037 -5.083053 9.008126 0.8016499 -5.081361 9.019709 0.7817055 -5.082203 0 0 0 0 0 0 0 0 0 0 0 0 0 0 0 0 0 0 0 0 0 0 0 0
28 9.199471 0.8379716 -5.014247 9.277644 0.8381298 -4.980928 9.124833 0.8348162 -5.0453 9.236067 0.5144861 -5.254148 9.083837 0.4980755 -5.302636 9.290903 0.09673958 -5.00057 9.053479 0.09729086 -5.018906 9.209023 0.9446836 -5.037162 9.221788 1.065823 -5.126999 9.220732 1.267882 -5.267358 9.222101 1.33082 -5.314154 9.237045 1.245999 -5.205493 9.198711 1.203971 -5.265707 9.280671 1.281677 -5.110479 9.146481 1.127525 -5.320547 9.423327 1.170202 -4.946628 9.15948 0.905223 -5.420735 9.435492 0.954793 -5.04779 9.178378 0.7072181 -5.55196 9.313156 -0.001876131 -5.126849 9.003128 -0.00183858 -5.1364 0 0 0 0 0 0 0 0 0 9.424816 0.9544095 -5.068943 9.409857 0.9315853 -5.098125 9.397604 0.9002721 -5.116294 9.442936 0.8948204 -5.098387 9.456997 0.8629592 -5.109982 9.460463 0.8444516 -5.116677 9.453686 0.8843874 -5.081022 9.465694 0.8477909 -5.093565 9.468694 0.8261127 -5.100893 0 0 0 0 0 0 0 0 0 0 0 0 0 0 0 0 0 0 9.200013 0.716677 -5.549954 9.2231 0.7309859 -5.520653 9.232275 0.7436149 -5.485766 9.222557 0.6996124 -5.487132 9.224257 0.6961693 -5.450627 9.219762 0.7016098 -5.431931 9.203665 0.6903489 -5.47801 9.203701 0.6905363 -5.437504 9.197287 0.6979894 -5.416624 0 0 0 0 0 0 0 0 0 0 0 0 0 0 0 0 0 0 0 0 0 0 0 0
29 9.214301 0.8109026 -5.006105 9.29045 0.8153616 -4.968656 9.142158 0.8032913 -5.040326 9.250185 0.5113884 -5.26363 9.113012 0.4828267 -5.319447 9.287014 0.09758328 -5.000749 9.050117 0.09794478 -5.019156 9.224592 0.9147741 -5.0394 9.24252 1.022614 -5.144079 9.250393 1.203521 -5.310631 9.257243 1.260887 -5.36369 9.259869 1.191151 -5.244833 9.230989 1.13925 -5.302572 9.289952 1.241743 -5.15135 9.188052 1.054956 -5.352674 9.435005 1.176972 -4.965907 9.193068 0.8483762 -5.482768 9.453327 0.9526697 -5.044237 9.198404 0.6478911 -5.611455 9.309107 -0.0007931739 -5.127243 8.999853 -0.0009827167 -5.136857 0 0 0 0 0 0 0 0 0 9.442944 0.9497669 -5.06534 9.428368 0.9237184 -5.091898 9.416388 0.8904858 -5.106486 9.461641 0.8872284 -5.087371 9.475368 0.8540051 -5.094794 9.478412 0.8347306 -5.099107 9.472187 0.8789464 -5.068766 9.483849 0.8409385 -5.076526 9.486315 0.8184419 -5.08105 0 0 0 0 0 0 0 0 0 0 0 0 0 0 0 0 0 0 9.215224 0.6633295 -5.605103 9.198185 0.6847075 -5.575967 9.175122 0.7015807 -5.550587 9.214799 0.6647551 -5.536228 9.184486 0.6704813 -5.516337 9.168986 0.6706411 -5.528952 9.196132 0.652244 -5.531653 9.162914 0.6586773 -5.509381 9.143937 0.6563992 -5.522316 0 0 0 0 0 0 0 0 0 0 0 0 0 0 0 0 0 0 0 0 0 0 0 0
30 9.228362 0.8111719 -5.001242 9.304961 0.8153992 -4.964693 9.155565 0.8039575 -5.034989 9.27055 0.5144151 -5.263232 9.121006 0.4854616 -5.315645 9.284149 0.09896021 -5.001054 9.046532 0.1000392 -5.018834 9.236223 0.9166228 -5.029913 9.248066 1.028232 -5.131459 9.246588 1.216367 -5.289991 9.251923 1.275851 -5.340845 9.261186 1.200799 -5.225829 9.226322 1.15222 -5.283154 9.299944 1.24648 -5.133013 9.176397 1.071958 -5.334033 9.445021 1.172492 -4.951071 9.169775 0.8398207 -5.409488 9.459838 0.9501169 -5.035407 9.179533 0.6422825 -5.542403 9.305588 0.000344798 -5.127475 8.996094 0.001306459 -5.136624 0 0 0 0 0 0 0 0 0 9.449478 0.9479439 -5.056609 9.434288 0.9230887 -5.083955 9.421509 0.890577 -5.099462 9.466904 0.8855546 -5.080062 9.478231 0.8515888 -5.088143 9.479259 0.8321763 -5.092776 9.477191 0.8766045 -5.061623 9.486236 0.8380218 -5.070013 9.486214 0.8154512 -5.074831 0 0 0 0 0 0 0 0 0 0 0 0 0 0 0 0 0 0 9.195223 0.657763 -5.533701 9.171183 0.6784834 -5.50943 9.142954 0.6947572 -5.489455 9.184758 0.6593174 -5.465626 9.150608 0.6652543 -5.453552 9.140615 0.6644384 -5.47084 9.165642 0.6467814 -5.463795 9.128189 0.6529079 -5.449634 9.114887 0.6494225 -5.468169 0 0 0 0 0 0 0 0 0 0 0 0 0 0 0 0 0 0 0 0 0 0 0 0
31 9.235312 0.8484073 -5.012541 9.316053 0.8466324 -4.986108 9.15802 0.847277 -5.037475 9.285069 0.5202886 -5.256751 9.116068 0.5063576 -5.28916 9.284415 0.1006443 -5.001476 9.046358 0.1018236 -5.017881 9.241686 0.957104 -5.024713 9.239174 1.083484 -5.10796 9.21855 1.296823 -5.228752 9.217415 1.364163 -5.268963 9.246077 1.269273 -5.173474 9.194551 1.233616 -5.227654 9.30931 1.295531 -5.086782 9.126588 1.166124 -5.277272 9.447489 1.168228 -4.930816 9.117025 0.9232967 -5.30112 9.458363 0.9497993 -5.025439 9.139182 0.7259192 -5.432779 9.306212 0.001742586 -5.127611 8.996449 0.003205761 -5.135993 0 0 0 0 0 0 0 0 0 9.448494 0.9488416 -5.046963 9.43294 0.9261256 -5.075917 9.419275 0.8949131 -5.093233 9.464515 0.886923 -5.072566 9.471235 0.8520835 -5.081964 9.468321 0.8330292 -5.087237 9.474026 0.8768889 -5.054269 9.478043 0.8377673 -5.063974 9.473099 0.8158839 -5.06939 0 0 0 0 0 0 0 0 0 0 0 0 0 0 0 0 0 0 9.159309 0.7355599 -5.424811 9.145512 0.7528895 -5.391561 9.12591 0.7678724 -5.362371 9.162308 0.7206787 -5.357613 9.133236 0.7289998 -5.336806 9.120305 0.7345615 -5.350992 9.141529 0.7116115 -5.354152 9.10973 0.7201229 -5.330547 9.092798 0.7240584 -5.345728 0 0 0 0 0 0 0 0 0 0 0 0 0 0 0 0 0 0 0 0 0 0 0 0
32 9.229657 0.8889115 -5.036442 9.313737 0.8823767 -5.026 9.148103 0.8932028 -5.046641 9.291548 0.5238743 -5.25332 9.114145 0.5260582 -5.259251 9.289391 0.1020757 -5.001675 9.050764 0.1029093 -5.01679 9.23756 0.998087 -5.03175 9.212122 1.139198 -5.080216 9.162958 1.373296 -5.137754 9.151983 1.447955 -5.159166 9.209057 1.334452 -5.107121 9.135328 1.311583 -5.137166 9.306591 1.341206 -5.05569 9.045166 1.255862 -5.161713 9.430683 1.172884 -4.929619 9.033672 1.013791 -5.131806 9.447034 0.9527776 -5.019444 9.060736 0.8015115 -5.23663 9.31148 0.003174111 -5.127759 9.001173 0.00458394 -5.13528 0 0 0 0 0 0 0 0 0 9.438284 0.9511541 -5.041407 9.424204 0.9279636 -5.070737 9.411547 0.8963387 -5.08807 9.45627 0.8888103 -5.064557 9.460585 0.8534032 -5.073216 9.455195 0.8348107 -5.078182 9.464949 0.8793604 -5.045548 9.466386 0.8398601 -5.054408 9.458272 0.8188452 -5.059424 0 0 0 0 0 0 0 0 0 0 0 0 0 0 0 0 0 0 9.081249 0.7976531 -5.247849 9.105094 0.7837179 -5.218978 9.122124 0.7728283 -5.186541 9.103866 0.736443 -5.22576 9.107269 0.7284393 -5.1901 9.099237 0.7437659 -5.180101 9.088935 0.7320154 -5.208925 9.092922 0.722765 -5.169691 9.08165 0.7383518 -5.156938 0 0 0 0 0 0 0 0 0 0 0 0 0 0 0 0 0 0 0 0 0 0 0 0
33 9.193014 0.9610079 -5.05321 9.277563 0.9556405 -5.046588 9.109258 0.965683 -5.059805 9.275466 0.5558777 -5.191486 9.091801 0.5616683 -5.192253 9.294132 0.1027596 -5.002439 9.055698 0.1036284 -5.017173 9.19945 1.070197 -5.046873 9.184909 1.220115 -5.061754 9.161182 1.464989 -5.063563 9.1558 1.543062 -5.068913 9.207249 1.415913 -5.057107 9.124966 1.407902 -5.062294 9.315826 1.401346 -5.042876 9.022638 1.367708 -5.061706 9.401482 1.186603 -4.964305 8.99236 1.127638 -5.028922 9.421696 0.9559358 -5.020582 8.985703 0.8938968 -5.074785 9.316313 0.003673717 -5.128364 9.006115 0.00545083 -5.135788 0 0 0 0 0 0 0 0 0 9.414674 0.950973 -5.042665 9.402837 0.9235519 -5.069203 9.391468 0.889593 -5.082556 9.434245 0.8860395 -5.054776 9.439102 0.8498185 -5.058204 9.434031 0.8306947 -5.061021 9.441398 0.8796118 -5.033957 9.443388 0.8392913 -5.037292 9.435555 0.8177621 -5.040079 0 0 0 0 0 0 0 0 0 0 0 0 0 0 0 0 0 0 8.993939 0.8861029 -5.095593 9.012451 0.8507313 -5.097167 9.030151 0.8182144 -5.087674 8.983856 0.8179529 -5.095795 8.991304 0.7883412 -5.075424 9.000731 0.7865831 -5.05789 8.977097 0.814411 -5.074169 8.987227 0.7822192 -5.051765 8.996931 0.7798601 -5.030959 0 0 0 0 0 0 0 0 0 0 0 0 0 0 0 0 0 0 0 0 0 0 0 0
34 9.169066 1.005052 -5.054264 9.253607 1.003832 -5.045751 9.084525 1.006271 -5.062778 9.271852 0.583544 -5.105951 9.074652 0.5845587 -5.117891 9.296747 0.1039523 -5.003512 9.058537 0.1038846 -5.016312 9.169827 1.114311 -5.046162 9.172424 1.265082 -5.059186 9.176338 1.511068 -5.056923 9.180162 1.589312 -5.060939 9.216543 1.457028 -5.050962 9.133934 1.458397 -5.056928 9.322675 1.430234 -5.036074 9.027369 1.429307 -5.057931 9.368669 1.191905 -5.009449 8.982805 1.193049 -5.015255 9.3999 0.9557107 -5.013869 8.948687 0.9573749 -5.00652 9.319292 0.00463669 -5.12919 9.00885 0.006137177 -5.135238 0 0 0 0 0 0 0 0 0 9.394556 0.9455841 -5.034617 9.385647 0.9119454 -5.054248 9.3764 0.8752796 -5.059805 9.416476 0.8804183 -5.030256 9.427053 0.845689 -5.024845 9.426941 0.825781 -5.023101 9.422312 0.8791798 -5.008112 9.430573 0.8399776 -5.002131 9.428823 0.8170669 -4.999966 0 0 0 0 0 0 0 0 0 0 0 0 0 0 0 0 0 0 8.95356 0.9453705 -5.026363 8.963271 0.9080482 -5.036807 8.974369 0.8717838 -5.032065 8.933777 0.8804153 -5.01472 8.929747 0.8472018 -4.999622 8.935444 0.8314397 -4.988739 8.928803 0.8812417 -4.992347 8.928514 0.8444858 -4.975325 8.936443 0.8270268 -4.962482 0 0 0 0 0 0 0 0 0 0 0 0 0 0 0 0 0 0 0 0 0 0 0 0
35 9.150045 1.004752 -5.049818 9.234503 1.003153 -5.040568 9.065588 1.006351 -5.059068 9.266461 0.5845782 -5.10496 9.063002 0.5847439 -5.115028 9.303928 0.1053542 -5.006167 9.065116 0.1033516 -5.016196 9.151224 1.114006 -5.041696 9.153563 1.264582 -5.056853 9.156858 1.510587 -5.056442 9.160617 1.58886 -5.05992 9.197134 1.456695 -5.049673 9.114585 1.457812 -5.056458 9.303209 1.43035 -5.033619 9.008265 1.427895 -5.058572 9.347284 1.191566 -5.007838 8.962875 1.19325 -5.008506 9.380655 0.9556293 -5.006129 8.930675 0.957181 -5.004325 9.325977 0.003407046 -5.129809 9.015362 0.005645499 -5.135128 0 0 0 0 0 0 0 0 0 9.376095 0.9448249 -5.026721 9.368615 0.9102183 -5.045235 9.36043 0.8731623 -5.049775 9.399107 0.8802495 -5.0199 9.413086 0.847033 -5.012932 9.416056 0.8274591 -5.01021 9.404335 0.8797441 -4.997577 9.416272 0.8417618 -4.990114 9.41833 0.8190004 -4.986901 0 0 0 0 0 0 0 0 0 0 0 0 0 0 0 0 0 0 8.936081 0.9453355 -5.024125 8.94561 0.9105712 -5.041358 8.956345 0.8738902 -5.041251 8.91787 0.8798706 -5.012775 8.908781 0.8453608 -5.004186 8.91062 0.8257396 -5.00087 8.912626 0.880536 -4.990459 8.907781 0.8417208 -4.979937 8.912387 0.819573 -4.975366 0 0 0 0 0 0 0 0 0 0 0 0 0 0 0 0 0 0 0 0 0 0 0 0
