Hips LeftUpperLeg RightUpperLeg LeftLowerLeg RightLowerLeg LeftFoot RightFoot Spine Chest Neck Head LeftShoulder RightShoulder LeftUpperArm RightUpperArm LeftLowerArm RightLowerArm LeftHand RightHand LeftToes RightToes LeftEye RightEye Jaw LeftThumbProximal LeftThumbIntermediate LeftThumbDistal LeftIndexProximal LeftIndexIntermediate LeftIndexDistal LeftMiddleProximal LeftMiddleIntermediate LeftMiddleDistal LeftRingProximal LeftRingIntermediate LeftRingDistal LeftLittleProximal LeftLittleIntermediate LeftLittleDistal RightThumbProximal RightThumbIntermediate RightThumbDistal RightIndexProximal RightIndexIntermediate RightIndexDistal RightMiddleProximal RightMiddleIntermediate RightMiddleDistal RightRingProximal RightRingIntermediate RightRingDistal RightLittleProximal RightLittleIntermediate RightLittleDistal UpperChest LastBone
0 2.169419 1.003043 -1.929661 2.253711 1.00217 -1.9404 2.085127 1.003916 -1.918923 2.27707 0.584067 -2.012311 2.073152 0.5825853 -1.975359 2.344137 0.1046614 -1.930474 2.109545 0.1010146 -1.884697 2.171453 1.112357 -1.922582 2.168924 1.262918 -1.937866 2.169409 1.508941 -1.939042 2.170227 1.587254 -1.943444 2.210737 1.455508 -1.942075 2.129 1.455734 -1.928635 2.31781 1.430365 -1.952408 2.025831 1.423873 -1.905293 2.366952 1.191777 -1.935501 1.9932 1.191237 -1.838654 2.40115 0.9559962 -1.940051 1.961111 0.955587 -1.823744 2.337032 0.002130471 -2.055388 2.033474 0.003195368 -1.988675 0 0 0 0 0 0 0 0 0 2.392834 0.9458216 -1.959771 2.384274 0.9114336 -1.978225 2.378401 0.8739959 -1.983193 2.421855 0.8834113 -1.962744 2.441481 0.8524231 -1.961381 2.448365 0.8336729 -1.960742 2.432116 0.8823166 -1.942263 2.450452 0.8462492 -1.940329 2.457336 0.8242466 -1.939265 0 0 0 0 0 0 0 0 0 0 0 0 0 0 0 0 0 0 1.961617 0.9430954 -1.843876 1.967051 0.9078648 -1.86192 1.978053 0.8712911 -1.863363 1.948052 0.877898 -1.826228 1.941092 0.8437962 -1.814569 1.943267 0.8242168 -1.81121 1.948544 0.8793091 -1.803344 1.946321 0.8409297 -1.790579 1.951463 0.8188073 -1.78648 0 0 0 0 0 0 0 0 0 0 0 0 0 0 0 0 0 0 0 0 0 0 0 0
1 2.249874 1.000937 -1.951299 2.332427 1.001029 -1.971451 2.16732 1.000844 -1.931146 2.303092 0.5790183 -2.016825 2.121162 0.5800899 -1.979073 2.324907 0.09785803 -1.918426 2.089642 0.09839614 -1.882892 2.251332 1.110297 -1.944822 2.250883 1.261208 -1.956399 2.255005 1.507184 -1.953505 2.256614 1.585507 -1.95749 2.294878 1.453271 -1.96221 2.215262 1.454336 -1.939369 2.39958 1.426665 -1.985302 2.114797 1.425091 -1.903939 2.449909 1.187749 -1.982037 2.086476 1.190408 -1.842729 2.481469 0.9520429 -1.99719 2.056464 0.9545395 -1.82697 2.317746 -0.0004837885 -2.046661 2.014075 -0.0003931895 -1.986319 0 0 0 0 0 0 0 0 0 2.468925 0.9426219 -2.014951 2.453713 0.9092899 -2.030885 2.443188 0.8726648 -2.033815 2.490571 0.8775157 -2.021171 2.506203 0.8443066 -2.020862 2.510348 0.8247771 -2.019978 2.504015 0.875533 -2.002697 2.518004 0.8375528 -2.00107 2.521811 0.8148521 -1.99939 0 0 0 0 0 0 0 0 0 0 0 0 0 0 0 0 0 0 2.05492 0.9434563 -1.847858 2.057864 0.909907 -1.869355 2.067091 0.8732309 -1.874877 2.038674 0.8780427 -1.833603 2.037797 0.8421311 -1.82606 2.045267 0.823613 -1.826869 2.04073 0.8778438 -1.810763 2.045141 0.8384841 -1.802265 2.056803 0.8185895 -1.803185 0 0 0 0 0 0 0 0 0 0 0 0 0 0 0 0 0 0 0 0 0 0 0 0
2 2.194102 1.00555 -1.942314 2.278421 1.004137 -1.952773 2.109782 1.006963 -1.931856 2.285857 0.5839909 -2.015603 2.090467 0.5849773 -1.982098 2.335854 0.1043388 -1.923638 2.101126 0.1038517 -1.881997 2.196929 1.11478 -1.934274 2.196421 1.265532 -1.94776 2.200689 1.511519 -1.946514 2.203627 1.589768 -1.951133 2.241229 1.457486 -1.949547 2.159339 1.458844 -1.937144 2.348047 1.430737 -1.958369 2.05521 1.429617 -1.914638 2.395656 1.191557 -1.946086 2.021376 1.194987 -1.856078 2.427966 0.9555658 -1.952954 1.990641 0.9589123 -1.84574 2.329796 0.004844867 -2.051039 2.025935 0.006279372 -1.986843 0 0 0 0 0 0 0 0 0 2.418347 0.9448785 -1.971791 2.405903 0.9106033 -1.988121 2.396227 0.8737133 -1.990626 2.441545 0.8800167 -1.970848 2.454384 0.8458193 -1.967243 2.455757 0.8259919 -1.965155 2.452099 0.8793816 -1.950497 2.462911 0.8406283 -1.945795 2.463017 0.8177299 -1.942915 0 0 0 0 0 0 0 0 0 0 0 0 0 0 0 0 0 0 1.991175 0.9473565 -1.866422 1.996038 0.9130091 -1.886245 2.005983 0.8762465 -1.889462 1.975025 0.881923 -1.852148 1.968941 0.8469811 -1.842695 1.97235 0.8273776 -1.840834 1.975052 0.8822545 -1.829217 1.973502 0.8431146 -1.818896 1.980092 0.8211138 -1.816623 0 0 0 0 0 0 0 0 0 0 0 0 0 0 0 0 0 0 0 0 0 0 0 0
3 2.210002 1.000867 -1.946253 2.293018 1.000546 -1.964405 2.126987 1.001186 -1.928101 2.280768 0.577499 -2.010138 2.093301 0.5799219 -1.978305 2.332132 0.09668817 -1.920025 2.097129 0.09747847 -1.883178 2.211945 1.11019 -1.939298 2.210973 1.261209 -1.949328 2.211061 1.507154 -1.942942 2.2109 1.585593 -1.943259 2.251891 1.45402 -1.951996 2.172044 1.453476 -1.929955 2.357161 1.429484 -1.974795 2.071822 1.419517 -1.898237 2.409576 1.191 -1.973092 2.050997 1.185847 -1.830488 2.442581 0.9557051 -1.991257 2.023603 0.9492478 -1.8232 2.325152 -0.002090253 -2.047934 2.021219 -0.001328625 -1.986335 0 0 0 0 0 0 0 0 0 2.430371 0.9467522 -2.009486 2.416029 0.9136536 -2.026665 2.40625 0.8769556 -2.030954 2.45307 0.8822435 -2.01782 2.470248 0.8498359 -2.01922 2.475746 0.8306242 -2.019471 2.466347 0.8797891 -1.999282 2.482004 0.842433 -1.999723 2.487451 0.8200075 -1.99945 0 0 0 0 0 0 0 0 0 0 0 0 0 0 0 0 0 0 2.022226 0.9374563 -1.843709 2.02634 0.903137 -1.863749 2.037478 0.8668084 -1.867863 2.010577 0.8716126 -1.827124 2.007744 0.8364052 -1.817139 2.012801 0.8171076 -1.815953 2.013239 0.8722419 -1.804355 2.015739 0.8333327 -1.79337 2.024511 0.8120412 -1.791834 0 0 0 0 0 0 0 0 0 0 0 0 0 0 0 0 0 0 0 0 0 0 0 0
4 2.237165 1.00471 -1.947918 2.320956 1.00445 -1.962067 2.153375 1.00497 -1.933768 2.303512 0.5832712 -2.016912 2.112418 0.5840669 -1.981642 2.329319 0.1023609 -1.920372 2.09374 0.1031224 -1.880784 2.238433 1.114127 -1.942425 2.238167 1.264775 -1.957037 2.244313 1.510719 -1.958846 2.248503 1.588845 -1.96447 2.28428 1.456335 -1.963003 2.203019 1.458483 -1.947079 2.390365 1.428487 -1.9762 2.099596 1.431168 -1.919489 2.439446 1.189574 -1.964523 2.063458 1.19777 -1.857482 2.472199 0.9536452 -1.971421 2.029521 0.9625664 -1.839868 2.322483 0.003403269 -2.048151 2.018784 0.004826866 -1.985121 0 0 0 0 0 0 0 0 0 2.46154 0.9433923 -1.989937 2.447412 0.9100903 -2.006899 2.436927 0.8734636 -2.009947 2.484479 0.8784533 -1.991611 2.491655 0.8426747 -1.98765 2.48764 0.823293 -1.984894 2.496104 0.8773513 -1.971874 2.500881 0.8375229 -1.966242 2.494353 0.8157412 -1.962294 0 0 0 0 0 0 0 0 0 0 0 0 0 0 0 0 0 0 2.028999 0.9508662 -1.860469 2.032014 0.9166316 -1.880847 2.039885 0.8794346 -1.884745 2.008479 0.8868204 -1.845531 2.006906 0.8510816 -1.837311 2.014785 0.8327162 -1.837413 2.008801 0.8872994 -1.822605 2.012067 0.8479977 -1.813356 2.024134 0.8283266 -1.813607 0 0 0 0 0 0 0 0 0 0 0 0 0 0 0 0 0 0 0 0 0 0 0 0
5 2.170124 1.001968 -1.933332 2.254173 1.001922 -1.945859 2.086075 1.002014 -1.920806 2.265767 0.5803879 -2.003698 2.070892 0.5807431 -1.976243 2.337972 0.1004868 -1.923906 2.104535 0.09950879 -1.883316 2.171189 1.111317 -1.926587 2.170123 1.262126 -1.939388 2.16996 1.50815 -1.938255 2.170492 1.586551 -1.940722 2.211298 1.454864 -1.943149 2.130047 1.454735 -1.927029 2.318009 1.430067 -1.957348 2.027822 1.421659 -1.901343 2.369116 1.191676 -1.943839 1.998447 1.189676 -1.831016 2.404403 0.9561126 -1.950742 1.967168 0.9538323 -1.817513 2.331469 0.001066528 -2.051342 2.02799 0.001588307 -1.98685 0 0 0 0 0 0 0 0 0 2.395084 0.9465446 -1.970317 2.385482 0.9126834 -1.989226 2.379179 0.8754155 -1.994895 2.423512 0.8840901 -1.97643 2.44354 0.8533316 -1.976695 2.450877 0.8347434 -1.976818 2.434735 0.8823615 -1.956505 2.453541 0.8464858 -1.956236 2.461056 0.8246658 -1.956006 0 0 0 0 0 0 0 0 0 0 0 0 0 0 0 0 0 0 1.966916 0.9412087 -1.837567 1.972118 0.905976 -1.855676 1.983678 0.8695899 -1.85746 1.955269 0.8759298 -1.818882 1.949889 0.841662 -1.806878 1.952961 0.8221695 -1.80372 1.956828 0.8775098 -1.796056 1.956439 0.8391886 -1.782934 1.9627 0.8173117 -1.779082 0 0 0 0 0 0 0 0 0 0 0 0 0 0 0 0 0 0 0 0 0 0 0 0
6 2.257393 1.001704 -1.949156 2.340187 1.001716 -1.968292 2.174598 1.001691 -1.930019 2.308799 0.5804333 -2.017182 2.12097 0.5819133 -1.977879 2.32269 0.09937831 -1.917909 2.087084 0.1005852 -1.881238 2.258677 1.111113 -1.943528 2.258954 1.261822 -1.957493 2.265693 1.507756 -1.958314 2.26824 1.585905 -1.964574 2.305162 1.453294 -1.965271 2.225065 1.455559 -1.944274 2.410088 1.42523 -1.985437 2.123446 1.428968 -1.910067 2.457769 1.185875 -1.977674 2.088483 1.194951 -1.849744 2.486887 0.9496245 -1.988664 2.053877 0.9600355 -1.829746 2.315127 0.0006320104 -2.04581 2.011488 0.001823805 -1.984671 0 0 0 0 0 0 0 0 0 2.474732 0.9399731 -2.006571 2.459399 0.9066949 -2.022502 2.448436 0.8701768 -2.025148 2.495973 0.8745876 -2.011005 2.509028 0.8403375 -2.009063 2.510788 0.8205159 -2.007226 2.50891 0.872844 -1.99215 2.520087 0.8340641 -1.988685 2.520915 0.8111783 -1.985822 0 0 0 0 0 0 0 0 0 0 0 0 0 0 0 0 0 0 2.052509 0.9488139 -1.850574 2.055137 0.915247 -1.872084 2.063303 0.8782985 -1.877457 2.033177 0.8842619 -1.83624 2.034927 0.8482094 -1.829572 2.044981 0.8310276 -1.831324 2.034537 0.8842102 -1.813347 2.041419 0.8450106 -1.805806 2.055953 0.8272303 -1.808102 0 0 0 0 0 0 0 0 0 0 0 0 0 0 0 0 0 0 0 0 0 0 0 0
7 2.177962 1.004448 -1.932364 2.262357 1.003218 -1.942218 2.093567 1.005677 -1.922508 2.283184 0.585171 -2.014451 2.07936 0.5843379 -1.977968 2.343894 0.1055265 -1.930007 2.107675 0.1029794 -1.883693 2.180412 1.113735 -1.925011 2.179149 1.264232 -1.941055 2.181844 1.51024 -1.942435 2.184506 1.588513 -1.946816 2.222738 1.456439 -1.944761 2.140802 1.457405 -1.93263 2.32974 1.430322 -1.953248 2.036873 1.427164 -1.910539 2.378413 1.191543 -1.937751 2.004149 1.193117 -1.849091 2.412287 0.955713 -1.94219 1.973646 0.9570674 -1.837541 2.336681 0.001674853 -2.053819 2.032456 0.005033456 -1.988171 0 0 0 0 0 0 0 0 0 2.403368 0.9447874 -1.961233 2.392376 0.9099944 -1.97751 2.383822 0.8728292 -1.980031 2.428007 0.8804722 -1.959623 2.444044 0.8476616 -1.95594 2.44825 0.8282271 -1.953944 2.438081 0.8801016 -1.939024 2.452336 0.842467 -1.934416 2.45593 0.8198262 -1.931748 0 0 0 0 0 0 0 0 0 0 0 0 0 0 0 0 0 0 1.97446 0.9451479 -1.858007 1.979871 0.9104025 -1.876975 1.990422 0.8737396 -1.879267 1.959578 0.8796782 -1.842568 1.952353 0.8452428 -1.832112 1.954585 0.8255737 -1.82937 1.959542 0.88043 -1.819647 1.956921 0.8416482 -1.808247 1.962113 0.8194118 -1.804897 0 0 0 0 0 0 0 0 0 0 0 0 0 0 0 0 0 0 0 0 0 0 0 0
8 2.233123 1.000698 -1.949671 2.315726 1.000561 -1.969616 2.150519 1.000835 -1.929727 2.293435 0.5779374 -2.014212 2.106116 0.5800514 -1.977856 2.328744 0.09689506 -1.918628 2.093387 0.09734073 -1.88326 2.234932 1.110037 -1.942932 2.23373 1.261019 -1.95349 2.235307 1.50698 -1.94803 2.233797 1.585402 -1.948823 2.275707 1.45358 -1.957437 2.196165 1.453576 -1.934313 2.380575 1.428329 -1.981285 2.096204 1.421317 -1.900096 2.432338 1.189699 -1.980339 2.074388 1.186917 -1.835246 2.465356 0.9543989 -1.998409 2.047916 0.9503815 -1.823704 2.322032 -0.001689591 -2.046701 2.017948 -0.001831569 -1.986412 0 0 0 0 0 0 0 0 0 2.452999 0.9451352 -2.016383 2.438751 0.9117778 -2.033134 2.42932 0.8749436 -2.037016 2.476426 0.8808629 -2.024527 2.4935 0.848386 -2.025547 2.498722 0.8290961 -2.025465 2.490004 0.8787373 -2.006167 2.50561 0.841357 -2.006059 2.510719 0.8188623 -2.005337 0 0 0 0 0 0 0 0 0 0 0 0 0 0 0 0 0 0 2.046311 0.9388707 -1.844356 2.049919 0.9048701 -1.865026 2.060475 0.8684512 -1.86982 2.03347 0.8730517 -1.828573 2.031348 0.8375622 -1.819446 2.037178 0.8184519 -1.819019 2.036156 0.8733514 -1.8058 2.039426 0.8342668 -1.795673 2.049164 0.8133523 -1.795041 0 0 0 0 0 0 0 0 0 0 0 0 0 0 0 0 0 0 0 0 0 0 0 0
9 2.213226 1.005759 -1.947122 2.297369 1.004985 -1.958978 2.129084 1.006533 -1.935265 2.292776 0.5836038 -2.015431 2.100803 0.5847566 -1.983749 2.332666 0.1029831 -1.921822 2.097272 0.1037155 -1.882236 2.215162 1.115104 -1.94052 2.214643 1.265876 -1.953789 2.219139 1.511862 -1.953418 2.221659 1.590099 -1.958472 2.259563 1.457783 -1.957122 2.17795 1.459254 -1.94302 2.366111 1.430801 -1.968217 2.074183 1.430641 -1.918172 2.415211 1.191859 -1.957234 2.039554 1.196666 -1.857497 2.447987 0.9559757 -1.96546 2.007835 0.9608786 -1.844048 2.32603 0.003910981 -2.049522 2.022209 0.00558015 -1.986647 0 0 0 0 0 0 0 0 0 2.437829 0.9455953 -1.984185 2.424456 0.9119902 -2.001161 2.414357 0.8752561 -2.004224 2.461095 0.8807561 -1.985016 2.469976 0.8453179 -1.981475 2.467523 0.8256181 -1.979178 2.47224 0.8797917 -1.964997 2.478812 0.8401304 -1.960034 2.474162 0.8177686 -1.956723 0 0 0 0 0 0 0 0 0 0 0 0 0 0 0 0 0 0 2.007736 0.9492306 -1.864685 2.011535 0.9149098 -1.884784 2.020387 0.8779013 -1.888358 1.989391 0.8844778 -1.849966 1.985377 0.8490986 -1.841049 1.990911 0.8299174 -1.840139 1.98967 0.8848974 -1.827038 1.990342 0.8456135 -1.817181 1.999585 0.8244931 -1.816122 0 0 0 0 0 0 0 0 0 0 0 0 0 0 0 0 0 0 0 0 0 0 0 0
10 2.184694 1.001269 -1.939217 2.268222 1.000994 -1.954845 2.101167 1.001544 -1.923588 2.267498 0.578198 -2.004825 2.077535 0.5801852 -1.976655 2.333749 0.09797212 -1.921212 2.099198 0.09820422 -1.882996 2.18633 1.110606 -1.932396 2.184745 1.261558 -1.943321 2.184639 1.507549 -1.939111 2.186093 1.585947 -1.941244 2.225751 1.454345 -1.946284 2.145192 1.453981 -1.927001 2.331733 1.42968 -1.965337 2.04396 1.420114 -1.898561 2.384411 1.191338 -1.95878 2.019673 1.18736 -1.828843 2.419045 0.9559558 -1.972143 1.991596 0.9508455 -1.821381 2.326776 -0.001211561 -2.048808 2.022956 -0.0001986399 -1.986296 0 0 0 0 0 0 0 0 0 2.407905 0.9466041 -1.990851 2.394663 0.9130842 -2.008097 2.385226 0.8762736 -2.012181 2.431105 0.8819864 -1.996543 2.448717 0.8497828 -1.996649 2.454606 0.8306872 -1.996415 2.443303 0.8799418 -1.977231 2.459363 0.8427618 -1.976478 2.465239 0.8204556 -1.975742 0 0 0 0 0 0 0 0 0 0 0 0 0 0 0 0 0 0 1.99102 0.9387001 -1.841722 1.996502 0.9041049 -1.860943 2.008783 0.8680462 -1.86406 1.98115 0.8727779 -1.824316 1.977847 0.8378932 -1.813386 1.982318 0.8185335 -1.811244 1.98332 0.8738448 -1.80151 1.98528 0.8352022 -1.789521 1.993248 0.8137091 -1.786838 0 0 0 0 0 0 0 0 0 0 0 0 0 0 0 0 0 0 0 0 0 0 0 0
11 2.254069 1.002982 -1.947606 2.337305 1.002766 -1.964722 2.170834 1.003198 -1.93049 2.309278 0.5819278 -2.017587 2.118532 0.5833716 -1.978469 2.324008 0.1010463 -1.918731 2.08842 0.1021097 -1.880865 2.255403 1.112417 -1.9425 2.255278 1.262989 -1.957871 2.262775 1.508886 -1.96064 2.266304 1.586983 -1.967076 2.302309 1.45426 -1.965668 2.221508 1.456927 -1.947623 2.407824 1.425755 -1.981715 2.118675 1.430701 -1.916942 2.455945 1.186615 -1.970699 2.081526 1.197346 -1.855373 2.486418 0.9504114 -1.978597 2.045846 0.9627054 -1.834078 2.316973 0.002131902 -2.046533 2.013309 0.003545128 -1.984837 0 0 0 0 0 0 0 0 0 2.474975 0.9404938 -1.996825 2.45995 0.9073145 -2.013247 2.448873 0.8708399 -2.016013 2.496511 0.8751127 -1.999584 2.505847 0.8397827 -1.996132 2.504061 0.8200531 -1.993501 2.508724 0.873651 -1.980229 2.515823 0.8341005 -1.975109 2.512149 0.8116403 -1.971277 0 0 0 0 0 0 0 0 0 0 0 0 0 0 0 0 0 0 2.044952 0.9510674 -1.854702 2.047963 0.9171008 -1.875523 2.056068 0.8800213 -1.880013 2.024906 0.8869182 -1.839564 2.026454 0.851009 -1.832119 2.036573 0.833815 -1.833283 2.025677 0.8873276 -1.816648 2.032226 0.8482319 -1.808313 2.046804 0.8304211 -1.810006 0 0 0 0 0 0 0 0 0 0 0 0 0 0 0 0 0 0 0 0 0 0 0 0
12 2.169419 1.003043 -1.929661 2.253711 1.00217 -1.9404 2.085128 1.003917 -1.918923 2.27707 0.5840671 -2.012311 2.073152 0.5825854 -1.975359 2.344138 0.1046617 -1.930474 2.109545 0.1010146 -1.884698 2.171454 1.112357 -1.922582 2.168925 1.262918 -1.937866 2.16941 1.508941 -1.939042 2.170227 1.587254 -1.943444 2.210737 1.455508 -1.942075 2.129 1.455734 -1.928636 2.317811 1.430365 -1.952408 2.025832 1.423873 -1.905294 2.366952 1.191777 -1.935501 1.9932 1.191237 -1.838655 2.40115 0.9559961 -1.940051 1.961111 0.9555872 -1.823745 2.337032 0.002130233 -2.055388 2.033475 0.003195487 -1.988676 0 0 0 0 0 0 0 0 0 2.392834 0.9458213 -1.959771 2.384275 0.9114333 -1.978225 2.378401 0.8739957 -1.983193 2.421855 0.8834111 -1.962744 2.441481 0.8524229 -1.96138 2.448365 0.8336726 -1.960742 2.432116 0.8823165 -1.942263 2.450452 0.8462489 -1.940329 2.457336 0.8242462 -1.939265 0 0 0 0 0 0 0 0 0 0 0 0 0 0 0 0 0 0 1.961617 0.9430956 -1.843876 1.967051 0.9078649 -1.86192 1.978053 0.8712914 -1.863363 1.948053 0.8778982 -1.826229 1.941092 0.8437965 -1.81457 1.943267 0.8242169 -1.81121 1.948544 0.8793092 -1.803344 1.946321 0.84093 -1.79058 1.951463 0.8188077 -1.786481 0 0 0 0 0 0 0 0 0 0 0 0 0 0 0 0 0 0 0 0 0 0 0 0
