Hips LeftUpperLeg RightUpperLeg LeftLowerLeg RightLowerLeg LeftFoot RightFoot Spine Chest Neck Head LeftShoulder RightShoulder LeftUpperArm RightUpperArm LeftLowerArm RightLowerArm LeftHand RightHand LeftToes RightToes LeftEye RightEye Jaw LeftThumbProximal LeftThumbIntermediate LeftThumbDistal LeftIndexProximal LeftIndexIntermediate LeftIndexDistal LeftMiddleProximal LeftMiddleIntermediate LeftMiddleDistal LeftRingProximal LeftRingIntermediate LeftRingDistal LeftLittleProximal LeftLittleIntermediate LeftLittleDistal RightThumbProximal RightThumbIntermediate RightThumbDistal RightIndexProximal RightIndexIntermediate RightIndexDistal RightMiddleProximal RightMiddleIntermediate RightMiddleDistal RightRingProximal RightRingIntermediate RightRingDistal RightLittleProximal RightLittleIntermediate RightLittleDistal UpperChest LastBone
0 0.1623935 1.001294 -1.707996 0.146122 1.001385 -1.791401 0.178665 1.001203 -1.624591 0.09775051 0.5797753 -1.762433 0.12867 0.5811514 -1.574847 0.1974929 0.0986618 -1.774659 0.2234149 0.0996234 -1.537859 0.1685327 1.110678 -1.709075 0.1556424 1.261482 -1.709837 0.1567104 1.507443 -1.715397 0.1514542 1.585669 -1.717861 0.1505644 1.453217 -1.755322 0.1691714 1.454961 -1.674623 0.1333372 1.425784 -1.860935 0.1999563 1.427346 -1.572186 0.1412695 1.186611 -1.909497 0.2587846 1.192934 -1.537322 0.1298304 0.9505804 -1.940183 0.2755457 0.9576265 -1.503673 0.06920844 0.0001461133 -1.772538 0.1168915 0.0009199008 -1.466605 0 0 0 0 0 0 0 0 0 0.1115004 0.9409794 -1.928634 0.09500494 0.9075907 -1.914162 0.09183241 0.870979 -1.903661 0.1072111 0.875783 -1.950477 0.1090133 0.8421374 -1.965037 0.1105367 0.8224565 -1.968155 0.126427 0.8739879 -1.962865 0.1295745 0.8356746 -1.975632 0.1319807 0.8128582 -1.978134 0 0 0 0 0 0 0 0 0 0 0 0 0 0 0 0 0 0 0.2546017 0.9465541 -1.503111 0.2330842 0.9130856 -1.506741 0.2278608 0.8762553 -1.515516 0.2678473 0.8816037 -1.484346 0.2746978 0.8455451 -1.484744 0.2735906 0.8277892 -1.493847 0.2907699 0.8813877 -1.485011 0.2987465 0.8420643 -1.490569 0.2974499 0.8233931 -1.504073 0 0 0 0 0 0 0 0 0 0 0 0 0 0 0 0 0 0 0 0 0 0 0 0
1 0.1644993 1.002368 -1.709639 0.1499067 1.002198 -1.793354 0.1790918 1.002538 -1.625924 0.09749523 0.5812584 -1.764956 0.1291306 0.5828751 -1.573676 0.1972093 0.1003347 -1.774088 0.2247266 0.1015949 -1.53699 0.1697068 1.1118 -1.710769 0.1547603 1.262414 -1.711406 0.1526863 1.508312 -1.719103 0.1462268 1.586423 -1.722258 0.148605 1.453673 -1.758728 0.164493 1.45635 -1.677475 0.1353421 1.425136 -1.864621 0.1924609 1.430294 -1.573829 0.1472503 1.185825 -1.911667 0.2520805 1.196801 -1.534442 0.1395357 0.9495077 -1.941288 0.2722753 0.9621759 -1.498024 0.06920552 0.001450025 -1.772207 0.1179086 0.002944492 -1.466104 0 0 0 0 0 0 0 0 0 0.1209754 0.9396855 -1.930306 0.1042077 0.9064514 -1.915792 0.1011096 0.8699725 -1.904817 0.1185673 0.8742493 -1.951716 0.1219928 0.8393309 -1.962499 0.1243741 0.8194924 -1.962132 0.1382361 0.8726859 -1.963405 0.1432004 0.833422 -1.972038 0.1466707 0.8106835 -1.970152 0 0 0 0 0 0 0 0 0 0 0 0 0 0 0 0 0 0 0.2515683 0.9506574 -1.497694 0.2306062 0.9168422 -1.501363 0.2260854 0.8798096 -1.509663 0.2657867 0.886414 -1.47728 0.2728826 0.8504618 -1.479377 0.2716901 0.8336173 -1.490064 0.2887178 0.8866907 -1.47743 0.2968457 0.8476484 -1.484535 0.2951906 0.8303675 -1.499742 0 0 0 0 0 0 0 0 0 0 0 0 0 0 0 0 0 0 0 0 0 0 0 0
2 0.1645789 1.003916 -1.698782 0.1527336 1.00379 -1.78293 0.1764241 1.004042 -1.614635 0.09761348 0.5827813 -1.762913 0.1263049 0.5837162 -1.570031 0.1961231 0.1018459 -1.778261 0.2247925 0.102735 -1.540908 0.1699253 1.113343 -1.699699 0.1547711 1.263936 -1.700388 0.1526127 1.509856 -1.707344 0.1467229 1.587957 -1.711636 0.1498342 1.455343 -1.747255 0.1631917 1.457771 -1.66554 0.1399706 1.427145 -1.853609 0.1877572 1.431011 -1.561213 0.1537465 1.188183 -1.901903 0.2480282 1.197666 -1.521942 0.1482995 0.952168 -1.934311 0.2658877 0.9627284 -1.486325 0.0681171 0.002957664 -1.776764 0.1175001 0.004364155 -1.470351 0 0 0 0 0 0 0 0 0 0.1295011 0.9420079 -1.924067 0.1122639 0.9087335 -1.910209 0.1089967 0.8721715 -1.899565 0.1284527 0.8768619 -1.94645 0.1326966 0.841219 -1.954122 0.1353822 0.8217133 -1.950703 0.1484991 0.8756595 -1.957524 0.1543431 0.8359208 -1.962769 0.1581542 0.8139042 -1.95699 0 0 0 0 0 0 0 0 0 0 0 0 0 0 0 0 0 0 0.2452623 0.9510614 -1.486511 0.2248232 0.9169489 -1.49037 0.2209928 0.8797956 -1.498478 0.2593872 0.8869901 -1.4655 0.2672559 0.8511419 -1.464949 0.267062 0.8332551 -1.47386 0.2823115 0.8874323 -1.465037 0.2913771 0.8481891 -1.469353 0.2910524 0.8293021 -1.482613 0 0 0 0 0 0 0 0 0 0 0 0 0 0 0 0 0 0 0 0 0 0 0 0
16 0.183694 0.9699339 -1.660947 0.1773638 0.9644659 -1.745512 0.190024 0.9754016 -1.576382 -0.05468404 0.6137255 -1.758646 0.1924274 0.5520051 -1.587159 -0.05498767 0.1276715 -1.747771 0.3818416 0.1027639 -1.62967 0.1861931 1.079227 -1.668201 0.1712863 1.229686 -1.661267 0.1637199 1.475597 -1.660957 0.1544396 1.553484 -1.661607 0.1690334 1.422451 -1.702424 0.1686392 1.422334 -1.619591 0.1719154 1.404554 -1.811397 0.1693745 1.404064 -1.510644 0.241856 1.176856 -1.865128 0.182493 1.170141 -1.441849 0.2375481 0.9416965 -1.903392 0.1208143 0.9435608 -1.401348 -0.2024398 0.07433619 -1.787519 0.2652118 -0.001893498 -1.589532 0 0 0 0 0 0 0 0 0 0.218906 0.9289017 -1.896298 0.2046086 0.8929529 -1.886318 0.2037941 0.8556367 -1.878096 0.2274775 0.8660986 -1.923286 0.2327334 0.832215 -1.936384 0.2351848 0.8124106 -1.937456 0.2486746 0.86782 -1.931868 0.2577913 0.8294477 -1.941104 0.2624978 0.8070118 -1.938436 0 0 0 0 0 0 0 0 0 0 0 0 0 0 0 0 0 0 0.09994928 0.9375235 -1.410823 0.07379574 0.9088457 -1.420305 0.05922868 0.8739079 -1.425586 0.08018721 0.8800355 -1.378408 0.0699293 0.8480574 -1.363593 0.06445818 0.8288839 -1.362244 0.09899273 0.8751258 -1.366235 0.091122 0.8374831 -1.35351 0.08719832 0.8147639 -1.354552 0 0 0 0 0 0 0 0 0 0 0 0 0 0 0 0 0 0 0 0 0 0 0 0
17 -0.05833945 0.9443027 -1.659577 -0.05217924 0.9435527 -1.744328 -0.06449974 0.9450525 -1.574827 -0.2684577 0.5830153 -1.757183 -0.1398944 0.531332 -1.565948 -0.229758 0.100869 -1.709658 0.2262591 0.2121378 -1.549596 -0.05366265 1.053763 -1.660206 -0.06770913 1.204426 -1.663641 -0.07233661 1.450164 -1.674629 -0.08065942 1.528149 -1.676039 -0.06094975 1.395288 -1.71246 -0.07486115 1.398674 -1.630872 -0.04177007 1.375022 -1.819349 -0.09380497 1.387528 -1.522611 0.03996041 1.147161 -1.851351 -0.08494557 1.155491 -1.447075 0.03642853 0.9121687 -1.890709 -0.1585918 0.9312775 -1.414102 -0.3519529 0.001517259 -1.746596 0.2476479 0.05199441 -1.557555 0 0 0 0 0 0 0 0 0 0.01738452 0.8987207 -1.886461 0.003257476 0.8620642 -1.879178 0.001976095 0.8246614 -1.871422 0.03233475 0.8361397 -1.911083 0.03976535 0.803017 -1.925045 0.04279437 0.7834901 -1.928029 0.05453473 0.8386105 -1.916278 0.06623945 0.8004779 -1.923331 0.07138364 0.7781811 -1.920325 0 0 0 0 0 0 0 0 0 0 0 0 0 0 0 0 0 0 -0.1775242 0.9252003 -1.426994 -0.201907 0.8965563 -1.440459 -0.2166064 0.861998 -1.447559 -0.204896 0.8701397 -1.395926 -0.219261 0.8391933 -1.382388 -0.2256481 0.820264 -1.381875 -0.1888573 0.8654937 -1.380206 -0.200057 0.8285907 -1.367813 -0.2041058 0.8059319 -1.369493 0 0 0 0 0 0 0 0 0 0 0 0 0 0 0 0 0 0 0 0 0 0 0 0
18 -0.4042996 0.9774643 -1.733574 -0.3845375 0.9781383 -1.816218 -0.4240617 0.9767902 -1.650929 -0.4691463 0.5650892 -1.812053 -0.6360348 0.6144489 -1.677463 -0.336726 0.1010643 -1.744889 -0.4774773 0.155498 -1.656391 -0.4023257 1.087 -1.732208 -0.4197589 1.237273 -1.736945 -0.43303 1.482911 -1.740797 -0.4470856 1.560068 -1.742326 -0.4177369 1.429708 -1.779627 -0.4357909 1.430001 -1.698785 -0.3936946 1.415238 -1.886474 -0.4596839 1.417755 -1.591626 -0.3488725 1.179892 -1.933676 -0.3799118 1.198294 -1.520223 -0.3996854 0.9522201 -1.982322 -0.3588319 0.9634109 -1.486041 -0.4581008 -1.839176E-05 -1.779776 -0.5754076 0.02712006 -1.646616 0 0 0 0 0 0 0 0 0 -0.4217296 0.9453062 -1.977048 -0.4448964 0.9131148 -1.972218 -0.4568602 0.877025 -1.968325 -0.4308186 0.8847651 -2.008643 -0.436092 0.8540221 -2.027991 -0.4398511 0.8357837 -2.035244 -0.4095913 0.8804747 -2.016188 -0.4124578 0.8417438 -2.0277 -0.415197 0.818853 -2.026634 0 0 0 0 0 0 0 0 0 0 0 0 0 0 0 0 0 0 -0.3721081 0.9480194 -1.498224 -0.3797935 0.9105814 -1.509871 -0.3765335 0.873036 -1.516232 -0.3648084 0.8872732 -1.466558 -0.3602212 0.853467 -1.453015 -0.3558446 0.8339981 -1.451925 -0.3481712 0.892085 -1.451525 -0.3379652 0.8548279 -1.439334 -0.3297644 0.8333024 -1.44076 0 0 0 0 0 0 0 0 0 0 0 0 0 0 0 0 0 0 0 0 0 0 0 0
20 -0.7981733 0.9583696 -1.809501 -0.7764363 0.9541771 -1.891544 -0.8199102 0.9625618 -1.727458 -0.887446 0.5494502 -1.919847 -0.9958864 0.5823509 -1.767241 -0.5654473 0.1939199 -1.841516 -0.9320115 0.1002929 -1.769425 -0.7921183 1.067691 -1.813483 -0.8103426 1.217925 -1.810989 -0.815256 1.463817 -1.804495 -0.8243151 1.541728 -1.805415 -0.8026048 1.411795 -1.845798 -0.8189593 1.409325 -1.764631 -0.7795611 1.397012 -1.952822 -0.837611 1.387667 -1.657923 -0.7653369 1.161014 -2.013876 -0.7590752 1.164612 -1.597065 -0.8210777 0.9351698 -2.065549 -0.7344384 0.9304348 -1.560497 -0.5745708 0.03265763 -1.850347 -1.061365 0.003315181 -1.774882 0 0 0 0 0 0 0 0 0 -0.843908 0.9307306 -2.061006 -0.8698912 0.9010882 -2.054484 -0.8843551 0.8661291 -2.049062 -0.8586246 0.8716123 -2.093169 -0.8646169 0.8393055 -2.109529 -0.8692884 0.8202264 -2.113209 -0.8377723 0.8650097 -2.100064 -0.8432517 0.8262824 -2.1106 -0.8478521 0.8038137 -2.108024 0 0 0 0 0 0 0 0 0 0 0 0 0 0 0 0 0 0 -0.7495815 0.9147887 -1.569849 -0.7578567 0.8774051 -1.581265 -0.7527123 0.8403819 -1.589237 -0.7341471 0.8539582 -1.541431 -0.7242311 0.8200716 -1.531397 -0.718303 0.8011582 -1.533948 -0.7148381 0.8590984 -1.530176 -0.6999515 0.822099 -1.523086 -0.6910671 0.8017018 -1.529223 0 0 0 0 0 0 0 0 0 0 0 0 0 0 0 0 0 0 0 0 0 0 0 0
21 -1.034147 0.9925908 -1.824016 -1.013738 0.9908274 -1.906487 -1.054556 0.9943541 -1.741544 -1.143279 0.5916563 -1.93494 -1.134435 0.5791845 -1.760027 -0.9444824 0.1486836 -1.913128 -1.029796 0.1017538 -1.745362 -1.02706 1.101922 -1.824599 -1.039726 1.252744 -1.825351 -1.039381 1.498767 -1.823906 -1.045534 1.576957 -1.82506 -1.027 1.445647 -1.863871 -1.045125 1.445198 -1.783045 -0.9996967 1.424699 -1.968844 -1.06434 1.419569 -1.67732 -0.9711862 1.187296 -2.018357 -1.023386 1.185609 -1.620657 -0.9812099 0.9522783 -2.056426 -1.041412 0.949708 -1.592219 -1.033289 0.02172824 -1.959631 -1.157805 0.003474616 -1.734334 0 0 0 0 0 0 0 0 0 -1.00248 0.9425299 -2.052671 -1.022858 0.9087184 -2.046519 -1.029626 0.8716664 -2.040029 -0.999651 0.8793954 -2.080096 -0.9962288 0.8448005 -2.091876 -0.995971 0.8248181 -2.091886 -0.9773709 0.8778191 -2.085297 -0.9725024 0.8383157 -2.092821 -0.9716321 0.8156045 -2.088811 0 0 0 0 0 0 0 0 0 0 0 0 0 0 0 0 0 0 -1.059957 0.9391257 -1.602499 -1.077561 0.9056688 -1.615424 -1.080053 0.8686526 -1.624608 -1.061001 0.8746531 -1.578244 -1.059485 0.8390368 -1.569498 -1.058163 0.8193936 -1.57293 -1.041152 0.8739106 -1.566781 -1.035962 0.8340935 -1.561441 -1.032334 0.8122931 -1.568091 0 0 0 0 0 0 0 0 0 0 0 0 0 0 0 0 0 0 0 0 0 0 0 0
22 -1.197017 0.9991238 -1.852338 -1.178923 0.9975778 -1.935351 -1.215112 1.00067 -1.769324 -1.262535 0.5832167 -1.955029 -1.278908 0.5812725 -1.766771 -1.160464 0.1050498 -1.950277 -1.172755 0.1030812 -1.748143 -1.189879 1.108452 -1.852818 -1.203098 1.259079 -1.859533 -1.203892 1.50506 -1.864215 -1.209441 1.583251 -1.867101 -1.192428 1.451009 -1.903193 -1.208183 1.452506 -1.821884 -1.166158 1.425851 -2.007503 -1.222953 1.426682 -1.715495 -1.130159 1.187432 -2.046039 -1.18811 1.192048 -1.65755 -1.121372 0.951132 -2.075505 -1.212601 0.9570969 -1.626226 -1.276639 0.00580176 -2.003378 -1.300048 0.006925426 -1.721363 0 0 0 0 0 0 0 0 0 -1.141736 0.9396042 -2.071766 -1.159632 0.9046623 -2.064341 -1.163662 0.8676589 -2.055665 -1.131523 0.8751591 -2.093871 -1.123856 0.8408107 -2.104296 -1.121266 0.8209951 -2.104188 -1.108984 0.8754446 -2.098097 -1.100173 0.8366463 -2.105704 -1.096897 0.8139129 -2.103445 0 0 0 0 0 0 0 0 0 0 0 0 0 0 0 0 0 0 -1.232298 0.9475613 -1.635317 -1.252135 0.915147 -1.647652 -1.255885 0.8784367 -1.657604 -1.233657 0.8822048 -1.613573 -1.232309 0.8467152 -1.604301 -1.231777 0.8269048 -1.606877 -1.21297 0.8803396 -1.603852 -1.209038 0.8404025 -1.598338 -1.206876 0.8181002 -1.603866 0 0 0 0 0 0 0 0 0 0 0 0 0 0 0 0 0 0 0 0 0 0 0 0
23 -1.20873 1.000684 -1.851861 -1.195761 0.9999329 -1.93584 -1.221699 1.001436 -1.767883 -1.277859 0.5851002 -1.962007 -1.291036 0.5832209 -1.756663 -1.183314 0.104872 -1.972547 -1.188411 0.1040875 -1.758756 -1.202321 1.110059 -1.85185 -1.219466 1.260231 -1.859771 -1.223175 1.506169 -1.865243 -1.228595 1.584373 -1.868035 -1.214644 1.45206 -1.904887 -1.223181 1.453764 -1.822511 -1.196756 1.425753 -2.010678 -1.227651 1.426201 -1.715628 -1.162018 1.187365 -2.050542 -1.180514 1.19293 -1.660969 -1.150687 0.9513281 -2.081222 -1.192424 0.9576294 -1.625262 -1.302793 0.004130088 -2.014292 -1.303108 0.007212959 -1.698535 0 0 0 0 0 0 0 0 0 -1.170986 0.9398378 -2.077038 -1.188668 0.9046506 -2.070292 -1.192444 0.8673486 -2.062872 -1.16223 0.8760678 -2.101591 -1.154607 0.8430303 -2.115651 -1.151585 0.823471 -2.118423 -1.139877 0.8763216 -2.106709 -1.131416 0.8385413 -2.118621 -1.127732 0.8158153 -2.12023 0 0 0 0 0 0 0 0 0 0 0 0 0 0 0 0 0 0 -1.212718 0.9470634 -1.631435 -1.232288 0.9135005 -1.640755 -1.234949 0.8765395 -1.650112 -1.207503 0.8817705 -1.610085 -1.202676 0.8468598 -1.599827 -1.201258 0.8269807 -1.601303 -1.18555 0.8810037 -1.603497 -1.178679 0.8415676 -1.597299 -1.175989 0.8190544 -1.601608 0 0 0 0 0 0 0 0 0 0 0 0 0 0 0 0 0 0 0 0 0 0 0 0
24 -1.217403 1.000857 -1.845896 -1.210019 1.000558 -1.930551 -1.224788 1.001156 -1.761241 -1.27474 0.5812048 -1.949549 -1.289207 0.5819069 -1.751196 -1.177926 0.10123 -1.982962 -1.185645 0.1028674 -1.763247 -1.210681 1.110212 -1.845695 -1.224688 1.260832 -1.850773 -1.225358 1.506849 -1.852894 -1.229512 1.58517 -1.854166 -1.220533 1.453172 -1.893731 -1.222939 1.453879 -1.810935 -1.210587 1.427681 -2.000759 -1.219878 1.423222 -1.704848 -1.182213 1.189156 -2.04464 -1.162307 1.19106 -1.655739 -1.176378 0.9532671 -2.077888 -1.162575 0.9558317 -1.617655 -1.301432 0.002105981 -2.015937 -1.298226 0.003348537 -1.703345 0 0 0 0 0 0 0 0 0 -1.19704 0.9428453 -2.072785 -1.216223 0.908338 -2.066654 -1.221643 0.8709473 -2.060882 -1.194088 0.8799291 -2.100694 -1.189069 0.848219 -2.118487 -1.187094 0.8291382 -2.12409 -1.172166 0.8790688 -2.107372 -1.16659 0.842353 -2.123549 -1.164088 0.8200102 -2.128762 0 0 0 0 0 0 0 0 0 0 0 0 0 0 0 0 0 0 -1.182732 0.9439552 -1.621425 -1.200921 0.9091775 -1.628908 -1.201963 0.8722469 -1.638695 -1.170388 0.8788937 -1.602432 -1.161742 0.8444662 -1.593088 -1.159024 0.8247334 -1.5947 -1.147767 0.8795772 -1.598723 -1.137186 0.8407919 -1.593764 -1.133269 0.8185003 -1.598278 0 0 0 0 0 0 0 0 0 0 0 0 0 0 0 0 0 0 0 0 0 0 0 0
29 -1.206325 0.9919807 -1.894612 -1.236373 0.9898845 -1.974072 -1.176276 0.9940768 -1.815152 -1.277631 0.570335 -1.928138 -1.266166 0.5818893 -1.773851 -1.174418 0.09405037 -1.979128 -1.185723 0.09911757 -1.754848 -1.202232 1.101376 -1.899045 -1.230257 1.250093 -1.901523 -1.243254 1.495665 -1.908945 -1.251699 1.573516 -1.904385 -1.254266 1.440512 -1.946484 -1.220274 1.444591 -1.871055 -1.29252 1.412866 -2.046364 -1.171496 1.422049 -1.774535 -1.286728 1.174133 -2.097333 -1.087137 1.195928 -1.737416 -1.294487 0.9372798 -2.122294 -1.066317 0.9638167 -1.68768 -1.264607 0.01096376 -1.873633 -1.291279 0.001424201 -1.680817 0 0 0 0 0 0 0 0 0 -1.308084 0.9266441 -2.106059 -1.317984 0.8932672 -2.086456 -1.316112 0.8570706 -2.074329 -1.313267 0.8608067 -2.125671 -1.311531 0.8249505 -2.133327 -1.307722 0.8055177 -2.130639 -1.298181 0.8601246 -2.142931 -1.294205 0.8202166 -2.14862 -1.288615 0.7983101 -2.143984 0 0 0 0 0 0 0 0 0 0 0 0 0 0 0 0 0 0 -1.086722 0.9526648 -1.683116 -1.107298 0.9186667 -1.67898 -1.112504 0.8808888 -1.681526 -1.069498 0.8909566 -1.657787 -1.060673 0.8562389 -1.649782 -1.060814 0.8364328 -1.65244 -1.046823 0.8909318 -1.661219 -1.037834 0.8516247 -1.657345 -1.038423 0.8293526 -1.663365 0 0 0 0 0 0 0 0 0 0 0 0 0 0 0 0 0 0 0 0 0 0 0 0
30 -1.138747 0.9609398 -1.839695 -1.209759 0.959728 -1.886354 -1.067736 0.9621514 -1.793037 -1.284735 0.5716888 -1.73983 -1.144542 0.562814 -1.685527 -1.238366 0.08790287 -1.771543 -1.059611 0.1252886 -1.87938 -1.142064 1.070429 -1.837491 -1.171267 1.217197 -1.814797 -1.190535 1.461471 -1.792711 -1.192622 1.539671 -1.786934 -1.221401 1.40777 -1.819837 -1.148119 1.410066 -1.781287 -1.316598 1.388232 -1.872366 -1.047669 1.394076 -1.738183 -1.337644 1.153839 -1.937498 -0.9589361 1.166777 -1.747503 -1.356691 0.918456 -1.969355 -0.9360491 0.9362571 -1.69165 -1.298773 0.002149604 -1.6484 -1.09322 0.02252277 -1.759062 0 0 0 0 0 0 0 0 0 -1.355253 0.9061274 -1.949168 -1.350302 0.8707027 -1.931367 -1.343853 0.8332445 -1.92736 -1.382653 0.8443494 -1.96254 -1.390275 0.8094993 -1.971182 -1.385772 0.7901015 -1.972861 -1.385499 0.8455897 -1.985262 -1.389142 0.806375 -1.994737 -1.381234 0.7847733 -1.996599 0 0 0 0 0 0 0 0 0 0 0 0 0 0 0 0 0 0 -0.9518911 0.9297876 -1.675256 -0.9707789 0.899783 -1.656836 -0.9807989 0.8635646 -1.649867 -0.9294664 0.8698997 -1.649631 -0.9204718 0.8362134 -1.638157 -0.9224356 0.8166568 -1.634544 -0.9121002 0.8652182 -1.663858 -0.9050544 0.8260962 -1.65607 -0.9095491 0.803471 -1.655338 0 0 0 0 0 0 0 0 0 0 0 0 0 0 0 0 0 0 0 0 0 0 0 0
31 -1.004399 0.9739598 -1.676034 -1.089175 0.9788244 -1.672794 -0.9196229 0.9690951 -1.679273 -1.117799 0.5680886 -1.579748 -0.8930514 0.5980499 -1.482938 -1.124773 0.09441521 -1.695843 -0.9715086 0.1905026 -1.735862 -0.9983486 1.083205 -1.681756 -0.9993629 1.234226 -1.671763 -0.9973064 1.480178 -1.677497 -0.9932728 1.558382 -1.672936 -1.039295 1.427234 -1.675022 -0.9569974 1.426328 -1.684394 -1.147341 1.411597 -1.658136 -0.8487723 1.407814 -1.696568 -1.219726 1.178574 -1.648883 -0.8041605 1.175181 -1.75587 -1.266402 0.9480821 -1.610441 -0.7708857 0.9412785 -1.724797 -1.155288 -0.008021273 -1.574425 -0.9523373 0.03642871 -1.690469 0 0 0 0 0 0 0 0 0 -1.253582 0.9362592 -1.594397 -1.243807 0.9004948 -1.579508 -1.242386 0.8624666 -1.575961 -1.290713 0.8807669 -1.577428 -1.307447 0.8492304 -1.568901 -1.310017 0.8295353 -1.566693 -1.307698 0.8819337 -1.592793 -1.324446 0.845182 -1.589686 -1.326211 0.82221 -1.591032 0 0 0 0 0 0 0 0 0 0 0 0 0 0 0 0 0 0 -0.7779967 0.9313816 -1.704474 -0.7851453 0.8979594 -1.683781 -0.790466 0.8606151 -1.677629 -0.7491176 0.868864 -1.702559 -0.7368389 0.8343726 -1.699936 -0.7375681 0.8145064 -1.697891 -0.7401629 0.8674735 -1.723625 -0.7317775 0.8279041 -1.725814 -0.7359529 0.8052186 -1.726573 0 0 0 0 0 0 0 0 0 0 0 0 0 0 0 0 0 0 0 0 0 0 0 0
32 -0.7948668 0.9667724 -1.368168 -0.8777052 0.971446 -1.349809 -0.7120283 0.9620989 -1.386527 -0.8864595 0.5494497 -1.34001 -0.6500106 0.610864 -1.161694 -0.919365 0.1082061 -1.545465 -0.6655812 0.1265913 -1.110979 -0.7896898 1.07612 -1.372645 -0.7842923 1.226905 -1.36068 -0.7759715 1.472771 -1.357531 -0.7704023 1.550566 -1.349171 -0.8183157 1.420725 -1.349136 -0.7393128 1.418369 -1.373927 -0.9222944 1.408565 -1.313864 -0.6354637 1.400753 -1.407224 -0.9937048 1.178427 -1.274342 -0.6189984 1.183533 -1.517539 -1.01525 0.9607459 -1.179825 -0.6010801 0.949814 -1.560405 -0.9096908 -0.003741592 -1.429099 -0.5893396 0.0804878 -0.9759664 0 0 0 0 0 0 0 0 0 -0.9986989 0.9566988 -1.163355 -0.9814474 0.9280213 -1.141531 -0.9726114 0.8935811 -1.127511 -1.023018 0.9056543 -1.123996 -1.035789 0.8788377 -1.102431 -1.038212 0.8619215 -1.09207 -1.041651 0.8994289 -1.135829 -1.052076 0.8650252 -1.11716 -1.05142 0.8432872 -1.109435 0 0 0 0 0 0 0 0 0 0 0 0 0 0 0 0 0 0 -0.6044123 0.9336454 -1.543404 -0.6107244 0.8955665 -1.533085 -0.6186186 0.8583067 -1.536268 -0.5823534 0.8737842 -1.569407 -0.5740012 0.8403189 -1.581962 -0.5765415 0.8210938 -1.586791 -0.5785494 0.8795834 -1.591267 -0.5749561 0.8430358 -1.608361 -0.5818263 0.8221478 -1.61537 0 0 0 0 0 0 0 0 0 0 0 0 0 0 0 0 0 0 0 0 0 0 0 0
33 -0.7810583 0.9801141 -1.059139 -0.8606017 0.9808412 -1.029249 -0.7015146 0.979387 -1.089029 -0.8364303 0.5632374 -0.9836947 -0.6300954 0.5882263 -0.9490814 -0.9010527 0.1279608 -1.190442 -0.6443207 0.1048788 -1.007512 -0.7821469 1.089529 -1.064698 -0.776216 1.240235 -1.052009 -0.7754938 1.486255 -1.050267 -0.7736842 1.564331 -1.042937 -0.8150061 1.432941 -1.03728 -0.7390745 1.432953 -1.070386 -0.9157063 1.411645 -0.9971605 -0.6421699 1.409487 -1.117952 -0.9724961 1.175193 -0.9750193 -0.627404 1.181135 -1.20317 -0.9924306 0.9439716 -0.9209624 -0.6037868 0.9466748 -1.238577 -0.8841137 0.006561898 -1.084886 -0.5579491 0.01575878 -0.9037604 0 0 0 0 0 0 0 0 0 -0.9764165 0.9376441 -0.9046813 -0.9573342 0.9072835 -0.8870622 -0.9457707 0.8716279 -0.8795977 -0.9970858 0.8766213 -0.8802869 -1.008299 0.8432506 -0.8698968 -1.008843 0.8236165 -0.8662116 -1.014297 0.8717168 -0.8946277 -1.023292 0.8330577 -0.8865411 -1.021552 0.8101164 -0.8847242 0 0 0 0 0 0 0 0 0 0 0 0 0 0 0 0 0 0 -0.6012851 0.9325252 -1.219733 -0.6036709 0.896139 -1.203403 -0.6123184 0.8589676 -1.201339 -0.5860647 0.8701128 -1.244616 -0.5860358 0.8351576 -1.255816 -0.593685 0.8167067 -1.25647 -0.5892277 0.8734114 -1.267089 -0.59465 0.8353291 -1.279784 -0.6068979 0.8157714 -1.280132 0 0 0 0 0 0 0 0 0 0 0 0 0 0 0 0 0 0 0 0 0 0 0 0
35 -0.7499232 0.9923542 -1.051907 -0.8348799 0.9940172 -1.051054 -0.6649667 0.9906911 -1.05276 -0.8390386 0.5808555 -0.9569272 -0.6906115 0.5712296 -0.9972355 -0.8842136 0.09921142 -1.03268 -0.6726099 0.0957017 -1.113231 -0.7478525 1.101678 -1.058825 -0.737829 1.250955 -1.03593 -0.7267984 1.496634 -1.028913 -0.727815 1.574463 -1.019186 -0.7703339 1.445379 -1.035968 -0.6876905 1.44155 -1.031845 -0.8778319 1.422082 -1.046218 -0.5807623 1.413817 -1.032784 -0.9407891 1.195399 -1.111607 -0.5345811 1.17497 -1.053861 -0.992813 0.9628587 -1.112826 -0.5075184 0.9382234 -1.05255 -0.9218968 0.001543082 -0.9093609 -0.7456293 0.01387658 -0.9943211 0 0 0 0 0 0 0 0 0 -0.9900029 0.9517009 -1.09211 -0.9866621 0.9177041 -1.071388 -0.9823493 0.8799384 -1.0674 -1.01954 0.8899091 -1.099551 -1.029999 0.8551629 -1.105085 -1.027396 0.8353646 -1.105878 -1.024165 0.8898857 -1.122014 -1.030789 0.8505624 -1.129129 -1.02487 0.8283083 -1.130665 0 0 0 0 0 0 0 0 0 0 0 0 0 0 0 0 0 0 -0.5175582 0.9277077 -1.033836 -0.532068 0.8944255 -1.017161 -0.5439804 0.858233 -1.014168 -0.4973533 0.8618751 -1.035821 -0.4908449 0.8259955 -1.040017 -0.4947316 0.8065419 -1.042431 -0.4869023 0.8610615 -1.056218 -0.4830455 0.8211183 -1.061742 -0.4893973 0.7991824 -1.065075 0 0 0 0 0 0 0 0 0 0 0 0 0 0 0 0 0 0 0 0 0 0 0 0
36 -0.7588914 0.995441 -1.162951 -0.8322027 1.001046 -1.205556 -0.6855801 0.9898361 -1.120346 -0.9405555 0.5985356 -1.125122 -0.7377762 0.5688828 -1.080547 -0.9576827 0.1102352 -1.168602 -0.7357441 0.08547642 -1.173563 -0.7564119 1.10451 -1.152869 -0.7572987 1.243932 -1.09397 -0.762961 1.486527 -1.053412 -0.7659028 1.564849 -1.050256 -0.7897468 1.43836 -1.092588 -0.7289945 1.430457 -1.036836 -0.8621277 1.423971 -1.174793 -0.6494915 1.401251 -0.9659142 -0.8799154 1.2072 -1.285782 -0.5961551 1.163512 -0.9820458 -0.9338605 0.9806115 -1.336086 -0.5649341 0.9276563 -0.9954799 -1.088405 0.0333617 -1.112309 -0.808463 0.002109788 -1.055543 0 0 0 0 0 0 0 0 0 -0.9466608 0.9694658 -1.319548 -0.9609624 0.9355466 -1.304015 -0.9635991 0.8975868 -1.30043 -0.968469 0.9109035 -1.348547 -0.9753032 0.8773347 -1.361727 -0.9744931 0.8573667 -1.361752 -0.9567516 0.9110901 -1.368261 -0.9600809 0.8725612 -1.380313 -0.9565374 0.8498055 -1.378809 0 0 0 0 0 0 0 0 0 0 0 0 0 0 0 0 0 0 -0.5848245 0.9154298 -0.9914246 -0.6048223 0.8809574 -0.994265 -0.6128189 0.8450446 -1.004613 -0.5656711 0.8496372 -0.9843111 -0.5559766 0.8142677 -0.9858372 -0.5556183 0.7953365 -0.9922287 -0.5435638 0.8507867 -0.990301 -0.5344291 0.8116118 -0.9950695 -0.5349031 0.7903943 -1.004137 0 0 0 0 0 0 0 0 0 0 0 0 0 0 0 0 0 0 0 0 0 0 0 0
37 -0.7713001 0.9710897 -1.198318 -0.7733232 0.973471 -1.283238 -0.7692772 0.9687083 -1.113398 -0.9371963 0.5891759 -1.332135 -0.9161546 0.5802354 -1.046736 -0.8203094 0.1178467 -1.311969 -0.7097367 0.1509244 -1.143195 -0.7752218 1.080535 -1.195155 -0.8075303 1.227253 -1.176753 -0.8286107 1.472335 -1.172332 -0.8363137 1.550327 -1.17564 -0.8132122 1.420858 -1.213385 -0.8280519 1.418113 -1.131936 -0.7840503 1.405103 -1.318765 -0.8455222 1.396484 -1.025022 -0.7086114 1.183478 -1.388163 -0.8162075 1.160456 -0.9697371 -0.7009162 0.9558503 -1.458231 -0.8303393 0.9231769 -0.9529442 -0.9000172 0.01824557 -1.411433 -0.7943761 0.03062437 -1.075883 0 0 0 0 0 0 0 0 0 -0.7220531 0.9453536 -1.460379 -0.7428507 0.9112992 -1.4624 -0.7483147 0.8734906 -1.46121 -0.7106641 0.8861582 -1.49373 -0.704856 0.8526235 -1.507477 -0.7050797 0.8326537 -1.508207 -0.68774 0.8856153 -1.49409 -0.6803536 0.8470004 -1.503845 -0.6802005 0.8241114 -1.500895 0 0 0 0 0 0 0 0 0 0 0 0 0 0 0 0 0 0 -0.8475063 0.9141276 -0.9665446 -0.8643481 0.8818147 -0.982932 -0.8694426 0.8452531 -0.9928339 -0.8613315 0.8517274 -0.9408314 -0.8658437 0.8170772 -0.9295925 -0.8664343 0.7971213 -0.9304797 -0.8445132 0.8494671 -0.925405 -0.8458702 0.810198 -0.9155591 -0.8441849 0.7873572 -0.9184039 0 0 0 0 0 0 0 0 0 0 0 0 0 0 0 0 0 0 0 0 0 0 0 0
38 -0.8652588 0.9681577 -1.363892 -0.8054748 0.9673632 -1.424277 -0.9250427 0.9689522 -1.303507 -0.887395 0.5535495 -1.421208 -1.098229 0.6044832 -1.422236 -0.8216103 0.101345 -1.251547 -1.059021 0.1235382 -1.36414 -0.8605325 1.077569 -1.360652 -0.8646061 1.228521 -1.370918 -0.8533988 1.47422 -1.376909 -0.853797 1.55231 -1.384308 -0.8240274 1.418854 -1.402289 -0.8827325 1.422953 -1.343992 -0.7459366 1.395958 -1.476997 -0.962473 1.411672 -1.268376 -0.7004768 1.156555 -1.492619 -0.9884562 1.180225 -1.195011 -0.7439167 0.9317854 -1.558761 -1.022254 0.9460903 -1.166352 -0.8954054 0.0009474978 -1.354704 -1.179603 0.02797785 -1.41409 0 0 0 0 0 0 0 0 0 -0.7666193 0.9287824 -1.564855 -0.7960263 0.9034372 -1.574298 -0.8137379 0.869825 -1.578455 -0.769241 0.8697013 -1.600191 -0.773614 0.8374187 -1.617103 -0.7807643 0.8190827 -1.620573 -0.7479638 0.8617302 -1.597079 -0.7521363 0.8233123 -1.609224 -0.75981 0.8015497 -1.608838 0 0 0 0 0 0 0 0 0 0 0 0 0 0 0 0 0 0 -1.027492 0.933268 -1.18558 -1.030952 0.8967225 -1.201353 -1.029287 0.8586274 -1.203951 -1.056086 0.8750091 -1.162462 -1.068408 0.8420572 -1.151991 -1.06908 0.8221378 -1.150527 -1.05258 0.8770077 -1.139887 -1.060112 0.8394259 -1.126783 -1.057147 0.8166754 -1.124281 0 0 0 0 0 0 0 0 0 0 0 0 0 0 0 0 0 0 0 0 0 0 0 0
39 -1.045815 0.986335 -1.664636 -0.9727986 0.9872278 -1.708097 -1.118832 0.985442 -1.621175 -1.011837 0.5672126 -1.734885 -1.221731 0.5940912 -1.737988 -0.9430082 0.1060637 -1.589525 -1.208396 0.1147448 -1.655013 -1.044055 1.095759 -1.65943 -1.049095 1.246452 -1.672644 -1.04846 1.492458 -1.675815 -1.050743 1.570483 -1.683549 -1.012025 1.438777 -1.694871 -1.081365 1.43954 -1.649562 -0.9189478 1.415608 -1.749676 -1.168666 1.416005 -1.586093 -0.868561 1.177403 -1.768234 -1.169967 1.186659 -1.502287 -0.8608816 0.9436528 -1.813894 -1.183375 0.9525489 -1.459911 -0.993264 0.0009613857 -1.701751 -1.311743 0.03300443 -1.748847 0 0 0 0 0 0 0 0 0 -0.8795046 0.9371921 -1.827047 -0.9021425 0.9068187 -1.839748 -0.9161583 0.871415 -1.843047 -0.8659179 0.8734453 -1.849359 -0.8560385 0.8395439 -1.859378 -0.8551516 0.8198183 -1.862459 -0.8469752 0.8685128 -1.83741 -0.8393601 0.8294485 -1.844948 -0.8404378 0.8064227 -1.846084 0 0 0 0 0 0 0 0 0 0 0 0 0 0 0 0 0 0 -1.189125 0.9386588 -1.478229 -1.189417 0.9025603 -1.49535 -1.181142 0.8654675 -1.499399 -1.200211 0.8759675 -1.451904 -1.197842 0.8409911 -1.441025 -1.189846 0.8226957 -1.441872 -1.193247 0.8789572 -1.430259 -1.185476 0.8408434 -1.418953 -1.173113 0.8214593 -1.420964 0 0 0 0 0 0 0 0 0 0 0 0 0 0 0 0 0 0 0 0 0 0 0 0
40 -1.163786 0.9934829 -1.754237 -1.090171 0.9932796 -1.796686 -1.237401 0.9936863 -1.711788 -1.139217 0.5792294 -1.855803 -1.311118 0.5827175 -1.781341 -1.059759 0.1235379 -1.704809 -1.291052 0.1019582 -1.693718 -1.16077 1.102902 -1.749531 -1.167482 1.253568 -1.762307 -1.164178 1.499557 -1.765062 -1.164604 1.5777 -1.771872 -1.12779 1.445521 -1.783181 -1.198357 1.446954 -1.739823 -1.033349 1.420214 -1.834601 -1.286513 1.421551 -1.678285 -0.9822891 1.181937 -1.850149 -1.298176 1.189495 -1.603191 -0.960869 0.946871 -1.882832 -1.323933 0.9545923 -1.572528 -1.094099 0.007075451 -1.811692 -1.392911 0.004051529 -1.772494 0 0 0 0 0 0 0 0 0 -0.9780742 0.9381444 -1.896594 -0.9979903 0.905799 -1.908981 -1.009375 0.8693531 -1.910667 -0.9587485 0.8740864 -1.913 -0.9489082 0.8390021 -1.917421 -0.9495528 0.8190371 -1.916816 -0.9403784 0.8714151 -1.899534 -0.9322157 0.8317803 -1.901347 -0.934557 0.8089733 -1.898702 0 0 0 0 0 0 0 0 0 0 0 0 0 0 0 0 0 0 -1.330465 0.9422281 -1.59166 -1.332986 0.9074462 -1.611158 -1.326221 0.8702834 -1.616981 -1.344051 0.8784472 -1.569443 -1.341802 0.8427193 -1.561334 -1.333582 0.8247187 -1.564125 -1.336755 0.8796698 -1.547735 -1.329238 0.8406624 -1.539813 -1.316782 0.8217103 -1.544091 0 0 0 0 0 0 0 0 0 0 0 0 0 0 0 0 0 0 0 0 0 0 0 0
41 -1.19145 1.001591 -1.770258 -1.11752 1.001082 -1.812153 -1.265381 1.0021 -1.728364 -1.161826 0.5854388 -1.872746 -1.320305 0.5830447 -1.770806 -1.087879 0.1155083 -1.763776 -1.293713 0.1026681 -1.67374 -1.187928 1.110987 -1.765373 -1.193434 1.261698 -1.778194 -1.188659 1.507661 -1.781105 -1.187792 1.585824 -1.787647 -1.152424 1.453398 -1.798846 -1.223377 1.455281 -1.756142 -1.057255 1.426603 -1.848127 -1.311665 1.42852 -1.695374 -1.007143 1.18777 -1.856645 -1.325805 1.195229 -1.624661 -0.9810076 0.9519516 -1.87877 -1.354139 0.9598889 -1.600264 -1.130925 0.007723115 -1.876453 -1.398063 0.004406892 -1.748725 0 0 0 0 0 0 0 0 0 -0.9975091 0.9419854 -1.892552 -1.01663 0.9088115 -1.903962 -1.027457 0.8721572 -1.903881 -0.976454 0.8773713 -1.903855 -0.9681079 0.8416284 -1.904139 -0.970616 0.8220525 -1.900997 -0.9585803 0.8759704 -1.889554 -0.9520039 0.8360661 -1.887269 -0.9565716 0.8140633 -1.882011 0 0 0 0 0 0 0 0 0 0 0 0 0 0 0 0 0 0 -1.361259 0.9483162 -1.619679 -1.365135 0.9141483 -1.640023 -1.359284 0.87695 -1.646565 -1.376155 0.8842141 -1.599304 -1.376185 0.8484662 -1.590973 -1.369604 0.8297395 -1.593292 -1.368521 0.8845519 -1.577681 -1.363625 0.8451113 -1.569852 -1.353144 0.8248808 -1.573529 0 0 0 0 0 0 0 0 0 0 0 0 0 0 0 0 0 0 0 0 0 0 0 0
42 -1.214647 1.004458 -1.770026 -1.140194 1.003624 -1.810981 -1.289099 1.005292 -1.729072 -1.168819 0.5835589 -1.864626 -1.333861 0.5841144 -1.766975 -1.098793 0.1050816 -1.782894 -1.298028 0.1033494 -1.672042 -1.210334 1.113791 -1.764412 -1.214926 1.264556 -1.776954 -1.209929 1.510526 -1.778634 -1.209957 1.588758 -1.784359 -1.17352 1.456318 -1.796187 -1.244991 1.458056 -1.754349 -1.077706 1.429365 -1.844113 -1.333795 1.430167 -1.694853 -1.028733 1.19023 -1.850507 -1.348204 1.196144 -1.626659 -1.001951 0.9541969 -1.869321 -1.377154 0.9604536 -1.606783 -1.1461 0.004596084 -1.900501 -1.402821 0.005199023 -1.746552 0 0 0 0 0 0 0 0 0 -1.018109 0.943701 -1.883117 -1.036475 0.9099128 -1.893951 -1.046855 0.8731402 -1.893062 -0.9964559 0.8789017 -1.891964 -0.9862365 0.8436487 -1.892256 -0.9870694 0.8238617 -1.889581 -0.9788709 0.8780612 -1.877267 -0.9703194 0.838513 -1.87536 -0.9727783 0.8159918 -1.870956 0 0 0 0 0 0 0 0 0 0 0 0 0 0 0 0 0 0 -1.384376 0.9492103 -1.626353 -1.388098 0.9152346 -1.647045 -1.381552 0.8782381 -1.654057 -1.397429 0.8842899 -1.60735 -1.399217 0.8488423 -1.597993 -1.394419 0.8294712 -1.599049 -1.389397 0.8842617 -1.58587 -1.386546 0.8447827 -1.57726 -1.378297 0.8233341 -1.579392 0 0 0 0 0 0 0 0 0 0 0 0 0 0 0 0 0 0 0 0 0 0 0 0
43 -1.229439 1.004674 -1.760728 -1.154863 1.003193 -1.801439 -1.304015 1.006155 -1.720018 -1.1755 0.5833816 -1.862026 -1.345488 0.5850047 -1.761374 -1.100589 0.1038767 -1.789662 -1.298378 0.1037002 -1.674687 -1.223974 1.113933 -1.754692 -1.228335 1.264578 -1.76867 -1.223755 1.510552 -1.770999 -1.223219 1.588792 -1.776582 -1.187228 1.456359 -1.788355 -1.258763 1.458086 -1.746626 -1.091228 1.429345 -1.835872 -1.34749 1.4297 -1.68725 -1.042535 1.190089 -1.839075 -1.360684 1.195255 -1.62027 -1.01447 0.9539432 -1.854262 -1.389909 0.9593905 -1.60304 -1.147215 0.004346199 -1.908348 -1.406726 0.006823815 -1.745698 0 0 0 0 0 0 0 0 0 -1.030283 0.9429469 -1.868068 -1.047581 0.9083971 -1.878237 -1.057199 0.8714425 -1.87662 -1.007777 0.8782092 -1.875042 -0.9941496 0.8441475 -1.876215 -0.9918525 0.8243566 -1.87466 -0.9904287 0.8779103 -1.860046 -0.9782767 0.8392748 -1.859371 -0.9768499 0.8164111 -1.856569 0 0 0 0 0 0 0 0 0 0 0 0 0 0 0 0 0 0 -1.397004 0.9482552 -1.622719 -1.400185 0.914276 -1.643494 -1.392763 0.877479 -1.65068 -1.408124 0.8827221 -1.604612 -1.411182 0.8476655 -1.594171 -1.407786 0.8279732 -1.593938 -1.399898 0.882584 -1.583205 -1.398459 0.843245 -1.573654 -1.391979 0.8211015 -1.574211 0 0 0 0 0 0 0 0 0 0 0 0 0 0 0 0 0 0 0 0 0 0 0 0
44 -1.237476 1.003629 -1.746132 -1.163541 1.002902 -1.788016 -1.311411 1.004356 -1.704248 -1.177011 0.585026 -1.862433 -1.353787 0.5843272 -1.751914 -1.095002 0.1046374 -1.805188 -1.291102 0.1030453 -1.67831 -1.233204 1.112962 -1.740488 -1.239453 1.263278 -1.75705 -1.237869 1.509265 -1.761206 -1.237911 1.587513 -1.766699 -1.201238 1.455379 -1.77928 -1.271504 1.456572 -1.73543 -1.106539 1.429104 -1.829732 -1.358055 1.426913 -1.673519 -1.055225 1.190385 -1.831865 -1.365998 1.193443 -1.60243 -1.024888 0.9544742 -1.846314 -1.393064 0.9576243 -1.581454 -1.144583 -0.0004230961 -1.917752 -1.405167 0.005673118 -1.738928 0 0 0 0 0 0 0 0 0 -1.04049 0.9434305 -1.860321 -1.056662 0.9085266 -1.871113 -1.06513 0.8712658 -1.870283 -1.016456 0.8794434 -1.868931 -1.000038 0.8467602 -1.872016 -0.9953013 0.8273457 -1.871893 -0.9990411 0.8792072 -1.854012 -0.9838414 0.8416907 -1.855532 -0.9793925 0.8190666 -1.854534 0 0 0 0 0 0 0 0 0 0 0 0 0 0 0 0 0 0 -1.400642 0.9459711 -1.600646 -1.403915 0.9114268 -1.620453 -1.395965 0.8746215 -1.627005 -1.409663 0.8805755 -1.580944 -1.412788 0.8460528 -1.568872 -1.409952 0.826317 -1.567518 -1.400647 0.8810164 -1.559862 -1.399214 0.8420895 -1.548749 -1.393421 0.8197607 -1.548045 0 0 0 0 0 0 0 0 0 0 0 0 0 0 0 0 0 0 0 0 0 0 0 0
46 -1.209792 0.9900072 -1.770713 -1.13402 0.9857047 -1.80894 -1.285564 0.9943096 -1.732487 -1.149432 0.5661281 -1.855209 -1.389074 0.5881069 -1.784574 -1.20558 0.1081918 -1.695967 -1.349825 0.1096904 -1.696256 -1.202973 1.09935 -1.769504 -1.192947 1.247229 -1.80016 -1.181626 1.492463 -1.816328 -1.185491 1.570456 -1.823746 -1.148927 1.436228 -1.834784 -1.215057 1.442543 -1.785302 -1.060435 1.404353 -1.892722 -1.295701 1.423095 -1.71235 -1.011617 1.165656 -1.876425 -1.327574 1.197018 -1.625755 -0.9820361 0.9293277 -1.868898 -1.393213 0.9686843 -1.607369 -1.132379 0.002226129 -1.793843 -1.474506 0.00752794 -1.709827 0 0 0 0 0 0 0 0 0 -0.9992555 0.9173026 -1.879873 -1.017696 0.8824599 -1.886373 -1.026891 0.8455922 -1.88225 -0.976048 0.8528121 -1.886835 -0.9657502 0.8175996 -1.885683 -0.9665149 0.7981302 -1.881241 -0.9568195 0.8536529 -1.874365 -0.9478648 0.8143225 -1.870655 -0.950128 0.7922993 -1.864136 0 0 0 0 0 0 0 0 0 0 0 0 0 0 0 0 0 0 -1.404959 0.9594592 -1.625767 -1.418421 0.9274932 -1.645598 -1.421069 0.8901339 -1.653216 -1.429042 0.8985425 -1.604429 -1.436965 0.8638994 -1.595243 -1.436287 0.8440239 -1.597212 -1.418661 0.8965572 -1.584077 -1.423042 0.8570482 -1.576287 -1.419553 0.8345189 -1.579878 0 0 0 0 0 0 0 0 0 0 0 0 0 0 0 0 0 0 0 0 0 0 0 0
47 -1.172342 0.9939216 -1.851682 -1.129515 0.9917475 -1.925046 -1.215169 0.9960954 -1.778318 -1.175434 0.5950056 -2.057014 -1.299972 0.5813537 -1.794721 -1.047918 0.1778523 -1.842669 -1.21247 0.1005384 -1.76686 -1.162656 1.103027 -1.84926 -1.16955 1.253244 -1.866458 -1.162678 1.498636 -1.88273 -1.168831 1.576599 -1.888806 -1.141791 1.442497 -1.914104 -1.180393 1.448422 -1.841054 -1.084973 1.411038 -2.003467 -1.224396 1.425834 -1.742275 -1.037876 1.172202 -2.022548 -1.214561 1.194943 -1.663422 -1.015121 0.9358947 -2.043136 -1.251984 0.9621699 -1.628795 -1.054528 0.0349337 -1.91815 -1.340302 0.003031187 -1.749022 0 0 0 0 0 0 0 0 0 -1.035188 0.9246508 -2.048833 -1.055403 0.8903027 -2.051642 -1.063479 0.853168 -2.047572 -1.016709 0.8610474 -2.067786 -1.007266 0.8259187 -2.072694 -1.006929 0.8061579 -2.069731 -0.9944722 0.8610377 -2.062175 -0.9855536 0.8215958 -2.064548 -0.9860128 0.7991182 -2.059334 0 0 0 0 0 0 0 0 0 0 0 0 0 0 0 0 0 0 -1.268644 0.9520343 -1.642258 -1.285297 0.9191276 -1.657626 -1.287019 0.8818155 -1.665724 -1.277674 0.8886069 -1.616929 -1.278507 0.8531885 -1.60733 -1.276737 0.8335267 -1.610438 -1.260536 0.8874227 -1.601736 -1.25813 0.8475599 -1.594952 -1.254086 0.8255799 -1.600711 0 0 0 0 0 0 0 0 0 0 0 0 0 0 0 0 0 0 0 0 0 0 0 0
48 -1.201014 1.001818 -1.860999 -1.184223 1.001599 -1.944301 -1.217806 1.002036 -1.777698 -1.264294 0.5881541 -1.961087 -1.28345 0.5824433 -1.761178 -1.121081 0.1249877 -1.914993 -1.192434 0.1011196 -1.726251 -1.193105 1.111086 -1.859691 -1.20424 1.261869 -1.866668 -1.200741 1.507566 -1.878934 -1.206951 1.585615 -1.883692 -1.189952 1.452146 -1.916144 -1.206229 1.456427 -1.835037 -1.161296 1.422582 -2.018654 -1.220919 1.43209 -1.728287 -1.132639 1.182831 -2.055025 -1.192081 1.19873 -1.662434 -1.126478 0.9465815 -2.08554 -1.210117 0.964737 -1.621143 -1.209392 0.01239056 -1.990424 -1.317919 0.002956606 -1.698246 0 0 0 0 0 0 0 0 0 -1.147641 0.9361103 -2.083529 -1.168595 0.9025934 -2.077711 -1.175738 0.8659717 -2.069428 -1.138891 0.8711572 -2.104757 -1.132307 0.8355894 -2.110992 -1.131297 0.8159459 -2.10746 -1.116093 0.8702887 -2.10708 -1.109157 0.8305307 -2.110548 -1.108122 0.8082741 -2.10453 0 0 0 0 0 0 0 0 0 0 0 0 0 0 0 0 0 0 -1.229893 0.9544771 -1.629216 -1.249769 0.9216009 -1.640191 -1.253064 0.8845319 -1.648896 -1.22944 0.8901399 -1.604586 -1.226012 0.8541525 -1.598225 -1.224594 0.8350808 -1.604024 -1.208451 0.8890564 -1.595411 -1.202566 0.8490527 -1.592979 -1.199714 0.8281799 -1.602404 0 0 0 0 0 0 0 0 0 0 0 0 0 0 0 0 0 0 0 0 0 0 0 0
49 -1.227808 1.004069 -1.858886 -1.214729 1.003593 -1.942849 -1.240887 1.004544 -1.774922 -1.268496 0.5818193 -1.942582 -1.297069 0.5831992 -1.758929 -1.165849 0.1014047 -1.936754 -1.201011 0.1025747 -1.722119 -1.221202 1.11343 -1.858476 -1.233103 1.264221 -1.863851 -1.230898 1.51012 -1.871491 -1.236117 1.588309 -1.874975 -1.222503 1.455471 -1.910418 -1.233353 1.458118 -1.828339 -1.201225 1.427518 -2.015153 -1.240906 1.43148 -1.721395 -1.177595 1.18794 -2.056002 -1.199611 1.197848 -1.663639 -1.176521 0.9517531 -2.087583 -1.204979 0.9627959 -1.624847 -1.288306 0.002677403 -1.97449 -1.324494 0.004308246 -1.686589 0 0 0 0 0 0 0 0 0 -1.197458 0.9414016 -2.083575 -1.218058 0.9080303 -2.075938 -1.224489 0.8713674 -2.067265 -1.191377 0.876631 -2.106244 -1.185818 0.8408468 -2.112235 -1.184785 0.82137 -2.10788 -1.168932 0.8756365 -2.110845 -1.162703 0.8357407 -2.114065 -1.161442 0.8138106 -2.106985 0 0 0 0 0 0 0 0 0 0 0 0 0 0 0 0 0 0 -1.224954 0.951735 -1.631191 -1.244217 0.9179915 -1.640499 -1.246481 0.8808097 -1.649052 -1.219624 0.8874084 -1.607111 -1.214031 0.8517284 -1.600557 -1.212244 0.8325697 -1.605954 -1.197872 0.8871843 -1.599851 -1.189973 0.8475297 -1.597407 -1.186943 0.8265037 -1.606427 0 0 0 0 0 0 0 0 0 0 0 0 0 0 0 0 0 0 0 0 0 0 0 0
50 -1.230842 1.004533 -1.84315 -1.217244 1.00352 -1.927026 -1.24444 1.005546 -1.759274 -1.273421 0.5824169 -1.93733 -1.303968 0.5847539 -1.745138 -1.170198 0.1023627 -1.938648 -1.208587 0.1034999 -1.718691 -1.223421 1.113843 -1.843267 -1.236584 1.264495 -1.849508 -1.235475 1.510432 -1.85608 -1.240222 1.588643 -1.859751 -1.226734 1.455991 -1.895221 -1.237804 1.458234 -1.81316 -1.205124 1.428307 -1.99996 -1.245552 1.430698 -1.706457 -1.178382 1.188781 -2.039166 -1.203226 1.196634 -1.651255 -1.17309 0.9524927 -2.06954 -1.210438 0.9611735 -1.615344 -1.291945 0.00360138 -1.978527 -1.333019 0.005855836 -1.684794 0 0 0 0 0 0 0 0 0 -1.19372 0.9415955 -2.065395 -1.212772 0.907371 -2.057517 -1.217742 0.8705668 -2.04849 -1.185663 0.876649 -2.086915 -1.178627 0.8418404 -2.096198 -1.176402 0.8220108 -2.095101 -1.163186 0.8762414 -2.091451 -1.155548 0.837051 -2.098279 -1.152932 0.8143159 -2.095295 0 0 0 0 0 0 0 0 0 0 0 0 0 0 0 0 0 0 -1.230504 0.9503224 -1.621759 -1.24962 0.9166643 -1.631661 -1.251603 0.8797482 -1.641358 -1.224558 0.8850675 -1.600486 -1.218928 0.8497134 -1.59238 -1.217102 0.8301145 -1.595833 -1.202669 0.8846108 -1.593659 -1.194997 0.8450429 -1.589613 -1.191962 0.8231312 -1.596193 0 0 0 0 0 0 0 0 0 0 0 0 0 0 0 0 0 0 0 0 0 0 0 0
51 -1.225321 1.004361 -1.825182 -1.214179 1.003032 -1.909415 -1.236463 1.00569 -1.740948 -1.277861 0.583977 -1.934617 -1.29854 0.585313 -1.732556 -1.17746 0.104278 -1.957579 -1.202816 0.1036435 -1.729643 -1.217892 1.113668 -1.825924 -1.233525 1.264121 -1.83121 -1.234614 1.510094 -1.836248 -1.238752 1.588341 -1.839885 -1.226915 1.455965 -1.876036 -1.234918 1.457618 -1.793605 -1.209241 1.429049 -1.981709 -1.238561 1.428869 -1.687004 -1.181205 1.190016 -2.02296 -1.189942 1.194852 -1.637033 -1.174779 0.9539548 -2.054848 -1.192181 0.9590095 -1.603026 -1.299038 0.002612323 -1.98998 -1.32123 0.007056959 -1.676578 0 0 0 0 0 0 0 0 0 -1.195193 0.9427754 -2.050394 -1.213227 0.9079422 -2.042794 -1.217261 0.8708827 -2.034363 -1.186908 0.8782056 -2.072936 -1.179314 0.8447392 -2.085961 -1.176333 0.8250979 -2.088129 -1.164534 0.8781073 -2.077971 -1.156354 0.8399549 -2.088848 -1.152844 0.8171688 -2.089905 0 0 0 0 0 0 0 0 0 0 0 0 0 0 0 0 0 0 -1.212181 0.9476819 -1.608793 -1.230467 0.9134754 -1.618378 -1.231454 0.8766847 -1.628685 -1.203242 0.8821517 -1.589505 -1.196173 0.8473516 -1.580216 -1.193727 0.8276129 -1.582158 -1.181056 0.882229 -1.583702 -1.172063 0.8430631 -1.578605 -1.168409 0.8207816 -1.583382 0 0 0 0 0 0 0 0 0 0 0 0 0 0 0 0 0 0 0 0 0 0 0 0
56 -1.223067 0.9950351 -1.855603 -1.249456 0.9920673 -1.936325 -1.196678 0.9980027 -1.774882 -1.326561 0.5755652 -1.939314 -1.258479 0.57919 -1.745093 -1.230652 0.0988492 -1.995004 -1.161123 0.0990544 -1.766577 -1.215796 1.104168 -1.861992 -1.228618 1.254979 -1.862436 -1.229468 1.500884 -1.870147 -1.238609 1.57876 -1.867975 -1.241827 1.446289 -1.90808 -1.210309 1.448799 -1.831517 -1.276703 1.418322 -2.0091 -1.163518 1.422192 -1.735047 -1.277326 1.178989 -2.057514 -1.090571 1.191338 -1.703267 -1.295677 0.9426083 -2.081397 -1.081885 0.9570214 -1.660801 -1.355977 0.003201105 -1.958782 -1.244376 0.001615651 -1.667878 0 0 0 0 0 0 0 0 0 -1.31152 0.9326967 -2.066825 -1.325258 0.8998787 -2.048644 -1.326635 0.8636274 -2.036614 -1.317954 0.8672353 -2.087307 -1.317266 0.8313416 -2.094953 -1.314801 0.8117333 -2.091984 -1.301113 0.8657668 -2.102804 -1.298631 0.8257074 -2.108274 -1.294743 0.8035339 -2.10319 0 0 0 0 0 0 0 0 0 0 0 0 0 0 0 0 0 0 -1.102551 0.9460573 -1.657021 -1.123738 0.9122804 -1.654456 -1.129485 0.8747015 -1.658399 -1.08681 0.883249 -1.633495 -1.078695 0.8481389 -1.626515 -1.079095 0.8284396 -1.629854 -1.064074 0.8829687 -1.636483 -1.055785 0.8434104 -1.633787 -1.056603 0.8213686 -1.640578 0 0 0 0 0 0 0 0 0 0 0 0 0 0 0 0 0 0 0 0 0 0 0 0
57 -1.281891 0.9756169 -1.751473 -1.351726 0.9760683 -1.799889 -1.212057 0.9751655 -1.703057 -1.417966 0.5768657 -1.682834 -1.306299 0.5710434 -1.630698 -1.386396 0.1001591 -1.775972 -1.240451 0.09946736 -1.731563 -1.280725 1.08517 -1.752133 -1.301175 1.234278 -1.7361 -1.310874 1.479834 -1.724364 -1.315013 1.557707 -1.715902 -1.342176 1.426462 -1.751639 -1.271719 1.427163 -1.708085 -1.431876 1.406307 -1.812887 -1.177024 1.406162 -1.655213 -1.46023 1.17128 -1.872744 -1.095712 1.1761 -1.664424 -1.488081 0.9354431 -1.892451 -1.07583 0.9431207 -1.618508 -1.428819 0.01687404 -1.643946 -1.306837 0.001307748 -1.621453 0 0 0 0 0 0 0 0 0 -1.49001 0.9246188 -1.871459 -1.488372 0.8906546 -1.850481 -1.482727 0.8536707 -1.842666 -1.513928 0.861387 -1.884715 -1.520788 0.8260937 -1.892105 -1.517282 0.8064194 -1.892068 -1.512812 0.8609394 -1.907617 -1.51611 0.8212929 -1.91524 -1.509511 0.7991802 -1.914899 0 0 0 0 0 0 0 0 0 0 0 0 0 0 0 0 0 0 -1.092826 0.9353665 -1.603929 -1.112984 0.9043242 -1.588884 -1.123397 0.8677051 -1.585511 -1.072563 0.8731508 -1.582372 -1.064652 0.838295 -1.574018 -1.067333 0.8185241 -1.572877 -1.054252 0.8695872 -1.595711 -1.04822 0.8297734 -1.591316 -1.053197 0.8073198 -1.593238 0 0 0 0 0 0 0 0 0 0 0 0 0 0 0 0 0 0 0 0 0 0 0 0
58 -1.188067 0.9485597 -1.63338 -1.272989 0.9513752 -1.634579 -1.103145 0.9457439 -1.63218 -1.274767 0.5737497 -1.448937 -1.11572 0.5384777 -1.527758 -1.274463 0.09120091 -1.508543 -1.156515 0.1586219 -1.828201 -1.184413 1.058048 -1.635029 -1.189609 1.208035 -1.6154 -1.189534 1.453708 -1.602203 -1.187719 1.531803 -1.595071 -1.230995 1.400629 -1.608193 -1.148163 1.400641 -1.608881 -1.340196 1.383955 -1.609036 -1.039252 1.383138 -1.614859 -1.39831 1.150191 -1.649058 -0.9797367 1.148739 -1.648621 -1.440965 0.9159289 -1.658264 -0.9515852 0.9191672 -1.591286 -1.280037 -0.003803231 -1.377738 -1.157047 0.0184864 -1.747402 0 0 0 0 0 0 0 0 0 -1.43162 0.9030691 -1.640689 -1.422231 0.8667831 -1.626851 -1.418097 0.8287992 -1.625905 -1.467823 0.8444945 -1.638566 -1.481847 0.8106622 -1.641015 -1.48044 0.7908971 -1.64361 -1.480624 0.8465104 -1.657487 -1.491804 0.8080429 -1.663496 -1.487583 0.7858827 -1.668369 0 0 0 0 0 0 0 0 0 0 0 0 0 0 0 0 0 0 -0.9604691 0.9146839 -1.569779 -0.9720939 0.8867938 -1.543639 -0.9800994 0.8518168 -1.530475 -0.9323987 0.8551031 -1.549573 -0.9206498 0.8221115 -1.538581 -0.9212987 0.8031299 -1.532364 -0.9217129 0.8485074 -1.568763 -0.9133641 0.8096928 -1.560728 -0.9175994 0.7874241 -1.556391 0 0 0 0 0 0 0 0 0 0 0 0 0 0 0 0 0 0 0 0 0 0 0 0
59 -0.9985479 0.9780173 -1.417901 -1.077931 0.9813698 -1.387765 -0.9191645 0.9746647 -1.448036 -1.055503 0.5702862 -1.29524 -0.8411317 0.6017824 -1.269717 -1.098936 0.09765836 -1.406862 -0.9787794 0.1848353 -1.478113 -0.9961866 1.087392 -1.423849 -0.99024 1.238303 -1.413905 -0.9877905 1.484315 -1.415184 -0.9816518 1.562303 -1.409431 -1.027821 1.431442 -1.40198 -0.9515311 1.430515 -1.434239 -1.127418 1.416946 -1.35644 -0.8508121 1.413475 -1.476298 -1.196006 1.18314 -1.340468 -0.83158 1.184376 -1.558571 -1.22088 0.9526547 -1.285325 -0.7979981 0.9485279 -1.553019 -1.072896 -0.004924156 -1.284528 -0.9443224 0.03363582 -1.432089 0 0 0 0 0 0 0 0 0 -1.204276 0.9419742 -1.272218 -1.190341 0.9071814 -1.258376 -1.185648 0.869553 -1.253597 -1.232902 0.8838441 -1.248818 -1.24777 0.8534015 -1.234694 -1.251898 0.8346335 -1.229208 -1.252609 0.8835787 -1.260543 -1.266655 0.8463098 -1.253155 -1.268802 0.8233359 -1.252676 0 0 0 0 0 0 0 0 0 0 0 0 0 0 0 0 0 0 -0.7998513 0.93689 -1.532459 -0.8025932 0.9020726 -1.513055 -0.8073285 0.8645905 -1.507273 -0.7737153 0.8741341 -1.543627 -0.7624798 0.8394167 -1.547598 -0.7632277 0.8194478 -1.547354 -0.7706791 0.87458 -1.566354 -0.7642164 0.835339 -1.57405 -0.7691111 0.8128371 -1.57558 0 0 0 0 0 0 0 0 0 0 0 0 0 0 0 0 0 0 0 0 0 0 0 0
60 -0.8207232 0.9916169 -1.087003 -0.8922386 0.992176 -1.041108 -0.7492079 0.9910579 -1.132898 -0.8493157 0.5717391 -1.008488 -0.6587712 0.5894832 -1.040636 -0.9094846 0.09898635 -1.121493 -0.6885831 0.110064 -1.123446 -0.8229771 1.101048 -1.091849 -0.8170149 1.251846 -1.080325 -0.8167005 1.49787 -1.079065 -0.8132279 1.576058 -1.073815 -0.8527375 1.444474 -1.058512 -0.7847764 1.444629 -1.105871 -0.9441355 1.422784 -1.000378 -0.6987769 1.420014 -1.170693 -0.9975147 1.185043 -0.9844187 -0.7024053 1.190475 -1.253898 -1.005914 0.9510907 -0.939939 -0.6894758 0.9547768 -1.286494 -0.8571799 -0.0008870736 -1.005492 -0.5856828 0.01120009 -1.047261 0 0 0 0 0 0 0 0 0 -0.9871308 0.9436796 -0.9275357 -0.9658503 0.9118403 -0.9161465 -0.9535244 0.8757266 -0.9139926 -1.002253 0.8799227 -0.906265 -1.013927 0.8468896 -0.8953182 -1.016551 0.8274609 -0.8914433 -1.021718 0.8759324 -0.9177154 -1.031159 0.8373538 -0.9097539 -1.031973 0.8143525 -0.9080459 0 0 0 0 0 0 0 0 0 0 0 0 0 0 0 0 0 0 -0.6839373 0.941351 -1.267769 -0.6835833 0.9055238 -1.250087 -0.6918231 0.8685287 -1.245167 -0.6738527 0.8777346 -1.29221 -0.6729302 0.842976 -1.30397 -0.6781963 0.8237162 -1.304809 -0.6807775 0.8801865 -1.313935 -0.6852876 0.8418831 -1.326319 -0.6946819 0.8208054 -1.326664 0 0 0 0 0 0 0 0 0 0 0 0 0 0 0 0 0 0 0 0 0 0 0 0
61 -0.8104582 0.9923129 -1.030751 -0.8823069 0.9928754 -0.9853797 -0.7386093 0.9917503 -1.076122 -0.8423255 0.572617 -0.9506648 -0.6328806 0.596687 -0.9773703 -0.8985723 0.1020084 -1.07278 -0.6813796 0.1264544 -1.09074 -0.8134979 1.101658 -1.036921 -0.8079285 1.252487 -1.025603 -0.8088354 1.498513 -1.02591 -0.8072037 1.57667 -1.019454 -0.844938 1.445068 -1.005599 -0.776224 1.445264 -1.051858 -0.9372933 1.420316 -0.9502681 -0.6903557 1.419719 -1.116494 -0.9895967 1.182157 -0.9372631 -0.6789725 1.185957 -1.186139 -1.001187 0.9472213 -0.8991309 -0.6571848 0.9507156 -1.217282 -0.8533846 0.00104519 -0.9547496 -0.578962 0.02568295 -1.016427 0 0 0 0 0 0 0 0 0 -0.9829711 0.9394116 -0.8861406 -0.9614874 0.9079944 -0.8739859 -0.9489866 0.871913 -0.8723691 -0.9986967 0.8748075 -0.8681106 -1.008867 0.8402532 -0.8610486 -1.009256 0.8203011 -0.8599826 -1.01757 0.8711847 -0.8806252 -1.025965 0.8317918 -0.8763176 -1.025006 0.808749 -0.8771839 0 0 0 0 0 0 0 0 0 0 0 0 0 0 0 0 0 0 -0.6504747 0.9384346 -1.198159 -0.6478252 0.9034826 -1.178984 -0.6539561 0.866249 -1.172915 -0.6358386 0.874909 -1.220439 -0.6358486 0.8393334 -1.229477 -0.642393 0.8205262 -1.227794 -0.6431296 0.8760406 -1.242153 -0.6480444 0.8368741 -1.251245 -0.6585558 0.8165192 -1.248448 0 0 0 0 0 0 0 0 0 0 0 0 0 0 0 0 0 0 0 0 0 0 0 0
62 -0.7924529 0.9984656 -1.009046 -0.8662982 0.9981989 -0.9669995 -0.7186073 0.9987324 -1.051092 -0.8273836 0.5796449 -0.9166972 -0.6452733 0.5872112 -0.9906694 -0.8824486 0.1064264 -1.02773 -0.677669 0.1141257 -1.105984 -0.795913 1.10784 -1.014429 -0.7896932 1.25856 -1.002046 -0.7911216 1.504581 -1.001029 -0.7903175 1.582715 -0.9941487 -0.8281775 1.450954 -0.9830496 -0.7570047 1.451542 -1.025425 -0.9235365 1.424546 -0.9339283 -0.6686378 1.425063 -1.086202 -0.9779329 1.18656 -0.9285639 -0.6511853 1.190241 -1.150844 -0.999887 0.9507729 -0.9020087 -0.6250848 0.9551738 -1.17992 -0.8435247 0.002848633 -0.9097335 -0.5749882 0.008550979 -1.039071 0 0 0 0 0 0 0 0 0 -0.9833996 0.9414503 -0.8877671 -0.9638339 0.9088867 -0.875393 -0.9523646 0.8724297 -0.8750679 -1.002664 0.8762988 -0.8763545 -1.011964 0.8408201 -0.8749207 -1.010484 0.8209985 -0.8769919 -1.020153 0.8742127 -0.891042 -1.027484 0.8343963 -0.8923582 -1.024198 0.8119277 -0.8964822 0 0 0 0 0 0 0 0 0 0 0 0 0 0 0 0 0 0 -0.6186849 0.9433149 -1.160427 -0.6162181 0.908933 -1.140224 -0.6225088 0.871837 -1.133512 -0.6036672 0.8793305 -1.181081 -0.6052995 0.8435018 -1.188887 -0.6131859 0.8253312 -1.186239 -0.6106022 0.8799862 -1.20293 -0.6168351 0.840661 -1.210382 -0.6285977 0.8212317 -1.206286 0 0 0 0 0 0 0 0 0 0 0 0 0 0 0 0 0 0 0 0 0 0 0 0
63 -0.7726446 1.002993 -1.003734 -0.8484275 1.002614 -0.9652907 -0.6968616 1.003373 -1.042178 -0.8179076 0.5835267 -0.9089053 -0.6486777 0.583774 -0.9989811 -0.877355 0.1064463 -1.002933 -0.675177 0.1052061 -1.103514 -0.7758845 1.112378 -1.009042 -0.7700438 1.263121 -0.9967559 -0.7717186 1.509141 -0.995981 -0.772319 1.587318 -0.9895782 -0.8095124 1.455495 -0.9796734 -0.7364805 1.456115 -1.018757 -0.9070922 1.428854 -0.9352652 -0.6457011 1.428551 -1.075353 -0.962343 1.191015 -0.9330868 -0.6270654 1.193298 -1.138072 -0.9904584 0.955333 -0.9119557 -0.6004793 0.957625 -1.161187 -0.8399018 0.004450165 -0.8830968 -0.5752542 0.005136393 -1.024976 0 0 0 0 0 0 0 0 0 -0.9750626 0.9452358 -0.8970366 -0.9567657 0.9121233 -0.8841868 -0.9460261 0.8754438 -0.8840204 -0.9965904 0.8803652 -0.8884085 -1.00457 0.8445507 -0.8893793 -1.001363 0.8251101 -0.8927187 -1.013247 0.8790985 -0.9041209 -1.019143 0.8391863 -0.9077395 -1.01368 0.8174233 -0.913141 0 0 0 0 0 0 0 0 0 0 0 0 0 0 0 0 0 0 -0.5946208 0.9460916 -1.141332 -0.5923591 0.9119198 -1.120754 -0.5986706 0.8748145 -1.11411 -0.5787864 0.8818538 -1.160539 -0.5783814 0.846124 -1.168937 -0.585004 0.8273457 -1.167237 -0.585073 0.8821469 -1.182592 -0.5891661 0.8426661 -1.190677 -0.5994917 0.8222206 -1.187849 0 0 0 0 0 0 0 0 0 0 0 0 0 0 0 0 0 0 0 0 0 0 0 0
64 -0.7515192 1.004655 -1.00739 -0.8285651 1.003944 -0.9715497 -0.6744731 1.005365 -1.04323 -0.8126263 0.5835578 -0.9123709 -0.6421055 0.5833583 -1.000985 -0.8788944 0.1037345 -0.9920077 -0.677894 0.1027009 -1.097113 -0.7552917 1.11399 -1.013333 -0.7492039 1.264767 -1.001598 -0.7504393 1.510791 -1.001986 -0.7503694 1.589029 -0.9963647 -0.788846 1.457285 -0.9866788 -0.7145771 1.4576 -1.023362 -0.8878853 1.431074 -0.9453536 -0.622223 1.428779 -1.076688 -0.942722 1.193135 -0.9435883 -0.6047981 1.193172 -1.138419 -0.9712857 0.9574752 -0.922822 -0.579854 0.9569967 -1.157961 -0.839201 0.004132114 -0.8708858 -0.5781158 0.004682384 -1.015851 0 0 0 0 0 0 0 0 0 -0.9564771 0.947218 -0.9074252 -0.9390557 0.9137571 -0.8942654 -0.9286414 0.8769847 -0.8939443 -0.9785526 0.8823815 -0.9000107 -0.9883192 0.8470013 -0.9003973 -0.9867238 0.8272377 -0.9028928 -0.9946369 0.8812854 -0.9163212 -1.002385 0.8416125 -0.9189377 -0.9988906 0.8191864 -0.9231217 0 0 0 0 0 0 0 0 0 0 0 0 0 0 0 0 0 0 -0.5746156 0.9454721 -1.137928 -0.5734938 0.9112274 -1.117377 -0.5811113 0.8743258 -1.110974 -0.5609439 0.8804985 -1.156304 -0.5589167 0.8451206 -1.165874 -0.5639883 0.8257926 -1.165607 -0.5669979 0.8807831 -1.178422 -0.5693655 0.8414117 -1.187649 -0.5777889 0.819949 -1.186631 0 0 0 0 0 0 0 0 0 0 0 0 0 0 0 0 0 0 0 0 0 0 0 0
65 -0.7340388 1.004643 -1.01738 -0.8120987 1.003259 -0.9838264 -0.6559789 1.006027 -1.050934 -0.8076271 0.5844537 -0.9133265 -0.6321127 0.5837939 -1.004772 -0.8809628 0.1045809 -0.9853199 -0.680137 0.1027816 -1.093948 -0.7387968 1.113904 -1.023943 -0.7317103 1.264567 -1.011343 -0.732812 1.510592 -1.010942 -0.7335386 1.588844 -1.00555 -0.7717886 1.457058 -0.9972593 -0.6962031 1.457452 -1.031146 -0.8724968 1.431188 -0.9599472 -0.6020736 1.42789 -1.080839 -0.9262202 1.19299 -0.9606158 -0.585875 1.192396 -1.143332 -0.9550658 0.9572152 -0.9416121 -0.5621462 0.9560382 -1.162167 -0.8457534 0.005714722 -0.8622243 -0.5786671 0.005384661 -1.014045 0 0 0 0 0 0 0 0 0 -0.9410064 0.9467831 -0.9256412 -0.9248419 0.9127856 -0.9122544 -0.914964 0.8758672 -0.9117873 -0.9637102 0.8820172 -0.9196399 -0.9769522 0.8477862 -0.9192203 -0.9785917 0.8279138 -0.9205524 -0.9790596 0.8811091 -0.9366549 -0.9904423 0.8422565 -0.9379725 -0.990921 0.8193201 -0.9404907 0 0 0 0 0 0 0 0 0 0 0 0 0 0 0 0 0 0 -0.5578074 0.9442986 -1.142045 -0.5582346 0.9097948 -1.121904 -0.5673708 0.8731165 -1.116248 -0.5463559 0.8788425 -1.160224 -0.5430194 0.8439417 -1.171092 -0.5467967 0.8243563 -1.172325 -0.5519148 0.8793849 -1.182467 -0.552997 0.8403029 -1.193062 -0.5598301 0.818276 -1.193936 0 0 0 0 0 0 0 0 0 0 0 0 0 0 0 0 0 0 0 0 0 0 0 0
