Hips LeftUpperLeg RightUpperLeg LeftLowerLeg RightLowerLeg LeftFoot RightFoot Spine Chest Neck Head LeftShoulder RightShoulder LeftUpperArm RightUpperArm LeftLowerArm RightLowerArm LeftHand RightHand LeftToes RightToes LeftEye RightEye Jaw LeftThumbProximal LeftThumbIntermediate LeftThumbDistal LeftIndexProximal LeftIndexIntermediate LeftIndexDistal LeftMiddleProximal LeftMiddleIntermediate LeftMiddleDistal LeftRingProximal LeftRingIntermediate LeftRingDistal LeftLittleProximal LeftLittleIntermediate LeftLittleDistal RightThumbProximal RightThumbIntermediate RightThumbDistal RightIndexProximal RightIndexIntermediate RightIndexDistal RightMiddleProximal RightMiddleIntermediate RightMiddleDistal RightRingProximal RightRingIntermediate RightRingDistal RightLittleProximal RightLittleIntermediate RightLittleDistal UpperChest LastBone
0 6.00595 0.9439735 -2.345551 6.044068 0.9301722 -2.439201 5.981839 0.9183267 -2.249767 5.928465 0.5033392 -2.531862 5.923615 0.4710282 -2.293815 5.973259 0.1047505 -2.524432 6.022801 0.08168521 -2.316396 5.982447 1.113557 -2.342668 5.941239 1.243811 -2.329004 5.875558 1.466884 -2.341414 5.837981 1.555998 -2.363619 5.944311 1.41759 -2.388318 5.871163 1.40268 -2.269197 6.02306 1.40358 -2.472703 5.825421 1.370953 -2.16712 6.143982 1.145418 -2.508108 5.867361 1.09078 -2.119505 6.166918 0.9020823 -2.576827 5.884204 0.8375694 -2.111674 5.865995 0.04985013 -2.647255 5.87448 0.01819792 -2.37619 5.805364 1.63427 -2.435993 5.763319 1.63499 -2.388405 0 0 0 6.143318 0.8769104 -2.59504 6.111963 0.8482574 -2.604404 6.100159 0.818791 -2.605377 6.145136 0.8099078 -2.624992 6.138927 0.7689055 -2.634335 6.126625 0.7468604 -2.632732 6.161738 0.8019916 -2.614308 6.153712 0.7537523 -2.616054 6.140375 0.7313989 -2.609026 6.173323 0.7985916 -2.597484 6.168213 0.7555145 -2.599513 6.157026 0.7318444 -2.594142 6.183795 0.7974945 -2.580015 6.179532 0.7619418 -2.580751 6.173213 0.7441167 -2.577725 5.872128 0.8098684 -2.136354 5.86915 0.7822737 -2.169842 5.875526 0.7562248 -2.186853 5.867274 0.7367369 -2.140599 5.871317 0.6956488 -2.15072 5.877979 0.6755805 -2.164604 5.88246 0.7316274 -2.126608 5.893528 0.6858908 -2.14003 5.904068 0.6666 -2.155643 5.901032 0.7333604 -2.117616 5.911761 0.6926743 -2.128358 5.922218 0.6727843 -2.142826 5.919251 0.7375672 -2.109466 5.928821 0.7042901 -2.118617 5.935983 0.6888196 -2.127345 0 0 0 0 0 0
1 6.025816 0.9245887 -2.321164 6.12525 0.9085981 -2.337622 5.930928 0.9008818 -2.292045 6.163655 0.4978283 -2.516425 5.853511 0.4711011 -2.399155 6.153311 0.1183577 -2.392791 6.006556 0.131149 -2.256326 6.015117 1.094653 -2.33799 5.991983 1.228879 -2.355284 5.978965 1.455019 -2.409328 5.980748 1.542673 -2.455803 6.052168 1.40111 -2.376283 5.911873 1.39248 -2.378597 6.164797 1.387042 -2.351076 5.799353 1.36591 -2.366274 6.257248 1.127521 -2.269683 5.762763 1.085806 -2.314059 6.335248 0.8862059 -2.281676 5.763681 0.8324816 -2.330979 6.256933 0.03892883 -2.504857 5.906174 0.03213527 -2.354942 6.043139 1.622685 -2.501995 5.989454 1.619833 -2.535797 0 0 0 6.341333 0.8609669 -2.3108 6.335083 0.8308648 -2.341567 6.330852 0.8010957 -2.351788 6.370948 0.7948068 -2.322445 6.378819 0.7542837 -2.332592 6.3738 0.7316259 -2.342658 6.369404 0.7870072 -2.302716 6.36969 0.7386493 -2.310197 6.358855 0.7153758 -2.318437 6.359951 0.7834489 -2.284639 6.360876 0.7402654 -2.289133 6.351763 0.7160991 -2.296004 6.349337 0.7821502 -2.26727 6.349659 0.7464774 -2.270439 6.344922 0.7282907 -2.274131 5.775087 0.8089843 -2.359962 5.799461 0.7832771 -2.385198 5.814399 0.7566881 -2.394056 5.767133 0.7395019 -2.382294 5.771677 0.698916 -2.394091 5.783729 0.6777294 -2.400856 5.762333 0.730578 -2.363592 5.772716 0.683277 -2.370614 5.788656 0.6617802 -2.373894 5.764365 0.7274687 -2.34322 5.773092 0.6851521 -2.347581 5.787762 0.662953 -2.350085 5.767241 0.7268507 -2.323037 5.775833 0.6921294 -2.324854 5.785222 0.6754546 -2.325639 0 0 0 0 0 0
2 6.14411 0.9157866 -2.396977 6.219763 0.8940409 -2.332036 6.062244 0.8966906 -2.45483 6.232091 0.458087 -2.441463 6.149438 0.4998438 -2.647411 6.067079 0.1017751 -2.369305 6.083304 0.1216017 -2.538097 6.147168 1.086988 -2.397206 6.148846 1.224239 -2.393982 6.177785 1.454598 -2.412054 6.210589 1.542796 -2.44354 6.212784 1.390355 -2.348771 6.104864 1.396863 -2.438624 6.289149 1.365157 -2.264796 6.009233 1.382938 -2.503271 6.296949 1.083847 -2.207116 5.927114 1.107835 -2.513185 6.360629 0.8443886 -2.26248 5.913405 0.857511 -2.553317 6.191691 0.01852634 -2.453842 6.094047 0.03491392 -2.686337 6.2915 1.616579 -2.464468 6.251757 1.618798 -2.513949 0 0 0 6.375179 0.8291134 -2.295301 6.379232 0.8103853 -2.334348 6.378988 0.7861294 -2.354846 6.407373 0.7675698 -2.319087 6.420513 0.7330849 -2.340186 6.420754 0.7155407 -2.358407 6.400156 0.7541497 -2.304245 6.404241 0.7109407 -2.326846 6.397579 0.6920087 -2.344851 6.385834 0.7459643 -2.291728 6.387922 0.706325 -2.309341 6.381049 0.686478 -2.325867 6.370595 0.7402409 -2.279438 6.372284 0.7072397 -2.29325 6.369139 0.6913688 -2.303499 5.937093 0.8317363 -2.570545 5.966841 0.8004726 -2.575969 5.978647 0.7709932 -2.575559 5.934729 0.7649623 -2.600967 5.940974 0.7245534 -2.612592 5.952365 0.701968 -2.612514 5.917411 0.7574921 -2.591132 5.923253 0.7089985 -2.59409 5.934596 0.6853681 -2.587773 5.904943 0.7543572 -2.574898 5.907925 0.7110393 -2.575624 5.917844 0.6871659 -2.568845 5.893623 0.7534878 -2.557953 5.89538 0.7177174 -2.557677 5.900411 0.6996565 -2.553764 0 0 0 0 0 0
3 6.413646 0.8953156 -2.604134 6.45612 0.8739595 -2.513836 6.362954 0.8757578 -2.690513 6.423103 0.4256349 -2.523459 6.578338 0.5057331 -2.827903 6.165669 0.1334075 -2.435588 6.57696 0.1066801 -2.815623 6.415037 1.066536 -2.603124 6.414348 1.203828 -2.601996 6.442083 1.434327 -2.620171 6.484063 1.521252 -2.643153 6.456879 1.373596 -2.54635 6.382612 1.373121 -2.665709 6.507051 1.354751 -2.443169 6.312996 1.3551 -2.757074 6.529437 1.072094 -2.397049 6.197446 1.092261 -2.747746 6.636854 0.8454158 -2.436282 6.157581 0.8416652 -2.756292 6.274615 0.01465567 -2.495869 6.710703 0.04779276 -2.906453 6.567125 1.594381 -2.656617 6.534278 1.59411 -2.710966 0 0 0 6.661233 0.8359971 -2.465251 6.676133 0.8198401 -2.502784 6.68441 0.7980058 -2.524309 6.709099 0.7833847 -2.483434 6.734548 0.7535149 -2.499779 6.744498 0.7367068 -2.515853 6.701308 0.7675985 -2.471494 6.719989 0.728223 -2.493745 6.722559 0.7097885 -2.513252 6.686288 0.7559443 -2.463285 6.699986 0.7188278 -2.48119 6.701248 0.6993452 -2.499441 6.66998 0.7465685 -2.455401 6.681405 0.7155483 -2.469182 6.684154 0.7000637 -2.480113 6.17584 0.8075014 -2.760951 6.197088 0.7705784 -2.752176 6.201514 0.7407218 -2.742297 6.160354 0.7368976 -2.7738 6.158411 0.6944355 -2.774251 6.16351 0.6707836 -2.76687 6.140362 0.7365552 -2.766544 6.134063 0.6890237 -2.756766 6.138052 0.6663535 -2.742727 6.125157 0.7410799 -2.753234 6.116785 0.6998366 -2.742523 6.11908 0.6775628 -2.727933 6.111543 0.7476764 -2.739553 6.103433 0.7138217 -2.731141 6.102514 0.6967406 -2.722526 0 0 0 0 0 0
4 6.714101 0.9312038 -2.802112 6.75151 0.908694 -2.709875 6.667846 0.9128637 -2.891206 6.860793 0.4757842 -2.763012 6.777103 0.4836933 -2.9713 6.635744 0.156875 -2.679107 6.700148 0.09599068 -2.912646 6.717243 1.102386 -2.799625 6.717951 1.239636 -2.803198 6.747762 1.469964 -2.82023 6.789195 1.558156 -2.83899 6.755848 1.409658 -2.745034 6.692376 1.408598 -2.870463 6.791973 1.386786 -2.636911 6.626461 1.381284 -2.962266 6.800997 1.105125 -2.581155 6.531096 1.110313 -2.960392 6.857943 0.8577264 -2.577697 6.513522 0.8580838 -2.983463 6.739271 0.02090897 -2.69912 6.803914 0.01706114 -3.02493 6.867849 1.63644 -2.849635 6.834749 1.63657 -2.903831 0 0 0 6.883817 0.8371541 -2.598423 6.90143 0.8122462 -2.629426 6.906832 0.785952 -2.646397 6.913872 0.7701933 -2.600064 6.926678 0.7304759 -2.608162 6.930993 0.7091604 -2.621081 6.898597 0.7594936 -2.589835 6.904992 0.7131323 -2.604126 6.904194 0.6923689 -2.621308 6.879025 0.7544083 -2.585377 6.883149 0.712717 -2.596808 6.882025 0.6914012 -2.61289 6.859128 0.75182 -2.581703 6.862043 0.7172517 -2.590604 6.861728 0.7004763 -2.59984 6.537285 0.8283343 -2.991982 6.56758 0.797238 -2.989336 6.578655 0.768477 -2.981672 6.534371 0.7561312 -3.004944 6.540846 0.7142507 -3.001609 6.552752 0.6940807 -2.992054 6.516178 0.7517204 -2.994844 6.522251 0.7050278 -2.981524 6.534514 0.686647 -2.966074 6.502571 0.7530092 -2.979289 6.505549 0.7115951 -2.966567 6.516105 0.6922255 -2.951478 6.490147 0.7566459 -2.963526 6.491791 0.722496 -2.952859 6.497223 0.7069108 -2.943143 0 0 0 0 0 0
5 6.708117 0.9467794 -2.842345 6.746059 0.9249982 -2.750151 6.66197 0.9275836 -2.931314 6.849658 0.4896899 -2.794323 6.722147 0.4827989 -2.980917 6.6967 0.1273033 -2.725984 6.636728 0.09685763 -2.913736 6.708612 1.117993 -2.840131 6.707967 1.25529 -2.840274 6.737135 1.485985 -2.852867 6.777278 1.5749 -2.871009 6.744596 1.424376 -2.778669 6.682536 1.425337 -2.904804 6.778102 1.398123 -2.670471 6.617541 1.395989 -2.996636 6.777149 1.115773 -2.617549 6.541073 1.119285 -3.007161 6.813503 0.8647212 -2.606963 6.546195 0.8678356 -3.041909 6.833666 0.02704015 -2.754137 6.733474 0.01746561 -3.031813 6.855525 1.653726 -2.880619 6.823128 1.653644 -2.935239 0 0 0 6.837364 0.8404102 -2.625987 6.854091 0.8130857 -2.655405 6.857578 0.7857161 -2.671131 6.859534 0.7704549 -2.623859 6.867805 0.7293172 -2.630664 6.869831 0.7075483 -2.643387 6.842867 0.7620439 -2.613666 6.845065 0.7146651 -2.625704 6.842823 0.6931772 -2.641835 6.82273 0.7594314 -2.609606 6.823351 0.7170994 -2.619274 6.820888 0.6951336 -2.634297 6.802579 0.7592981 -2.606446 6.802491 0.7243922 -2.614462 6.800936 0.7074233 -2.623205 6.57328 0.8416446 -3.052042 6.606882 0.8140286 -3.051819 6.620463 0.7859682 -3.045756 6.578976 0.7703379 -3.068555 6.588658 0.7289551 -3.069424 6.601789 0.7084779 -3.062486 6.561575 0.7632628 -3.058574 6.571948 0.7162078 -3.050045 6.585249 0.6965109 -3.037313 6.548103 0.7621311 -3.042889 6.555192 0.7199723 -3.035259 6.566678 0.6988514 -3.023586 6.535523 0.7634608 -3.026888 6.54105 0.7287628 -3.019946 6.54756 0.7123191 -3.012595 0 0 0 0 0 0
6 6.724697 0.9507847 -2.867723 6.763366 0.9285997 -2.775928 6.677962 0.9319521 -2.956463 6.847592 0.4865463 -2.801988 6.723135 0.4846521 -3.005476 6.740367 0.1038166 -2.755029 6.640772 0.0977272 -2.936609 6.724724 1.121984 -2.864557 6.726801 1.259248 -2.862258 6.758686 1.489693 -2.872644 6.799223 1.578674 -2.889546 6.766119 1.427188 -2.799196 6.702833 1.430289 -2.924686 6.798983 1.398322 -2.691468 6.63626 1.40084 -3.015347 6.788046 1.115469 -2.642502 6.563144 1.123366 -3.028944 6.811202 0.8629827 -2.629257 6.570865 0.8725723 -3.067724 6.888516 0.02235606 -2.786984 6.731302 0.01978924 -3.060443 6.876808 1.657659 -2.902591 6.841278 1.658338 -2.955222 0 0 0 6.83347 0.8367215 -2.647608 6.849216 0.8080223 -2.676248 6.851237 0.7804084 -2.691803 6.849568 0.7651428 -2.644937 6.855663 0.7232119 -2.648355 6.857086 0.6999395 -2.658166 6.831955 0.7581821 -2.635252 6.832994 0.7099027 -2.643159 6.831061 0.6860351 -2.655551 6.811558 0.7572873 -2.631791 6.811653 0.7143135 -2.638045 6.80967 0.6900951 -2.649172 6.791385 0.7588629 -2.629226 6.790826 0.7235646 -2.63526 6.789462 0.7055337 -2.641572 6.59822 0.8469853 -3.078642 6.632441 0.8201687 -3.079913 6.646665 0.7923993 -3.073986 6.605325 0.7755176 -3.093863 6.614048 0.7339954 -3.096481 6.626436 0.7125088 -3.091506 6.588676 0.7681533 -3.082861 6.599132 0.7207569 -3.076633 6.612017 0.6994876 -3.066214 6.576046 0.7669802 -3.066493 6.583518 0.7244759 -3.061653 6.59431 0.701648 -3.052897 6.564247 0.7683012 -3.049908 6.570662 0.7334355 -3.044817 6.576945 0.7162254 -3.039237 0 0 0 0 0 0
7 6.718579 0.9511098 -2.877596 6.760164 0.9295242 -2.786941 6.668855 0.9317423 -2.96458 6.855816 0.4892551 -2.805624 6.716966 0.4849206 -3.014269 6.764113 0.1036788 -2.74884 6.648735 0.09785488 -2.932457 6.719449 1.122328 -2.875906 6.724655 1.259523 -2.874762 6.758204 1.489553 -2.888559 6.797783 1.578662 -2.906981 6.768853 1.4275 -2.815123 6.699131 1.430349 -2.93716 6.806762 1.398567 -2.709084 6.627749 1.399539 -3.023613 6.795182 1.116147 -2.657821 6.549323 1.123226 -3.028504 6.81619 0.8636214 -2.641997 6.548656 0.8719294 -3.064702 6.907925 0.01873948 -2.790175 6.715996 0.02009311 -3.070421 6.873749 1.657613 -2.92758 6.832858 1.658745 -2.976155 0 0 0 6.838385 0.8372244 -2.660241 6.853956 0.8078467 -2.688282 6.855978 0.7798668 -2.703168 6.85509 0.7658273 -2.65661 6.862252 0.7239271 -2.656275 6.864356 0.6995821 -2.662815 6.837682 0.7588969 -2.646541 6.840396 0.7101812 -2.650273 6.839506 0.6846555 -2.658909 6.817348 0.7579042 -2.642754 6.819364 0.7146032 -2.645367 6.818662 0.6888888 -2.652616 6.797204 0.7593679 -2.639907 6.79821 0.7237311 -2.643327 6.797796 0.70495 -2.647057 6.5743 0.8452014 -3.07696 6.607331 0.8170992 -3.080278 6.620871 0.7889373 -3.074608 6.578125 0.7731279 -3.090398 6.583819 0.731141 -3.093818 6.594611 0.7085324 -3.090317 6.562228 0.7666087 -3.077858 6.570356 0.71864 -3.072618 6.582054 0.6959897 -3.06384 6.550946 0.7663117 -3.060496 6.55627 0.7233772 -3.056737 6.565425 0.6992683 -3.049722 6.540579 0.7684874 -3.043066 6.545585 0.7332896 -3.038737 6.55075 0.7154145 -3.034195 0 0 0 0 0 0
9 6.726998 0.9287456 -2.840359 6.775683 0.9083396 -2.753026 6.669855 0.9084371 -2.922432 6.887417 0.4807653 -2.836405 6.791773 0.4861518 -3.017241 6.779116 0.09803697 -2.801155 6.587274 0.1834973 -2.856088 6.730752 1.099919 -2.842605 6.733392 1.237184 -2.844059 6.7697 1.466317 -2.86429 6.810329 1.552739 -2.891253 6.782108 1.405762 -2.789886 6.708071 1.406943 -2.909383 6.830096 1.385591 -2.68592 6.635955 1.387396 -2.998466 6.801302 1.109768 -2.610982 6.53595 1.118108 -2.996039 6.845359 0.8598235 -2.604086 6.543619 0.8671632 -3.033838 6.918867 0.01747557 -2.861025 6.625843 0.03267648 -2.929372 6.892538 1.624345 -2.914547 6.853409 1.624838 -2.964562 0 0 0 6.86564 0.8337072 -2.624795 6.880183 0.8039175 -2.652954 6.883564 0.7759758 -2.667664 6.88602 0.7632458 -2.62169 6.900248 0.7232476 -2.619515 6.906315 0.6987842 -2.621664 6.87074 0.7559806 -2.608798 6.874123 0.7074503 -2.614078 6.872467 0.6821325 -2.623202 6.851316 0.7542895 -2.601824 6.850584 0.7110451 -2.605732 6.84648 0.6866271 -2.615791 6.831817 0.7550238 -2.595883 6.830932 0.7193084 -2.598393 6.828677 0.7008584 -2.603011 6.570012 0.8398813 -3.042856 6.602042 0.8105462 -3.040541 6.615902 0.7825012 -3.035069 6.573196 0.7692336 -3.062569 6.581105 0.7277668 -3.067564 6.591935 0.7053574 -3.063046 6.554565 0.7627652 -3.054599 6.561198 0.7144561 -3.050507 6.571735 0.6921955 -3.039535 6.53964 0.7617087 -3.040284 6.542983 0.7187003 -3.035286 6.551497 0.6957484 -3.024563 6.525712 0.7630359 -3.025441 6.527612 0.7275038 -3.021373 6.53159 0.7097355 -3.015435 0 0 0 0 0 0
10 6.95321 0.9156919 -2.981048 6.995993 0.8986014 -2.889992 6.901673 0.8922566 -3.06595 7.007857 0.4490661 -2.90531 7.105314 0.5189831 -3.213515 6.814797 0.1034762 -2.851398 7.135897 0.1206051 -3.205394 6.956964 1.086684 -2.989226 6.960614 1.223933 -2.98985 6.99929 1.451825 -3.018109 7.044789 1.534629 -3.048438 7.011302 1.393751 -2.941691 6.936882 1.391594 -3.060936 7.061328 1.379723 -2.837675 6.864558 1.375504 -3.150541 7.081775 1.100202 -2.774644 6.71708 1.132704 -3.107863 7.184616 0.8694442 -2.799851 6.656391 0.8868857 -3.089123 6.948484 0.01400133 -2.912448 7.257486 0.09522428 -3.324461 7.131225 1.602057 -3.068705 7.096183 1.601155 -3.121659 0 0 0 7.209408 0.8577514 -2.827616 7.223037 0.8367447 -2.86318 7.229859 0.8131183 -2.883275 7.255058 0.8021587 -2.84229 7.281911 0.7709945 -2.853002 7.294677 0.7519876 -2.863756 7.246077 0.787234 -2.830081 7.265928 0.7468187 -2.849239 7.270847 0.7266262 -2.866416 7.230214 0.7766618 -2.821993 7.243065 0.7380441 -2.837139 7.244536 0.7172626 -2.853879 7.213194 0.7684163 -2.814353 7.223945 0.7362019 -2.825726 7.226684 0.7198892 -2.835381 6.67256 0.8514292 -3.091034 6.693807 0.8148282 -3.080997 6.699326 0.7858353 -3.06927 6.652726 0.7808581 -3.095051 6.648193 0.7388387 -3.090484 6.652037 0.7157571 -3.080875 6.633254 0.7824432 -3.086638 6.625441 0.7364843 -3.071764 6.62946 0.7152019 -3.055706 6.619191 0.7892354 -3.07304 6.609812 0.7497227 -3.057657 6.612183 0.7289481 -3.041013 6.606842 0.7980329 -3.059397 6.597959 0.7655793 -3.047127 6.596887 0.7494631 -3.036835 0 0 0 0 0 0
11 7.24302 0.8788067 -3.166505 7.286657 0.8540079 -3.077653 7.189736 0.8629477 -3.252079 7.298241 0.404516 -3.077949 7.413573 0.4920621 -3.372574 6.99759 0.1860786 -2.932055 7.421823 0.09466454 -3.335185 7.250801 1.049801 -3.162065 7.250478 1.186509 -3.17478 7.275293 1.415367 -3.209964 7.316815 1.499744 -3.24163 7.292495 1.36019 -3.132398 7.215415 1.350535 -3.249565 7.346307 1.351911 -3.029664 7.142211 1.328979 -3.337286 7.386113 1.073669 -2.970334 7.000544 1.084735 -3.284388 7.512224 0.8547745 -2.995671 6.940727 0.8385003 -3.268535 7.007245 0.01429959 -2.930111 7.546842 0.02024158 -3.427036 7.40104 1.569856 -3.262096 7.365784 1.568041 -3.314884 0 0 0 7.539052 0.8468946 -3.022882 7.556003 0.8279518 -3.058175 7.566143 0.8055924 -3.07832 7.591753 0.7978194 -3.037163 7.621223 0.7690881 -3.047797 7.635333 0.7514284 -3.059152 7.584399 0.7816243 -3.025498 7.606641 0.7429014 -3.045506 7.611348 0.7242211 -3.06437 7.569784 0.768968 -3.01808 7.587046 0.7325478 -3.03425 7.590687 0.7129096 -3.052008 7.553739 0.7584834 -3.011103 7.568235 0.7280556 -3.023215 7.572732 0.7125944 -3.033585 6.954284 0.8019891 -3.270861 6.973783 0.7644157 -3.260869 6.97862 0.735604 -3.248417 6.929578 0.7328555 -3.270843 6.922937 0.6912892 -3.264914 6.926075 0.6681074 -3.255289 6.911141 0.735967 -3.260701 6.901906 0.6908737 -3.244094 6.905992 0.6695917 -3.228052 6.898913 0.7440301 -3.246064 6.88864 0.7055847 -3.228677 6.891366 0.6851233 -3.211702 6.888521 0.7539769 -3.231603 6.878812 0.7224579 -3.217639 6.877712 0.7066781 -3.206841 0 0 0 0 0 0
13 7.573112 0.9222321 -3.410861 7.622699 0.8962354 -3.325545 7.513924 0.9075777 -3.492688 7.841104 0.5173956 -3.430221 7.529894 0.4565359 -3.485775 7.805082 0.1198786 -3.421675 7.421267 0.09494557 -3.351327 7.582046 1.09313 -3.405078 7.578156 1.230227 -3.411424 7.611821 1.459233 -3.436963 7.655438 1.544262 -3.463685 7.62249 1.401002 -3.360464 7.55268 1.397661 -3.482439 7.66698 1.385594 -3.254154 7.48297 1.376196 -3.572984 7.621452 1.11661 -3.164165 7.415078 1.098065 -3.596581 7.648026 0.8647627 -3.146064 7.472474 0.859882 -3.663177 7.960724 0.07109972 -3.476458 7.528254 0.01471665 -3.459597 7.739141 1.615078 -3.483865 7.702192 1.615559 -3.535512 0 0 0 7.665611 0.8359857 -3.165683 7.672915 0.8047642 -3.195071 7.670644 0.7768996 -3.210137 7.678118 0.7638481 -3.160247 7.682278 0.7215928 -3.162296 7.681515 0.697674 -3.170493 7.661959 0.7586789 -3.147416 7.657969 0.7102141 -3.15287 7.65199 0.6864854 -3.164191 7.642372 0.7593228 -3.140727 7.636949 0.7163935 -3.144404 7.630281 0.6926783 -3.154768 7.622991 0.7623541 -3.13514 7.618185 0.7269555 -3.137698 7.613912 0.7089576 -3.142661 7.506001 0.8429192 -3.673688 7.544988 0.823651 -3.672919 7.566113 0.8000267 -3.670871 7.530214 0.7809474 -3.70472 7.549385 0.7449622 -3.716744 7.565376 0.7253769 -3.715978 7.513719 0.768325 -3.700136 7.533411 0.723781 -3.704885 7.548916 0.7028242 -3.698004 7.498852 0.7605531 -3.687996 7.514146 0.720034 -3.69118 7.528115 0.6981855 -3.684717 7.484234 0.755193 -3.67482 7.496198 0.7215341 -3.677391 7.5047 0.7045678 -3.674807 0 0 0 0 0 0
14 7.792023 0.8874956 -3.569358 7.841676 0.863923 -3.483378 7.733067 0.870442 -3.650887 8.061867 0.4994337 -3.627742 7.708899 0.4218256 -3.632538 8.031749 0.1019798 -3.650404 7.472804 0.1737818 -3.427297 7.799675 1.058545 -3.567663 7.798552 1.195804 -3.570763 7.836846 1.424932 -3.586997 7.879808 1.510437 -3.613255 7.842341 1.364172 -3.511931 7.779509 1.365765 -3.637677 7.882059 1.346709 -3.40406 7.715715 1.351936 -3.733894 7.8035 1.084626 -3.316512 7.651694 1.075578 -3.779179 7.830639 0.8346195 -3.281572 7.727931 0.848784 -3.864108 8.173761 0.02650388 -3.711568 7.528026 0.01363643 -3.457448 7.96436 1.581057 -3.630348 7.929416 1.581508 -3.683372 0 0 0 7.848573 0.8025067 -3.294587 7.859026 0.7672868 -3.31787 7.858083 0.7377473 -3.329493 7.854752 0.7311866 -3.278306 7.860131 0.6895161 -3.271852 7.861367 0.66429 -3.273263 7.836622 0.7287199 -3.267457 7.83073 0.6801535 -3.268511 7.825218 0.6552618 -3.277285 7.8164 0.7313623 -3.263872 7.807026 0.688961 -3.264216 7.799338 0.6653702 -3.274147 7.796712 0.7362056 -3.261639 7.788663 0.7013146 -3.260921 7.783207 0.6834313 -3.265073 7.763584 0.8363258 -3.873902 7.803575 0.8193616 -3.871716 7.826706 0.7976097 -3.871111 7.795651 0.7829928 -3.912851 7.819757 0.7515349 -3.928226 7.837755 0.7337613 -3.928423 7.779922 0.7686821 -3.912383 7.804117 0.7272607 -3.922045 7.820991 0.7070676 -3.916173 7.764709 0.7578148 -3.903479 7.783675 0.7194439 -3.910814 7.798939 0.6982016 -3.905333 7.749445 0.7491337 -3.893101 7.764214 0.7171847 -3.899722 7.773894 0.7006989 -3.898578 0 0 0 0 0 0
15 8.089649 0.9248103 -3.748205 8.132553 0.9047661 -3.65781 8.037325 0.904345 -3.833393 8.241116 0.4763926 -3.740839 8.204747 0.4985106 -3.930584 8.110694 0.09959891 -3.720546 8.003118 0.1868028 -3.783703 8.096294 1.095863 -3.752219 8.101367 1.23302 -3.755858 8.144983 1.460663 -3.778347 8.191246 1.543726 -3.806748 8.150837 1.401495 -3.702048 8.084923 1.401857 -3.826216 8.194098 1.386163 -3.595221 8.019707 1.389066 -3.92162 8.15887 1.112068 -3.516772 7.89756 1.129151 -3.914721 8.222612 0.866407 -3.509833 7.888699 0.8763518 -3.936507 8.250498 0.01769551 -3.77844 8.048901 0.03609719 -3.852962 8.279486 1.609768 -3.823502 8.246571 1.609436 -3.87781 0 0 0 8.245185 0.8415319 -3.529681 8.262268 0.811589 -3.556202 8.268316 0.7836317 -3.57 8.271296 0.7731102 -3.524532 8.290161 0.7351218 -3.521709 8.299223 0.711531 -3.522827 8.256544 0.764941 -3.511565 8.262328 0.7168668 -3.51863 8.261482 0.6923386 -3.529793 8.23726 0.7618263 -3.504695 8.237868 0.718728 -3.509988 8.233946 0.6954238 -3.52247 8.21771 0.7610952 -3.498922 8.218159 0.725417 -3.502014 8.216211 0.7073567 -3.508084 7.913192 0.8462688 -3.940667 7.941389 0.8139805 -3.933305 7.952711 0.7853151 -3.925644 7.912037 0.7749732 -3.958143 7.917574 0.7329337 -3.96115 7.925467 0.7096595 -3.95516 7.891826 0.7706863 -3.953084 7.89378 0.7221445 -3.94722 7.900542 0.6992964 -3.934603 7.874834 0.7716476 -3.941288 7.873556 0.7288725 -3.933904 7.878672 0.7063092 -3.920526 7.858987 0.7749001 -3.928864 7.856833 0.7395683 -3.923413 7.858332 0.7219172 -3.916132 0 0 0 0 0 0
16 8.472394 0.9398339 -3.957623 8.520871 0.9203084 -3.869975 8.416101 0.9185152 -4.040026 8.565627 0.4736277 -3.909312 8.518551 0.4925993 -4.143857 8.426321 0.1014818 -3.862424 8.456404 0.1012707 -4.091064 8.473331 1.111044 -3.960007 8.473927 1.248333 -3.958548 8.502668 1.478674 -3.977162 8.540087 1.567011 -4.002517 8.520447 1.417524 -3.904353 8.440602 1.418136 -4.020054 8.570912 1.393832 -3.80232 8.363243 1.391826 -4.102771 8.584435 1.112087 -3.747915 8.263787 1.122909 -4.085007 8.640876 0.8646046 -3.753165 8.243158 0.870368 -4.101073 8.567582 0.01572128 -3.910335 8.546517 0.03024884 -4.219285 8.619733 1.643131 -4.019569 8.584002 1.642267 -4.072061 0 0 0 8.663464 0.8441939 -3.777567 8.677005 0.8189929 -3.810329 8.680451 0.7927023 -3.827808 8.69323 0.7773778 -3.783841 8.708893 0.7381061 -3.788249 8.715015 0.7149058 -3.796257 8.679695 0.7665868 -3.77148 8.689553 0.7196082 -3.780984 8.691025 0.6951565 -3.792249 8.661027 0.7614014 -3.764169 8.667666 0.7190643 -3.771195 8.668097 0.6944328 -3.781557 8.641912 0.7587128 -3.757581 8.646886 0.7236709 -3.763059 8.647942 0.7052566 -3.768219 8.266088 0.8404219 -4.11106 8.296386 0.8092151 -4.111083 8.308202 0.7805832 -4.104072 8.262224 0.767867 -4.12158 8.267269 0.7256787 -4.120268 8.27844 0.7041055 -4.113219 8.24515 0.7637224 -4.109591 8.250593 0.7164693 -4.098101 8.262475 0.6961183 -4.085 8.233156 0.7654419 -4.092798 8.235422 0.7235335 -4.081643 8.245131 0.702192 -4.068817 8.22235 0.7695157 -4.075984 8.223581 0.735014 -4.066456 8.228292 0.7183807 -4.058213 0 0 0 0 0 0
18 8.498714 0.9161512 -4.006625 8.541606 0.8899454 -3.917815 8.446189 0.9016428 -4.092905 8.675164 0.4687457 -4.001063 8.587083 0.4821711 -4.173024 8.408508 0.2096284 -3.855656 8.526351 0.09500947 -4.096561 8.506284 1.087057 -3.999332 8.505916 1.224026 -4.008833 8.533617 1.453544 -4.036829 8.574314 1.539801 -4.064213 8.547252 1.396205 -3.960127 8.475013 1.390232 -4.080578 8.594244 1.381483 -3.854801 8.404016 1.365528 -4.169278 8.607929 1.101696 -3.791118 8.292753 1.101696 -4.146119 8.687559 0.8608133 -3.800871 8.270798 0.8491122 -4.159541 8.457916 0.04481884 -3.854325 8.635523 0.01608761 -4.203603 8.655998 1.613 -4.084163 8.619448 1.612087 -4.136087 0 0 0 8.711929 0.8426355 -3.825323 8.724818 0.8166087 -3.8577 8.728814 0.7901259 -3.874767 8.747726 0.7788635 -3.831767 8.764746 0.7405788 -3.838955 8.771043 0.7184758 -3.849522 8.735244 0.7668385 -3.819436 8.743 0.7210174 -3.834759 8.741069 0.7002383 -3.851831 8.717134 0.7599357 -3.812143 8.723098 0.7187498 -3.824554 8.721267 0.6975709 -3.840752 8.698348 0.7554796 -3.805565 8.703134 0.7212273 -3.814869 8.70295 0.7044572 -3.824118 8.292515 0.8177133 -4.167585 8.320683 0.7847576 -4.164073 8.331383 0.7558863 -4.156295 8.284788 0.7456577 -4.179337 8.288033 0.703281 -4.1785 8.297267 0.680899 -4.171175 8.266363 0.7426329 -4.169146 8.268538 0.6949378 -4.158424 8.278323 0.6738226 -4.14481 8.252905 0.7450805 -4.1536 8.252488 0.7031851 -4.142179 8.260642 0.6819182 -4.128196 8.240783 0.7497948 -4.137888 8.239439 0.7152489 -4.128536 8.242798 0.6985074 -4.119862 0 0 0 0 0 0
19 8.690541 0.914811 -4.161618 8.739036 0.8869624 -4.076257 8.632158 0.9020139 -4.24433 8.967047 0.5172085 -4.192317 8.674521 0.4536017 -4.243401 8.887554 0.1271131 -4.162368 8.562453 0.094179 -4.108524 8.700462 1.085516 -4.152639 8.693871 1.222376 -4.161407 8.727374 1.451004 -4.190325 8.772881 1.534516 -4.218632 8.736223 1.39425 -4.112495 8.66968 1.388356 -4.236188 8.779955 1.383722 -4.00528 8.603151 1.369473 -4.329655 8.73223 1.117452 -3.908606 8.531655 1.092163 -4.352251 8.772339 0.8672485 -3.892792 8.594198 0.8543326 -4.415383 9.032619 0.04329409 -4.201554 8.680691 0.01364263 -4.204122 8.860069 1.601833 -4.235804 8.826519 1.60158 -4.289721 0 0 0 8.790834 0.8394893 -3.91303 8.799227 0.8081356 -3.941984 8.798443 0.7800449 -3.956778 8.807568 0.7681773 -3.908096 8.814996 0.7264473 -3.911333 8.815957 0.7026451 -3.919842 8.792177 0.7621177 -3.894722 8.789232 0.7138264 -3.902055 8.783095 0.6910518 -3.915116 8.772827 0.7616628 -3.887363 8.767927 0.7187975 -3.892306 8.760899 0.6959862 -3.904327 8.753509 0.763602 -3.88111 8.74935 0.7281578 -3.884129 8.745024 0.7104496 -3.890004 8.628266 0.8369221 -4.423035 8.666656 0.8169557 -4.41864 8.68786 0.7935986 -4.41497 8.654228 0.7753159 -4.453373 8.674868 0.7396365 -4.463768 8.69084 0.7201538 -4.461488 8.637115 0.7629439 -4.450825 8.656973 0.7183406 -4.454093 8.671722 0.6974811 -4.445474 8.620964 0.7551706 -4.440454 8.635906 0.7144157 -4.441733 8.649043 0.6928729 -4.432924 8.605006 0.7497733 -4.428954 8.616425 0.7158642 -4.430534 8.624434 0.6988748 -4.426791 0 0 0 0 0 0
20 8.978783 0.8785663 -4.351705 9.025274 0.8527551 -4.264608 8.922005 0.8639024 -4.435221 9.265246 0.5006199 -4.408459 8.862402 0.4211199 -4.384539 9.275138 0.104709 -4.459712 8.635767 0.1543512 -4.192545 8.989971 1.049373 -4.347318 8.986856 1.186528 -4.352747 9.026188 1.41535 -4.370718 9.071476 1.499781 -4.396543 9.028133 1.355752 -4.294554 8.971161 1.355451 -4.423071 9.063526 1.341223 -4.18476 8.911848 1.342401 -4.522219 8.973193 1.08333 -4.096134 8.855994 1.065873 -4.576401 8.997298 0.8341945 -4.053576 8.954162 0.8491823 -4.665107 9.424318 0.04643091 -4.522593 8.721482 0.01200398 -4.237215 9.157854 1.568999 -4.40981 9.125891 1.569238 -4.464684 0 0 0 9.014521 0.8009699 -4.06461 9.024347 0.764556 -4.086273 9.022865 0.7347333 -4.097088 9.017351 0.7301679 -4.045404 9.021156 0.6885497 -4.037628 9.021656 0.6632667 -4.038259 8.99872 0.7287844 -4.035233 8.990961 0.68047 -4.035402 8.984839 0.655693 -4.044096 8.978483 0.7322928 -4.032597 8.967069 0.6903939 -4.032383 8.958676 0.6671426 -4.042542 8.958919 0.7379264 -4.03137 8.94918 0.7034885 -4.029998 8.94304 0.6858317 -4.034164 8.991611 0.8407389 -4.672071 9.03277 0.8275247 -4.667255 9.058114 0.8084306 -4.665975 9.032188 0.7940636 -4.711627 9.060844 0.7665356 -4.726729 9.080441 0.7505406 -4.726637 9.0179 0.7784822 -4.71398 9.047003 0.7404987 -4.724221 9.065151 0.7214594 -4.7183 9.002979 0.7656006 -4.707639 9.026173 0.7297465 -4.71554 9.042786 0.709655 -4.709657 8.987659 0.7547504 -4.699664 9.005951 0.7248572 -4.707044 9.017012 0.7092586 -4.705967 0 0 0 0 0 0
