Hips LeftUpperLeg RightUpperLeg LeftLowerLeg RightLowerLeg LeftFoot RightFoot Spine Chest Neck Head LeftShoulder RightShoulder LeftUpperArm RightUpperArm LeftLowerArm RightLowerArm LeftHand RightHand LeftToes RightToes LeftEye RightEye Jaw LeftThumbProximal LeftThumbIntermediate LeftThumbDistal LeftIndexProximal LeftIndexIntermediate LeftIndexDistal LeftMiddleProximal LeftMiddleIntermediate LeftMiddleDistal LeftRingProximal LeftRingIntermediate LeftRingDistal LeftLittleProximal LeftLittleIntermediate LeftLittleDistal RightThumbProximal RightThumbIntermediate RightThumbDistal RightIndexProximal RightIndexIntermediate RightIndexDistal RightMiddleProximal RightMiddleIntermediate RightMiddleDistal RightRingProximal RightRingIntermediate RightRingDistal RightLittleProximal RightLittleIntermediate RightLittleDistal UpperChest LastBone
0 0.73031 0.9654431 7.087251 0.7932949 0.9653185 7.144295 0.6673253 0.9655677 7.030207 0.9150059 0.58775 7.002486 0.695451 0.546551 7.003534 0.8868078 0.1020556 7.018748 0.5760174 0.1171368 7.19785 0.726331 1.074834 7.091884 0.7372926 1.225626 7.0848 0.7360481 1.47165 7.084527 0.737507 1.549794 7.077868 0.7650555 1.418493 7.114613 0.7029753 1.418118 7.059772 0.8473424 1.399895 7.185934 0.6201711 1.396718 6.98985 0.861843 1.166043 7.254694 0.5683131 1.158663 6.973552 0.8823036 0.9305267 7.284634 0.5994948 0.9339723 6.900581 0.9991079 0.02266557 6.933586 0.6199892 0.006486982 7.088352 0 0 0 0 0 0 0 0 0 0.88599 0.9165788 7.265834 0.8851968 0.8794136 7.25119 0.8788774 0.8417625 7.249395 0.9057813 0.8555511 7.290934 0.9143646 0.8220612 7.303265 0.9136595 0.8023188 7.306283 0.9022422 0.8586348 7.313382 0.9058034 0.8210224 7.327991 0.9013371 0.7987183 7.331893 0 0 0 0 0 0 0 0 0 0 0 0 0 0 0 0 0 0 0.6209945 0.930369 6.891289 0.6481615 0.9047673 6.877048 0.6643428 0.8709114 6.869788 0.6168745 0.8713683 6.855961 0.617371 0.8388289 6.838984 0.6232712 0.8201854 6.834863 0.5960524 0.8639737 6.862101 0.5971804 0.8255246 6.849402 0.6041328 0.8035308 6.848645 0 0 0 0 0 0 0 0 0 0 0 0 0 0 0 0 0 0 0 0 0 0 0 0
1 0.7877213 0.962328 6.880984 0.8659669 0.9668338 6.913824 0.7094759 0.957822 6.848144 0.9402583 0.5744253 6.78077 0.7624391 0.5637442 6.710938 0.912743 0.09662106 6.867594 0.653599 0.2132053 7.029524 0.7798697 1.071545 6.884706 0.7844951 1.222544 6.875428 0.7833059 1.468555 6.878021 0.7826843 1.546723 6.871518 0.820353 1.415196 6.896799 0.7440645 1.415168 6.864524 0.9219736 1.397962 6.936546 0.6439661 1.397038 6.821451 0.9689555 1.164348 6.989857 0.5798895 1.162289 6.84175 1.011918 0.9299617 6.990172 0.5769475 0.9296426 6.790272 0.9792495 -0.004105486 6.759901 0.659869 0.05157646 7.031414 0 0 0 0 0 0 0 0 0 1.00949 0.9173585 6.970252 1.005715 0.8807513 6.954696 1.001487 0.8428245 6.952587 1.040869 0.8571301 6.981828 1.057134 0.8247016 6.987408 1.060643 0.8050925 6.989003 1.045445 0.8587547 7.004242 1.056751 0.8211324 7.014119 1.056049 0.7983909 7.017989 0 0 0 0 0 0 0 0 0 0 0 0 0 0 0 0 0 0 0.5947047 0.9204848 6.777529 0.6137522 0.8881854 6.763735 0.6235481 0.8514189 6.760127 0.5738636 0.8577729 6.758061 0.5658488 0.8232815 6.748397 0.5678475 0.8034599 6.746818 0.5544757 0.8556071 6.770118 0.5470349 0.8160015 6.766009 0.5504245 0.7933001 6.768416 0 0 0 0 0 0 0 0 0 0 0 0 0 0 0 0 0 0 0 0 0 0 0 0
2 0.8333653 0.9741637 6.550464 0.9149536 0.9773301 6.57401 0.7517772 0.9709972 6.526917 0.9264026 0.5575022 6.532726 0.7957485 0.6087599 6.317605 0.8596236 0.1030346 6.69635 0.8152546 0.1247726 6.358103 0.8288801 1.08363 6.551284 0.8318177 1.234159 6.535763 0.8299044 1.479944 6.52501 0.8295255 1.557338 6.512245 0.8699481 1.427516 6.539844 0.789156 1.426089 6.521617 0.9773787 1.415341 6.562518 0.6823113 1.411295 6.497764 1.045005 1.181609 6.583029 0.6114368 1.195755 6.58801 1.102768 0.9588082 6.521334 0.5772312 0.9617365 6.617132 0.9036517 -0.003059782 6.582454 0.8184402 0.03185948 6.225726 0 0 0 0 0 0 0 0 0 1.097055 0.9534239 6.498974 1.092621 0.9227302 6.473783 1.090462 0.8872983 6.459618 1.13417 0.8977191 6.482677 1.155287 0.8692694 6.473087 1.162961 0.85189 6.466887 1.143245 0.8923307 6.503038 1.159225 0.8560157 6.494871 1.161141 0.8336924 6.489336 0 0 0 0 0 0 0 0 0 0 0 0 0 0 0 0 0 0 0.5893947 0.9458109 6.604484 0.6010418 0.9080439 6.598625 0.6071559 0.8707447 6.604293 0.5578477 0.8853856 6.614469 0.5444698 0.8517243 6.620406 0.5439326 0.8324475 6.625649 0.5428615 0.89088 6.630936 0.5310053 0.8540656 6.642976 0.5330662 0.8330458 6.652279 0 0 0 0 0 0 0 0 0 0 0 0 0 0 0 0 0 0 0 0 0 0 0 0
3 0.9643925 1.001125 6.211292 1.049054 1.00124 6.218615 0.8797315 1.001009 6.20397 1.034754 0.5794588 6.165061 0.8476974 0.5806973 6.14275 1.020836 0.09831383 6.264684 0.7861789 0.09911992 6.223606 0.9636908 1.110498 6.217683 0.967623 1.261352 6.206022 0.9718655 1.507322 6.209198 0.9753405 1.585586 6.20525 1.012131 1.453216 6.214045 0.9294124 1.454696 6.209921 1.11853 1.426103 6.226201 0.8226188 1.42647 6.211381 1.163875 1.187029 6.246505 0.7741517 1.19193 6.258991 1.19729 0.9511128 6.243338 0.7385347 0.9563977 6.265229 1.054559 -9.68352E-05 6.14081 0.7473315 0.0004217252 6.101474 0 0 0 0 0 0 0 0 0 1.19115 0.9416197 6.222511 1.181777 0.9082785 6.20259 1.172618 0.8716714 6.196526 1.213437 0.8764481 6.22393 1.227539 0.843011 6.229443 1.230657 0.8233994 6.231687 1.220162 0.87454 6.245772 1.232226 0.8363833 6.252045 1.234645 0.8136161 6.254952 0 0 0 0 0 0 0 0 0 0 0 0 0 0 0 0 0 0 0.7437822 0.9453469 6.244933 0.7533312 0.9118729 6.225321 0.7634796 0.8751106 6.222813 0.7228113 0.880186 6.252705 0.720629 0.844166 6.259421 0.7290182 0.8260897 6.260917 0.7172444 0.8799474 6.274951 0.719736 0.8405916 6.284211 0.7323046 0.8214121 6.286822 0 0 0 0 0 0 0 0 0 0 0 0 0 0 0 0 0 0 0 0 0 0 0 0
4 0.967657 1.00208 6.214659 1.052178 1.001987 6.223452 0.8831359 1.002172 6.205867 1.038558 0.5809297 6.165891 0.8469341 0.5824807 6.143366 1.019564 0.09994408 6.264203 0.7842199 0.1012351 6.224632 0.9672104 1.111505 6.220106 0.9720417 1.262152 6.206302 0.9795666 1.508063 6.206826 0.9842701 1.586178 6.201452 1.018927 1.453483 6.213462 0.9363919 1.456023 6.206897 1.124535 1.425102 6.229119 0.8290709 1.429853 6.205898 1.16658 1.185741 6.252851 0.7753425 1.196182 6.252113 1.197207 0.9494256 6.25285 0.7354277 0.9614317 6.261181 1.053173 0.001082025 6.140657 0.7456178 0.002529763 6.102427 0 0 0 0 0 0 0 0 0 1.19159 0.9396919 6.231987 1.182146 0.9064625 6.211914 1.172448 0.8699856 6.205901 1.212852 0.8742381 6.23512 1.223189 0.8395618 6.241283 1.223016 0.8197048 6.243529 1.218852 0.8725811 6.257193 1.226787 0.8334877 6.264233 1.225078 0.8106559 6.267136 0 0 0 0 0 0 0 0 0 0 0 0 0 0 0 0 0 0 0.7408196 0.9500424 6.241112 0.7501935 0.9163502 6.221791 0.759544 0.8793605 6.219537 0.7175515 0.8856631 6.248859 0.7176389 0.8496674 6.256042 0.7282158 0.8327952 6.257726 0.7114242 0.8857964 6.270958 0.7160696 0.8467174 6.280554 0.731118 0.8294016 6.283072 0 0 0 0 0 0 0 0 0 0 0 0 0 0 0 0 0 0 0 0 0 0 0 0
5 0.9600327 1.003524 6.213141 1.044257 1.003416 6.22443 0.8758089 1.003632 6.201851 1.037709 0.5824863 6.165577 0.8444002 0.5835661 6.140439 1.022795 0.1015341 6.264083 0.7870525 0.1024907 6.225409 0.9594624 1.112956 6.218444 0.9644282 1.263529 6.2039 0.9720259 1.509439 6.203704 0.9776858 1.587532 6.198978 1.011122 1.454876 6.211867 0.9288529 1.45741 6.202538 1.116127 1.426544 6.231229 0.8217198 1.430874 6.197847 1.158574 1.187526 6.257555 0.7671009 1.197514 6.244588 1.19068 0.9514281 6.26073 0.7272943 0.962702 6.252443 1.056861 0.00264021 6.140688 0.7490094 0.004042886 6.102822 0 0 0 0 0 0 0 0 0 1.185834 0.9413502 6.239837 1.177061 0.9081026 6.219491 1.167609 0.8715706 6.213421 1.207454 0.8761154 6.24464 1.214239 0.8405855 6.250876 1.210765 0.8209857 6.25265 1.212725 0.8748243 6.266922 1.216776 0.8351529 6.274035 1.21087 0.8129567 6.276289 0 0 0 0 0 0 0 0 0 0 0 0 0 0 0 0 0 0 0.7331334 0.9510664 6.232642 0.742595 0.9170379 6.213964 0.7515969 0.8799261 6.212405 0.7092141 0.8869315 6.240433 0.7072847 0.8510419 6.247883 0.7164922 0.8334431 6.250092 0.7025067 0.8873383 6.26236 0.7049928 0.8481454 6.272288 0.7185107 0.8297195 6.275512 0 0 0 0 0 0 0 0 0 0 0 0 0 0 0 0 0 0 0 0 0 0 0 0
6 0.9396101 1.005332 6.205655 1.023408 1.004903 6.219757 0.8558123 1.005761 6.191553 1.028739 0.5834962 6.163654 0.8371887 0.5844177 6.134768 1.02861 0.1026055 6.264054 0.792617 0.1034265 6.226712 0.9391803 1.114735 6.211536 0.9433064 1.265432 6.198056 0.9487603 1.511398 6.198739 0.9537189 1.589581 6.194772 0.9881124 1.457151 6.207734 0.9060862 1.459001 6.196338 1.092829 1.429666 6.2297 0.7994632 1.431155 6.188607 1.135938 1.190788 6.256225 0.7460591 1.197654 6.236042 1.169582 0.9549059 6.259501 0.7095209 0.9622262 6.240714 1.062723 0.003547512 6.140804 0.754745 0.005186044 6.103906 0 0 0 0 0 0 0 0 0 1.165658 0.9446413 6.238505 1.158113 0.911336 6.217764 1.149491 0.8746536 6.211377 1.188448 0.8798925 6.244358 1.193902 0.8440644 6.25018 1.189056 0.824708 6.251286 1.192985 0.8788055 6.266812 1.195629 0.838926 6.273405 1.187952 0.8172046 6.274773 0 0 0 0 0 0 0 0 0 0 0 0 0 0 0 0 0 0 0.7157027 0.9505095 6.221065 0.7251117 0.9162024 6.202877 0.7338572 0.8790097 6.201886 0.691732 0.8863804 6.228745 0.6866756 0.850751 6.235976 0.6933511 0.8320798 6.238466 0.6846598 0.8868768 6.250555 0.6838163 0.8475677 6.260298 0.6943566 0.8273811 6.264045 0 0 0 0 0 0 0 0 0 0 0 0 0 0 0 0 0 0 0 0 0 0 0 0
7 0.9187639 1.005752 6.201075 1.002208 1.004817 6.217115 0.8353196 1.006685 6.185035 1.020296 0.5837563 6.161572 0.8266137 0.5848563 6.130381 1.031002 0.1033674 6.263427 0.7952586 0.1038316 6.226778 0.9185518 1.115058 6.208542 0.9223249 1.265836 6.19589 0.9262561 1.511821 6.198235 0.9301845 1.590067 6.194359 0.9657308 1.457754 6.20776 0.8839673 1.459186 6.194559 1.07013 1.430838 6.231843 0.7778221 1.430372 6.184232 1.112615 1.191778 6.257734 0.7261553 1.196123 6.229868 1.145907 0.9558402 6.26049 0.6925101 0.960224 6.231485 1.065367 0.00421723 6.140321 0.7572452 0.00582429 6.103829 0 0 0 0 0 0 0 0 0 1.142409 0.9453591 6.239527 1.135365 0.9115116 6.219501 1.126847 0.8747206 6.213615 1.164515 0.8805043 6.246688 1.17325 0.8454695 6.253288 1.1716 0.8256289 6.255021 1.168496 0.8796474 6.269257 1.174744 0.8402654 6.276387 1.171051 0.8175741 6.278413 0 0 0 0 0 0 0 0 0 0 0 0 0 0 0 0 0 0 0.6991544 0.9486548 6.2119 0.7094564 0.9143653 6.194168 0.7193564 0.8774525 6.19374 0.6779861 0.8836042 6.220051 0.6705632 0.8483593 6.227123 0.6746541 0.82898 6.229782 0.6709402 0.8839397 6.241873 0.6675957 0.8446748 6.251249 0.6749294 0.8231602 6.255246 0 0 0 0 0 0 0 0 0 0 0 0 0 0 0 0 0 0 0 0 0 0 0 0
9 0.9125489 0.9538884 6.213552 0.9963571 0.9514648 6.227387 0.8287406 0.9563118 6.199718 1.0298 0.5880437 6.017905 0.8316765 0.5368915 6.168004 1.02619 0.102415 6.041777 0.8053325 0.167208 6.482425 0.9150261 1.063343 6.217719 0.9153434 1.214041 6.20363 0.920422 1.459929 6.197102 0.9207094 1.537801 6.187678 0.9588755 1.406144 6.211272 0.8781964 1.407313 6.192534 1.064468 1.387662 6.237961 0.7711993 1.390659 6.170673 1.09144 1.159143 6.31967 0.7000428 1.15794 6.190771 1.12634 0.9236636 6.330362 0.6690054 0.9345868 6.113747 1.058537 0.006549142 5.915563 0.8159877 0.01641317 6.424856 0 0 0 0 0 0 0 0 0 1.124148 0.9098393 6.31124 1.118198 0.8730069 6.296947 1.110436 0.8356442 6.294816 1.146482 0.8474635 6.330121 1.161088 0.8155202 6.340779 1.165671 0.7966515 6.345506 1.149183 0.8503746 6.352708 1.157316 0.8130162 6.366088 1.156543 0.7907173 6.371987 0 0 0 0 0 0 0 0 0 0 0 0 0 0 0 0 0 0 0.6814336 0.9291971 6.094303 0.6956108 0.9017771 6.068936 0.7042972 0.867716 6.053931 0.6534811 0.8714605 6.069178 0.6407691 0.839456 6.056473 0.640734 0.8203527 6.050604 0.6389321 0.8658942 6.086009 0.6281691 0.8281925 6.075832 0.630751 0.8056052 6.071858 0 0 0 0 0 0 0 0 0 0 0 0 0 0 0 0 0 0 0 0 0 0 0 0
10 0.9526275 0.9755156 6.020468 1.035982 0.9755979 6.036994 0.8692731 0.9754333 6.003941 1.043952 0.5745035 5.908494 0.8904885 0.5972499 5.821033 0.9975457 0.1000355 6.006716 0.8562096 0.2015967 6.101219 0.9520274 1.085047 6.022949 0.9549085 1.235262 6.004621 0.9596254 1.480861 5.990921 0.9604187 1.558195 5.977811 0.9983557 1.427531 6.006023 0.9173875 1.428111 5.988547 1.105132 1.41167 6.029492 0.8099545 1.414942 5.966448 1.145861 1.179553 6.093428 0.7401226 1.18982 6.030232 1.190822 0.9467717 6.069466 0.7092702 0.9537477 6.020182 1.03103 0.0004308447 5.883735 0.8383996 0.04571643 6.061838 0 0 0 0 0 0 0 0 0 1.18658 0.936104 6.048735 1.184465 0.9013428 6.029151 1.181905 0.8640751 6.021069 1.2154 0.8736853 6.053139 1.235956 0.8432927 6.05414 1.24531 0.8256322 6.054152 1.221358 0.8731087 6.075277 1.232704 0.8345121 6.080009 1.233426 0.8114967 6.081563 0 0 0 0 0 0 0 0 0 0 0 0 0 0 0 0 0 0 0.7217695 0.9408315 6.004738 0.7347125 0.9052179 5.99207 0.7421355 0.8677707 5.990239 0.6911174 0.8791865 6.0022 0.6780694 0.8448805 6.001806 0.6777341 0.8249674 6.00346 0.6759353 0.8810815 6.019283 0.6643221 0.8425297 6.023727 0.6666824 0.8201356 6.028784 0 0 0 0 0 0 0 0 0 0 0 0 0 0 0 0 0 0 0 0 0 0 0 0
11 1.014813 0.9474494 5.663261 1.096297 0.9520053 5.686942 0.9333296 0.9428933 5.639581 1.092632 0.5307198 5.696263 0.9776273 0.6135494 5.379538 1.004534 0.1123323 5.929253 1.001312 0.135834 5.284941 1.008527 1.056829 5.663849 1.01439 1.207301 5.648609 1.01097 1.452658 5.630797 1.01218 1.529402 5.614617 1.051508 1.400886 5.646564 0.9704753 1.398521 5.629542 1.159174 1.390223 5.668879 0.8631057 1.383548 5.6083 1.229656 1.156698 5.679997 0.7967013 1.180849 5.727163 1.293684 0.9459606 5.589043 0.7585934 0.9582705 5.803252 1.032656 -0.0005224422 5.816827 1.020917 0.1238344 5.124821 0 0 0 0 0 0 0 0 0 1.286525 0.9461355 5.566453 1.277628 0.9217817 5.536055 1.27188 0.890845 5.514361 1.321882 0.8961714 5.534838 1.342277 0.8706238 5.518145 1.349689 0.8551228 5.507939 1.332144 0.8860412 5.55267 1.347164 0.8529735 5.534733 1.347904 0.8327133 5.523705 0 0 0 0 0 0 0 0 0 0 0 0 0 0 0 0 0 0 0.7684271 0.9390831 5.793418 0.7788264 0.9005821 5.795839 0.7851634 0.8652306 5.80891 0.7353181 0.8848737 5.820088 0.7213562 0.8545679 5.835382 0.720789 0.8371659 5.845192 0.7226123 0.8949745 5.836288 0.7105142 0.862726 5.857608 0.7131897 0.8443087 5.871256 0 0 0 0 0 0 0 0 0 0 0 0 0 0 0 0 0 0 0 0 0 0 0 0
13 1.086355 0.9789982 5.255596 1.16888 0.9730697 5.274979 1.003831 0.9849265 5.236213 1.21472 0.6021179 5.08205 1.034896 0.5757475 5.137577 1.166708 0.1951474 5.343374 1.033108 0.1006314 5.247467 1.09253 1.088155 5.262694 1.089734 1.238625 5.246586 1.0865 1.484524 5.239356 1.087089 1.562194 5.228402 1.12692 1.432097 5.253136 1.045999 1.430515 5.235504 1.233505 1.41709 5.277997 0.93928 1.410365 5.215287 1.282883 1.181375 5.318308 0.8765144 1.181581 5.273111 1.323013 0.9485705 5.28709 0.8460186 0.945651 5.259335 1.201183 0.04491971 5.294284 1.03599 0.002199873 5.119132 0 0 0 0 0 0 0 0 0 1.318005 0.940429 5.265406 1.310229 0.9066087 5.245606 1.303016 0.8698782 5.237885 1.345509 0.8773645 5.261873 1.361427 0.8443209 5.263295 1.365748 0.8248104 5.263083 1.352013 0.8741431 5.283628 1.359397 0.8344135 5.286434 1.355132 0.8117329 5.286618 0 0 0 0 0 0 0 0 0 0 0 0 0 0 0 0 0 0 0.8568579 0.9336112 5.24204 0.8695836 0.8988476 5.22701 0.8778574 0.8616198 5.224483 0.8282598 0.8709368 5.241596 0.8166822 0.8361239 5.242747 0.8177943 0.816239 5.244398 0.8153497 0.8718241 5.260529 0.8061858 0.8327279 5.265854 0.8104377 0.8104746 5.270253 0 0 0 0 0 0 0 0 0 0 0 0 0 0 0 0 0 0 0 0 0 0 0 0
14 1.110956 0.9564001 4.978637 1.194433 0.9489669 4.992687 1.027478 0.9638334 4.964587 1.262424 0.6144956 4.74532 1.045555 0.5414524 4.9901 1.271834 0.1330702 4.67203 1.045436 0.1020061 5.205473 1.120137 1.06553 4.981825 1.11377 1.216006 4.966833 1.113795 1.461635 4.952846 1.115852 1.53869 4.938307 1.153163 1.409138 4.969169 1.072747 1.408017 4.949328 1.259666 1.396631 4.995706 0.9659961 1.394049 4.924573 1.292934 1.17448 5.09145 0.8944992 1.160657 4.930982 1.328775 0.9390956 5.101074 0.8782604 0.9463061 4.828157 1.323717 0.09283146 4.524193 1.061161 0.0002485178 5.080714 0 0 0 0 0 0 0 0 0 1.323924 0.9253247 5.082408 1.31219 0.8893415 5.069609 1.300541 0.8529573 5.068485 1.346132 0.8622424 5.098946 1.356057 0.82824 5.108569 1.35589 0.8086804 5.112665 1.351513 0.8650947 5.121056 1.356871 0.8271396 5.134152 1.35198 0.8053307 5.139906 0 0 0 0 0 0 0 0 0 0 0 0 0 0 0 0 0 0 0.8939101 0.9435662 4.810575 0.9121811 0.9205242 4.783527 0.9238486 0.8900745 4.763591 0.8701567 0.8918355 4.771769 0.860447 0.8628331 4.751474 0.86141 0.8451003 4.74231 0.8527433 0.8842787 4.784637 0.8442785 0.8491452 4.766339 0.8476474 0.8275018 4.759069 0 0 0 0 0 0 0 0 0 0 0 0 0 0 0 0 0 0 0 0 0 0 0 0
15 1.16595 0.9296113 4.627403 1.248954 0.9285222 4.645576 1.082946 0.9307004 4.609229 1.294593 0.5845812 4.407773 1.091356 0.5106263 4.58936 1.259891 0.09979896 4.409508 1.023139 0.2139192 4.968216 1.166693 1.039125 4.63057 1.168768 1.189569 4.614115 1.178046 1.435202 4.60376 1.178491 1.512676 4.591486 1.21435 1.381183 4.622092 1.135582 1.38308 4.596527 1.318454 1.365155 4.655396 1.030619 1.373874 4.563336 1.333478 1.143023 4.755679 0.9551362 1.141964 4.575381 1.37771 0.9093257 4.770237 0.9338868 0.9248554 4.479488 1.29515 0.0008664876 4.286479 1.047714 0.06048677 5.013175 0 0 0 0 0 0 0 0 0 1.376677 0.8937764 4.752385 1.370544 0.8558455 4.741432 1.362178 0.818553 4.741602 1.397457 0.8334579 4.778384 1.411237 0.8022344 4.791893 1.415739 0.7838047 4.798174 1.398724 0.8384656 4.800728 1.403215 0.8019369 4.817649 1.399724 0.7803072 4.824903 0 0 0 0 0 0 0 0 0 0 0 0 0 0 0 0 0 0 0.9494462 0.9205557 4.462139 0.9674212 0.8949839 4.437253 0.978525 0.8630297 4.419466 0.9234346 0.8681796 4.425721 0.9129133 0.8384748 4.4069 0.9138907 0.8201676 4.398946 0.9056495 0.8620612 4.438843 0.8959645 0.8262907 4.422488 0.8994006 0.8041609 4.416911 0 0 0 0 0 0 0 0 0 0 0 0 0 0 0 0 0 0 0 0 0 0 0 0
16 1.241897 1.001059 4.176858 1.325562 1.000751 4.19173 1.158232 1.001368 4.161986 1.337504 0.5777137 4.145338 1.151109 0.5800015 4.103703 1.361306 0.09717673 4.247881 1.129133 0.09783065 4.19688 1.241034 1.110386 4.183979 1.243864 1.261382 4.173949 1.241572 1.507348 4.178936 1.243641 1.585758 4.17816 1.282763 1.454233 4.186304 1.200536 1.453669 4.176309 1.388815 1.429766 4.205225 1.095842 1.419525 4.167538 1.436756 1.191432 4.228104 1.050043 1.186298 4.22351 1.474371 0.956142 4.225543 1.022209 0.9496694 4.219655 1.401459 -0.001813833 4.12641 1.095994 -0.0007603802 4.072991 0 0 0 0 0 0 0 0 0 1.470038 0.9469585 4.204132 1.463045 0.9136379 4.183223 1.455227 0.8769318 4.175991 1.493343 0.8821576 4.206085 1.509577 0.8497302 4.211761 1.514753 0.8305435 4.213872 1.498389 0.8799338 4.228346 1.512817 0.842559 4.234329 1.517758 0.8201641 4.236917 0 0 0 0 0 0 0 0 0 0 0 0 0 0 0 0 0 0 1.028853 0.9377397 4.200287 1.040734 0.9033471 4.183784 1.053208 0.8672326 4.184719 1.013099 0.8717369 4.212184 1.006599 0.8366548 4.220804 1.0105 0.8173354 4.224107 1.007011 0.872549 4.234281 1.005084 0.8337615 4.245798 1.012179 0.8123871 4.25084 0 0 0 0 0 0 0 0 0 0 0 0 0 0 0 0 0 0 0 0 0 0 0 0
18 1.276117 0.9597964 4.200835 1.358617 0.9610798 4.221164 1.193618 0.958513 4.180506 1.353376 0.540597 4.206537 1.232363 0.6001913 3.962777 1.281284 0.1271039 4.451905 1.228412 0.1136999 3.957309 1.273523 1.069268 4.204452 1.276612 1.219724 4.188269 1.274561 1.46555 4.17856 1.276654 1.543063 4.16671 1.315153 1.413016 4.191395 1.233628 1.411759 4.176775 1.42239 1.39716 4.212663 1.126002 1.392506 4.160978 1.486833 1.161811 4.221761 1.065985 1.176645 4.25807 1.539803 0.9399205 4.152902 1.026175 0.9481958 4.312925 1.308688 0.003592368 4.351105 1.238476 0.05309373 3.807669 0 0 0 0 0 0 0 0 0 1.534019 0.9380922 4.129994 1.525482 0.9121422 4.100839 1.518866 0.8795754 4.08196 1.566042 0.8817341 4.106662 1.583762 0.8514656 4.09584 1.588813 0.8335044 4.08868 1.574201 0.8728753 4.126179 1.587436 0.836355 4.114692 1.58738 0.8146115 4.106956 0 0 0 0 0 0 0 0 0 0 0 0 0 0 0 0 0 0 1.034533 0.9303728 4.299732 1.045387 0.8920469 4.296629 1.053294 0.8559993 4.30657 1.005389 0.8730438 4.324434 0.9958597 0.8410534 4.339701 0.999103 0.8232649 4.348211 0.9950607 0.8810847 4.343264 0.9885665 0.8467152 4.363695 0.9957144 0.8279524 4.375075 0 0 0 0 0 0 0 0 0 0 0 0 0 0 0 0 0 0 0 0 0 0 0 0
19 1.291396 0.9520537 3.981753 1.372672 0.9436042 4.005074 1.21012 0.960503 3.958432 1.412984 0.555321 3.848424 1.263816 0.5797843 3.787517 1.327196 0.2421776 4.21009 1.273743 0.09955277 3.862694 1.300754 1.060999 3.98861 1.296465 1.210829 3.967606 1.287886 1.456516 3.95793 1.287458 1.534005 3.945756 1.329423 1.405121 3.972263 1.248574 1.401601 3.954583 1.436917 1.394548 3.995434 1.14188 1.383099 3.932724 1.496051 1.158867 4.019565 1.077616 1.163617 4.018297 1.551246 0.9367549 3.953212 1.04178 0.9290064 4.039671 1.332863 0.08408966 4.243895 1.291394 0.001824461 3.735005 0 0 0 0 0 0 0 0 0 1.545641 0.9323202 3.930618 1.537467 0.9009778 3.907226 1.531166 0.8654646 3.894583 1.578144 0.8738942 3.914004 1.597126 0.8430331 3.908124 1.603492 0.8245677 3.903894 1.586208 0.8673428 3.934449 1.596699 0.828558 3.9293 1.593887 0.805995 3.925344 0 0 0 0 0 0 0 0 0 0 0 0 0 0 0 0 0 0 1.051705 0.9131629 4.025109 1.062933 0.8755823 4.017496 1.070223 0.8382676 4.021398 1.020367 0.8531722 4.037962 1.007513 0.819664 4.045661 1.007512 0.800378 4.050899 1.007917 0.8585505 4.056455 0.9972062 0.8216736 4.069347 1.000475 0.8004891 4.077901 0 0 0 0 0 0 0 0 0 0 0 0 0 0 0 0 0 0 0 0 0 0 0 0
20 1.360461 0.9578962 3.594936 1.443323 0.9493414 3.61172 1.277598 0.9664508 3.578152 1.518167 0.6103949 3.374145 1.306086 0.5453791 3.563719 1.508678 0.124515 3.381291 1.305517 0.09932258 3.761492 1.37062 1.066853 3.600312 1.363146 1.217448 3.58713 1.360932 1.463048 3.572815 1.363035 1.539978 3.557636 1.400476 1.410981 3.590063 1.320528 1.409002 3.568477 1.506815 1.400669 3.618158 1.214278 1.395325 3.541505 1.54384 1.177001 3.70886 1.143547 1.162135 3.557139 1.582168 0.9418179 3.707243 1.128149 0.942449 3.466123 1.566625 0.03688397 3.258289 1.328357 -7.130206E-06 3.635879 0 0 0 0 0 0 0 0 0 1.577036 0.9293229 3.687773 1.566993 0.8936567 3.672827 1.557158 0.8568946 3.669279 1.600815 0.8656694 3.699124 1.61157 0.8311993 3.705715 1.611976 0.8113813 3.708256 1.606768 0.8670403 3.721229 1.612257 0.8282737 3.731614 1.607002 0.8062176 3.73592 0 0 0 0 0 0 0 0 0 0 0 0 0 0 0 0 0 0 1.144133 0.9379169 3.449225 1.162959 0.9123679 3.424953 1.175143 0.8803766 3.407957 1.1205 0.8831202 3.414802 1.11123 0.852377 3.39702 1.112503 0.8338544 3.389627 1.102711 0.8769873 3.427912 1.094468 0.8403116 3.41282 1.098172 0.818074 3.407879 0 0 0 0 0 0 0 0 0 0 0 0 0 0 0 0 0 0 0 0 0 0 0 0
