Hips LeftUpperLeg RightUpperLeg LeftLowerLeg RightLowerLeg LeftFoot RightFoot Spine Chest Neck Head LeftShoulder RightShoulder LeftUpperArm RightUpperArm LeftLowerArm RightLowerArm LeftHand RightHand LeftToes RightToes LeftEye RightEye Jaw LeftThumbProximal LeftThumbIntermediate LeftThumbDistal LeftIndexProximal LeftIndexIntermediate LeftIndexDistal LeftMiddleProximal LeftMiddleIntermediate LeftMiddleDistal LeftRingProximal LeftRingIntermediate LeftRingDistal LeftLittleProximal LeftLittleIntermediate LeftLittleDistal RightThumbProximal RightThumbIntermediate RightThumbDistal RightIndexProximal RightIndexIntermediate RightIndexDistal RightMiddleProximal RightMiddleIntermediate RightMiddleDistal RightRingProximal RightRingIntermediate RightRingDistal RightLittleProximal RightLittleIntermediate RightLittleDistal UpperChest LastBone
0 6.695478 1.004318 -2.965622 6.644705 1.004141 -2.897481 6.746252 1.004495 -3.033762 6.696521 0.5830435 -2.871322 6.811078 0.5838758 -3.028863 6.613479 0.1021247 -2.926704 6.758232 0.1029459 -3.116991 6.690919 1.113741 -2.968735 6.701193 1.264359 -2.957923 6.697937 1.510291 -2.951902 6.698908 1.588401 -2.944771 6.671881 1.455843 -2.921426 6.719728 1.458131 -2.989007 6.604213 1.427821 -2.838725 6.775492 1.431093 -3.080455 6.56049 1.188897 -2.813658 6.759464 1.197723 -3.150501 6.541421 0.9529144 -2.786609 6.771757 0.9626419 -3.187497 6.706173 0.003217064 -2.838433 6.884346 0.004628442 -3.09258 0 0 0 0 0 0 0 0 0 6.56192 0.9426704 -2.780573 6.583839 0.9093536 -2.778152 6.593556 0.8727523 -2.783318 6.546556 0.8776307 -2.763845 6.538377 0.8419125 -2.761695 6.539159 0.8224853 -2.766315 6.524535 0.8765182 -2.770151 6.516932 0.8367372 -2.770863 6.518655 0.8148658 -2.778027 0 0 0 0 0 0 0 0 0 0 0 0 0 0 0 0 0 0 6.786324 0.9509539 -3.172911 6.798182 0.9167734 -3.155958 6.795199 0.8795926 -3.147624 6.790977 0.8869099 -3.197867 6.786122 0.8511131 -3.204374 6.78025 0.8329692 -3.1984 6.774963 0.8873756 -3.214277 6.765864 0.8480966 -3.218179 6.757043 0.8287931 -3.209112 0 0 0 0 0 0 0 0 0 0 0 0 0 0 0 0 0 0 0 0 0 0 0 0
1 6.73822 1.002171 -3.026699 6.685168 1.002036 -2.960318 6.791273 1.002305 -3.093081 6.716232 0.5809621 -2.907209 6.83966 0.5810072 -3.062385 6.608866 0.1011983 -2.915809 6.750514 0.09982731 -3.1057 6.732744 1.111516 -3.030854 6.742367 1.262301 -3.021919 6.741969 1.508326 -3.022752 6.743636 1.586715 -3.020426 6.714985 1.455053 -2.991033 6.763486 1.454904 -3.058183 6.646525 1.430304 -2.90794 6.82069 1.421942 -3.146754 6.59982 1.191872 -2.883575 6.794911 1.189843 -3.218102 6.578612 0.9562255 -2.855221 6.80827 0.9542041 -3.250946 6.701005 0.001694523 -2.827627 6.877344 0.002041303 -3.082925 0 0 0 0 0 0 0 0 0 6.598769 0.9465882 -2.847323 6.618633 0.9126665 -2.840178 6.627038 0.8753832 -2.840457 6.582047 0.8840953 -2.823636 6.567616 0.8532825 -2.809865 6.562366 0.8346651 -2.804845 6.560235 0.8824365 -2.830525 6.546338 0.8465114 -2.817992 6.540732 0.8246582 -2.813128 0 0 0 0 0 0 0 0 0 0 0 0 0 0 0 0 0 0 6.822266 0.9414918 -3.236659 6.831059 0.9061133 -3.220308 6.824029 0.869597 -3.211481 6.818206 0.8764229 -3.258923 6.814112 0.842315 -3.271853 6.809852 0.8227975 -3.272394 6.801406 0.8780916 -3.274445 6.792984 0.8398459 -3.284798 6.785976 0.817884 -3.283703 0 0 0 0 0 0 0 0 0 0 0 0 0 0 0 0 0 0 0 0 0 0 0 0
2 6.686031 1.001497 -2.954102 6.639225 1.001554 -2.883177 6.732837 1.00144 -3.025027 6.694889 0.5801132 -2.869619 6.804231 0.5815608 -3.026554 6.616018 0.09902807 -2.931681 6.762479 0.1001311 -3.119669 6.681086 1.110895 -2.957453 6.690163 1.261646 -2.947438 6.685597 1.507594 -2.943176 6.687855 1.58578 -2.937274 6.661932 1.453237 -2.910655 6.705318 1.455265 -2.981189 6.600015 1.42546 -2.823486 6.755243 1.428227 -3.075953 6.560261 1.186178 -2.795405 6.73861 1.193988 -3.142888 6.546879 0.9500159 -2.766573 6.750322 0.9589131 -3.180114 6.709351 0.0003901348 -2.843783 6.88847 0.001390301 -3.096358 0 0 0 0 0 0 0 0 0 6.568045 0.9404142 -2.761947 6.590077 0.9071038 -2.760814 6.599818 0.8705481 -2.766252 6.555808 0.8751112 -2.743731 6.544678 0.8411488 -2.735365 6.54178 0.8213829 -2.734833 6.533435 0.8733158 -2.748441 6.522617 0.834753 -2.742382 6.519606 0.8118815 -2.743068 0 0 0 0 0 0 0 0 0 0 0 0 0 0 0 0 0 0 6.765671 0.9477795 -3.165901 6.778581 0.914274 -3.148378 6.776324 0.8773728 -3.138684 6.769723 0.8830572 -3.189153 6.764221 0.8469887 -3.193168 6.758376 0.8295411 -3.185372 6.752946 0.8829082 -3.204787 6.743076 0.8436375 -3.205907 6.73432 0.8254482 -3.194721 0 0 0 0 0 0 0 0 0 0 0 0 0 0 0 0 0 0 0 0 0 0 0 0
3 6.731001 1.004784 -3.016968 6.676474 1.003234 -2.95181 6.785528 1.006335 -3.082125 6.71191 0.5847154 -2.888864 6.833398 0.5847378 -3.053097 6.609184 0.1053955 -2.911743 6.749846 0.1032954 -3.105311 6.723679 1.114044 -3.020496 6.735107 1.264608 -3.010086 6.733117 1.510613 -3.007501 6.73396 1.588887 -3.002459 6.705125 1.456733 -2.977741 6.756517 1.457831 -3.042697 6.632982 1.430419 -2.898328 6.817184 1.427868 -3.130021 6.587777 1.191514 -2.875838 6.799833 1.193531 -3.196428 6.566879 0.9556368 -2.849227 6.814586 0.9574267 -3.225067 6.699791 0.00318142 -2.825087 6.876386 0.005546831 -3.080822 0 0 0 0 0 0 0 0 0 6.586496 0.9447427 -2.841608 6.60588 0.9100396 -2.837571 6.614018 0.872944 -2.841866 6.567769 0.8802511 -2.826239 6.55401 0.8471363 -2.818403 6.549949 0.8275957 -2.817378 6.546289 0.8798438 -2.834264 6.533226 0.8419527 -2.828393 6.529232 0.8192219 -2.828382 0 0 0 0 0 0 0 0 0 0 0 0 0 0 0 0 0 0 6.828064 0.9456208 -3.209558 6.837309 0.910986 -3.191915 6.831415 0.8743108 -3.182918 6.828761 0.8801111 -3.230868 6.826933 0.8455698 -3.243151 6.823433 0.8258954 -3.243379 6.813103 0.8807331 -3.247613 6.807309 0.8418609 -3.257423 6.801244 0.8196374 -3.256021 0 0 0 0 0 0 0 0 0 0 0 0 0 0 0 0 0 0 0 0 0 0 0 0
4 6.706022 1.000708 -2.973581 6.659435 1.00051 -2.902513 6.75261 1.000907 -3.044649 6.704912 0.5777681 -2.884068 6.816911 0.5800328 -3.03869 6.611899 0.09676077 -2.926443 6.75878 0.09729602 -3.113859 6.699999 1.110044 -2.977224 6.70803 1.261035 -2.970475 6.703085 1.506988 -2.973963 6.704582 1.585408 -2.974919 6.680113 1.453665 -2.939305 6.722212 1.4535 -3.010643 6.620065 1.428624 -2.850025 6.771776 1.420735 -3.103776 6.581781 1.190014 -2.815032 6.742155 1.186484 -3.166015 6.570436 0.9547371 -2.778991 6.754295 0.9499152 -3.19192 6.704669 -0.001851 -2.83792 6.884472 -0.001845039 -3.090634 0 0 0 0 0 0 0 0 0 6.591753 0.9455326 -2.774254 6.613636 0.9122111 -2.771593 6.623226 0.8753737 -2.775031 6.580311 0.8813341 -2.752034 6.568557 0.848952 -2.739363 6.564672 0.8297024 -2.735659 6.55786 0.8791496 -2.75617 6.546426 0.841845 -2.745286 6.542185 0.8193865 -2.742082 0 0 0 0 0 0 0 0 0 0 0 0 0 0 0 0 0 0 6.769637 0.9383281 -3.178066 6.781124 0.9042271 -3.160702 6.776624 0.8677914 -3.150075 6.767873 0.8725529 -3.198478 6.763169 0.8371283 -3.206861 6.758685 0.8179613 -3.203413 6.75025 0.872938 -3.213147 6.740934 0.8338901 -3.218562 6.733469 0.8128746 -3.212624 0 0 0 0 0 0 0 0 0 0 0 0 0 0 0 0 0 0 0 0 0 0 0 0
5 6.713615 1.005743 -2.982745 6.660815 1.005071 -2.916165 6.766415 1.006415 -3.049325 6.70384 0.5835449 -2.88054 6.82126 0.58469 -3.034823 6.611582 0.1027913 -2.922499 6.755952 0.1036414 -3.112782 6.708022 1.115111 -2.986077 6.717581 1.265869 -2.976641 6.714304 1.511854 -2.973459 6.716071 1.590085 -2.968009 6.687539 1.457758 -2.942973 6.736906 1.459275 -3.009472 6.61801 1.430704 -2.861502 6.794863 1.430815 -3.099109 6.574484 1.191824 -2.835682 6.7781 1.197016 -3.167534 6.556243 0.9559558 -2.807114 6.791696 0.9613112 -3.199803 6.704089 0.003714286 -2.834222 6.882167 0.005469166 -3.088313 0 0 0 0 0 0 0 0 0 6.576512 0.9456681 -2.800415 6.598142 0.9122438 -2.797055 6.607786 0.8755365 -2.801564 6.560336 0.8808921 -2.783431 6.552137 0.8452256 -2.780604 6.553006 0.8256719 -2.784638 6.538488 0.8798292 -2.790323 6.531003 0.84002 -2.790214 6.532912 0.8179474 -2.796679 0 0 0 0 0 0 0 0 0 0 0 0 0 0 0 0 0 0 6.805977 0.9496217 -3.184938 6.817199 0.9152825 -3.167873 6.813472 0.8781933 -3.159432 6.809723 0.8851161 -3.208836 6.806295 0.8496576 -3.217682 6.801418 0.8306213 -3.214048 6.79382 0.8855807 -3.225354 6.786269 0.846289 -3.231676 6.778531 0.825448 -3.225478 0 0 0 0 0 0 0 0 0 0 0 0 0 0 0 0 0 0 0 0 0 0 0 0
6 6.733156 1.001391 -3.015168 6.682669 1.001126 -2.946816 6.783644 1.001655 -3.083521 6.716631 0.5785065 -2.908273 6.836125 0.5802879 -3.059302 6.610113 0.09842779 -2.921072 6.754088 0.09841808 -3.110127 6.727383 1.110733 -3.01901 6.736475 1.261647 -3.011902 6.734042 1.507647 -3.01467 6.734616 1.586042 -3.012065 6.708676 1.454426 -2.981559 6.75468 1.454106 -3.050444 6.643678 1.429742 -2.895712 6.809517 1.420353 -3.140206 6.599984 1.191407 -2.865511 6.779881 1.1878 -3.208513 6.58276 0.9560021 -2.832791 6.794948 0.9513649 -3.234093 6.702619 -0.0008480921 -2.833017 6.880503 0.0001226291 -3.087233 0 0 0 0 0 0 0 0 0 6.603549 0.9466189 -2.826363 6.624796 0.9130388 -2.822205 6.634365 0.8761569 -2.82519 6.589938 0.8822437 -2.805951 6.576865 0.8502257 -2.793653 6.57227 0.8311967 -2.789633 6.56791 0.8802388 -2.81201 6.555403 0.8432207 -2.801331 6.550474 0.8209768 -2.797649 0 0 0 0 0 0 0 0 0 0 0 0 0 0 0 0 0 0 6.809194 0.9390951 -3.219668 6.818149 0.904363 -3.202066 6.811132 0.8682802 -3.191599 6.804244 0.8732777 -3.239408 6.79918 0.8385139 -3.250045 6.794457 0.8191307 -3.248877 6.787101 0.8744847 -3.254594 6.777499 0.8359203 -3.262432 6.769876 0.814359 -3.259326 0 0 0 0 0 0 0 0 0 0 0 0 0 0 0 0 0 0 0 0 0 0 0 0
7 6.685343 1.002672 -2.955975 6.636994 1.002432 -2.886093 6.733691 1.002912 -3.025857 6.694223 0.5815828 -2.868416 6.805436 0.5831785 -3.027795 6.616142 0.1007121 -2.931068 6.7617 0.1018716 -3.120124 6.680831 1.112106 -2.958721 6.69138 1.262694 -2.94775 6.687671 1.508589 -2.940569 6.689809 1.586692 -2.933626 6.662622 1.453942 -2.909609 6.708539 1.456646 -2.9785 6.597479 1.425382 -2.825085 6.761637 1.430547 -3.071791 6.555467 1.186156 -2.799972 6.746481 1.197152 -3.141947 6.539502 0.9498824 -2.773464 6.757671 0.9625707 -3.182312 6.709029 0.001806818 -2.842998 6.887672 0.003260933 -3.096169 0 0 0 0 0 0 0 0 0 6.560393 0.9400006 -2.76822 6.582562 0.906792 -2.766793 6.592482 0.870325 -2.772496 6.546879 0.8745637 -2.751443 6.537315 0.8394132 -2.746939 6.536353 0.8196231 -2.749546 6.524676 0.8730637 -2.756987 6.515555 0.8336384 -2.755177 6.515013 0.8110353 -2.759808 0 0 0 0 0 0 0 0 0 0 0 0 0 0 0 0 0 0 6.772607 0.9509626 -3.168038 6.784874 0.9170492 -3.150841 6.782176 0.8799856 -3.141911 6.776681 0.8868009 -3.192793 6.770194 0.8508798 -3.196654 6.763565 0.8338988 -3.188464 6.760262 0.8871772 -3.208799 6.749561 0.8481224 -3.20983 6.740098 0.8306287 -3.198123 0 0 0 0 0 0 0 0 0 0 0 0 0 0 0 0 0 0 0 0 0 0 0 0
8 6.73428 1.003282 -3.028394 6.680093 1.002455 -2.96294 6.788467 1.004107 -3.093848 6.712921 0.5849046 -2.891769 6.836415 0.5829369 -3.060457 6.609928 0.1051277 -2.905352 6.748048 0.1014407 -3.102173 6.727929 1.11259 -3.032273 6.740784 1.263064 -3.022234 6.741413 1.509082 -3.020213 6.743495 1.587379 -3.015947 6.713251 1.455567 -2.989959 6.763792 1.455977 -3.055587 6.642026 1.430209 -2.909414 6.823144 1.424521 -3.143288 6.594665 1.191591 -2.888357 6.801725 1.191659 -3.213585 6.572647 0.9558048 -2.861844 6.814891 0.9559249 -3.245821 6.700213 0.0007471666 -2.820971 6.874588 0.003473721 -3.078573 0 0 0 0 0 0 0 0 0 6.592155 0.945435 -2.853274 6.610942 0.9108945 -2.84618 6.618543 0.8734507 -2.847157 6.572795 0.8827379 -2.83229 6.5576 0.8514699 -2.820511 6.55224 0.8325968 -2.81671 6.551313 0.881833 -2.840269 6.536676 0.8455189 -2.829883 6.53106 0.8233925 -2.826488 0 0 0 0 0 0 0 0 0 0 0 0 0 0 0 0 0 0 6.828272 0.9435393 -3.230684 6.836741 0.9083938 -3.213672 6.829848 0.8718041 -3.205046 6.826561 0.8782788 -3.25269 6.823901 0.8441322 -3.26589 6.820116 0.8245321 -3.266828 6.810635 0.8795673 -3.269141 6.803813 0.841116 -3.279902 6.797386 0.818957 -3.279347 0 0 0 0 0 0 0 0 0 0 0 0 0 0 0 0 0 0 0 0 0 0 0 0
10 6.686123 0.9572917 -2.966189 6.72333 0.9487892 -2.890265 6.648915 0.965794 -3.042113 6.892853 0.5734014 -2.975556 6.798925 0.577399 -3.103562 6.575974 0.2458395 -2.8067 6.738672 0.09944727 -3.037068 6.687117 1.066221 -2.954478 6.699138 1.216147 -2.971393 6.701691 1.461827 -2.984211 6.710865 1.539195 -2.993319 6.71816 1.410365 -2.943558 6.67803 1.407005 -3.015945 6.772082 1.400019 -2.847698 6.624074 1.388973 -3.110641 6.787356 1.164747 -2.784148 6.520643 1.167825 -3.106146 6.867759 0.9404309 -2.784736 6.49019 0.9322817 -3.12551 6.569993 0.08650156 -2.779454 6.845338 0.001255535 -3.108814 0 0 0 0 0 0 0 0 0 6.880564 0.9351225 -2.803957 6.891644 0.902522 -2.824224 6.895889 0.8663661 -2.835864 6.913167 0.8761833 -2.789489 6.929682 0.8456239 -2.777629 6.936954 0.8272896 -2.774411 6.903313 0.8704376 -2.769594 6.912766 0.8314413 -2.76405 6.912971 0.8087146 -2.768061 0 0 0 0 0 0 0 0 0 0 0 0 0 0 0 0 0 0 6.508541 0.9174667 -3.127819 6.523193 0.8803616 -3.125614 6.526617 0.8428462 -3.119163 6.481829 0.8567517 -3.146429 6.469512 0.8228378 -3.153168 6.466411 0.8032165 -3.150984 6.459395 0.8608585 -3.144025 6.444609 0.8231964 -3.145968 6.441113 0.8013938 -3.139256 0 0 0 0 0 0 0 0 0 0 0 0 0 0 0 0 0 0 0 0 0 0 0 0
11 8.277036 0.9407789 -4.015234 8.192227 0.9354398 -4.014921 8.361844 0.9461178 -4.015548 8.238749 0.5388691 -3.882651 8.400841 0.5869786 -3.800081 8.2677 0.1718211 -4.199917 8.433065 0.1251172 -3.947953 8.270144 1.050073 -4.018549 8.267048 1.200594 -4.002982 8.262388 1.44633 -3.991963 8.262165 1.524282 -3.983218 8.221932 1.392394 -3.997109 8.304738 1.394029 -3.998542 8.113226 1.372936 -3.999923 8.414083 1.379662 -4.004938 8.061257 1.136584 -4.032512 8.476692 1.146558 -4.041923 8.043404 0.9043224 -3.982327 8.528752 0.9140545 -4.04577 8.303558 0.0181342 -4.164404 8.411751 0.002406441 -3.844733 0 0 0 0 0 0 0 0 0 8.052752 0.9001197 -3.96096 8.066475 0.8721619 -3.935933 8.076279 0.8373293 -3.923632 8.026302 0.8400479 -3.940035 8.015212 0.8068952 -3.928845 8.015864 0.7879212 -3.922605 8.015427 0.8331462 -3.959009 8.007767 0.7942251 -3.950806 8.012253 0.7720008 -3.946494 0 0 0 0 0 0 0 0 0 0 0 0 0 0 0 0 0 0 8.521669 0.9021176 -4.026563 8.514532 0.8666399 -4.009631 8.511557 0.8287345 -4.005746 8.560348 0.8451589 -4.024151 8.57459 0.8114364 -4.026847 8.572447 0.7916477 -4.028634 8.571198 0.8463147 -4.044322 8.581969 0.8076149 -4.049533 8.576492 0.7854478 -4.052889 0 0 0 0 0 0 0 0 0 0 0 0 0 0 0 0 0 0 0 0 0 0 0 0
12 7.673963 0.9837424 -3.452864 7.626247 0.9871703 -3.523096 7.721679 0.9803145 -3.382632 7.516647 0.5825375 -3.475639 7.718587 0.5696507 -3.29159 7.609008 0.1042596 -3.494634 7.777496 0.1230214 -3.474053 7.677949 1.0932 -3.45023 7.669093 1.241104 -3.419336 7.663469 1.486713 -3.406158 7.655527 1.564636 -3.401927 7.649931 1.435212 -3.44783 7.685717 1.432027 -3.373193 7.609773 1.412814 -3.548276 7.738331 1.40485 -3.279935 7.646254 1.188423 -3.637397 7.801834 1.169228 -3.271299 7.618034 0.9557787 -3.680564 7.842089 0.9344264 -3.265751 7.49692 0.003424786 -3.553245 7.76797 -0.005627431 -3.376454 0 0 0 0 0 0 0 0 0 7.600647 0.9445074 -3.669065 7.583773 0.9102676 -3.657268 7.582135 0.8724433 -3.652033 7.59406 0.8831983 -3.699788 7.594012 0.8486735 -3.712251 7.595616 0.8288064 -3.710802 7.612172 0.8833234 -3.713855 7.6154 0.8441597 -3.723685 7.619241 0.8217759 -3.71958 0 0 0 0 0 0 0 0 0 0 0 0 0 0 0 0 0 0 7.822125 0.9217228 -3.264465 7.80399 0.8863108 -3.268133 7.799118 0.8493693 -3.276637 7.841284 0.8577104 -3.247687 7.851974 0.8227655 -3.244237 7.853924 0.803444 -3.248954 7.864096 0.8593209 -3.249401 7.874991 0.8203074 -3.249103 7.876694 0.7985268 -3.256543 0 0 0 0 0 0 0 0 0 0 0 0 0 0 0 0 0 0 0 0 0 0 0 0
13 7.141902 0.9900161 -3.139984 7.220095 0.99546 -3.10716 7.06371 0.9845724 -3.172809 7.32928 0.592647 -3.170287 7.070444 0.563561 -3.217319 7.309998 0.115508 -3.071102 7.141682 0.09803542 -3.084775 7.13524 1.099352 -3.142245 7.121579 1.245414 -3.179496 7.112769 1.490477 -3.199394 7.117174 1.568469 -3.206515 7.146558 1.440644 -3.168617 7.078805 1.434373 -3.215859 7.229709 1.422793 -3.098112 6.988976 1.403739 -3.272393 7.263062 1.199612 -3.004823 6.939387 1.166013 -3.246857 7.33236 0.972869 -2.98099 6.910844 0.9300781 -3.22945 7.431007 0.008731686 -3.082152 7.060547 0.001788758 -3.186365 0 0 0 0 0 0 0 0 0 7.344378 0.9631775 -2.998968 7.358628 0.9307399 -3.017436 7.362176 0.8931755 -3.023527 7.369835 0.903781 -2.975091 7.378605 0.8697541 -2.964482 7.378457 0.8498031 -2.965625 7.359442 0.9023877 -2.954695 7.364763 0.8633532 -2.94527 7.361854 0.8406131 -2.947926 0 0 0 0 0 0 0 0 0 0 0 0 0 0 0 0 0 0 6.928571 0.9178837 -3.239382 6.947635 0.8830647 -3.243911 6.957109 0.8465003 -3.238078 6.906378 0.8528829 -3.244722 6.896472 0.8176003 -3.242646 6.89732 0.7983158 -3.237473 6.886725 0.8539304 -3.23295 6.878101 0.8146545 -3.228064 6.880397 0.7929244 -3.220636 0 0 0 0 0 0 0 0 0 0 0 0 0 0 0 0 0 0 0 0 0 0 0 0
14 7.176733 0.9941587 -3.252424 7.093719 0.9881259 -3.235295 7.259748 1.000191 -3.269553 7.126639 0.5646049 -3.190491 7.373158 0.6034369 -3.179827 7.185634 0.08177712 -3.274184 7.393498 0.1235568 -3.265787 7.170932 1.103086 -3.242178 7.151665 1.243114 -3.188055 7.143229 1.485721 -3.148056 7.145183 1.563883 -3.141735 7.106468 1.429319 -3.141768 7.180545 1.437842 -3.177845 7.010631 1.398155 -3.096517 7.272894 1.426226 -3.237347 6.966923 1.160649 -3.13265 7.329918 1.212758 -3.341292 6.94855 0.9244583 -3.158324 7.406018 0.9907336 -3.382487 7.172078 0.001613937 -3.134338 7.514603 0.0296342 -3.214028 0 0 0 0 0 0 0 0 0 6.966378 0.9125216 -3.148263 6.986521 0.8782412 -3.144332 6.997484 0.8422653 -3.151139 6.946366 0.8466387 -3.146012 6.937792 0.8111425 -3.149727 6.939489 0.7921097 -3.155579 6.92707 0.8474452 -3.158379 6.920029 0.8080991 -3.164948 6.923339 0.7867478 -3.173059 0 0 0 0 0 0 0 0 0 0 0 0 0 0 0 0 0 0 7.414862 0.9790848 -3.363842 7.42597 0.9447464 -3.346701 7.428651 0.9067119 -3.344067 7.444332 0.9221748 -3.389117 7.454914 0.8893175 -3.401597 7.454635 0.8693593 -3.402582 7.437562 0.9230298 -3.411012 7.444595 0.8851151 -3.423415 7.44137 0.8622642 -3.423669 0 0 0 0 0 0 0 0 0 0 0 0 0 0 0 0 0 0 0 0 0 0 0 0
15 7.483074 1.002943 -2.951743 7.554087 1.002921 -2.905072 7.41206 1.002965 -2.998414 7.586762 0.5821064 -2.954469 7.427876 0.5859263 -3.069171 7.533708 0.1013678 -2.869681 7.344305 0.1120991 -2.98126 7.479449 1.112303 -2.946177 7.486828 1.263051 -2.957535 7.486416 1.509078 -2.957793 7.491762 1.587243 -2.961615 7.519639 1.455824 -2.932644 7.449652 1.45566 -2.976954 7.606329 1.42929 -2.869523 7.355457 1.427804 -3.027504 7.635924 1.192155 -2.819362 7.294796 1.191525 -3.016664 7.669824 0.9566944 -2.805511 7.26139 0.9558881 -3.028584 7.626136 0.002733789 -2.958534 7.354962 0.007891439 -3.104524 0 0 0 0 0 0 0 0 0 7.675626 0.9466619 -2.826181 7.67838 0.9136524 -2.848521 7.673364 0.8769581 -2.857962 7.69331 0.8817015 -2.811569 7.696674 0.8459871 -2.803793 7.692533 0.8264627 -2.804801 7.687386 0.880365 -2.789454 7.68735 0.8405023 -2.782257 7.680398 0.8185771 -2.784151 0 0 0 0 0 0 0 0 0 0 0 0 0 0 0 0 0 0 7.275934 0.944564 -3.043476 7.29315 0.910627 -3.055651 7.30262 0.8736412 -3.053885 7.252028 0.8801255 -3.048196 7.245276 0.8442597 -3.044274 7.25046 0.8256293 -3.039234 7.235881 0.8801867 -3.031911 7.231592 0.8405877 -3.024537 7.239626 0.8203139 -3.016983 0 0 0 0 0 0 0 0 0 0 0 0 0 0 0 0 0 0 0 0 0 0 0 0
16 7.443261 0.9997882 -3.026751 7.505138 0.9995485 -2.968508 7.381385 1.000028 -3.084995 7.571711 0.5811782 -2.997192 7.422446 0.5778411 -3.117316 7.533854 0.1019413 -2.899185 7.381392 0.09784649 -3.019643 7.438739 1.10913 -3.021497 7.442838 1.259721 -3.036129 7.43843 1.505681 -3.039802 7.441854 1.583996 -3.042625 7.466609 1.453316 -3.007614 7.407307 1.45139 -3.065416 7.538411 1.430193 -2.926908 7.328074 1.418397 -3.134968 7.560286 1.194423 -2.867252 7.260993 1.184006 -3.12133 7.597509 0.9598449 -2.848005 7.234274 0.9474298 -3.131363 7.649755 0.001015492 -2.949659 7.400395 -0.0001130328 -3.14696 0 0 0 0 0 0 0 0 0 7.608886 0.9508739 -2.866758 7.61963 0.9180755 -2.886886 7.620424 0.8811449 -2.896698 7.628606 0.8874225 -2.84856 7.637779 0.8544701 -2.835246 7.639977 0.8348354 -2.832242 7.617827 0.8850276 -2.82846 7.625038 0.8470663 -2.816303 7.626168 0.8241665 -2.813665 0 0 0 0 0 0 0 0 0 0 0 0 0 0 0 0 0 0 7.251428 0.9347486 -3.141684 7.269896 0.8995852 -3.146017 7.278087 0.8632486 -3.137455 7.22931 0.8695047 -3.142102 7.217497 0.8348559 -3.139417 7.217308 0.8155233 -3.134358 7.210407 0.8711525 -3.12922 7.200097 0.8326254 -3.122136 7.201128 0.8110027 -3.114133 0 0 0 0 0 0 0 0 0 0 0 0 0 0 0 0 0 0 0 0 0 0 0 0
17 7.473484 1.003167 -2.991935 7.516845 1.003029 -2.918853 7.430123 1.003305 -3.065016 7.568569 0.5847484 -2.960157 7.462851 0.5831972 -3.123093 7.464883 0.1099367 -2.903204 7.364791 0.1020645 -3.101533 7.468013 1.112537 -2.988482 7.481648 1.263226 -2.992393 7.486602 1.509071 -2.984334 7.493913 1.587168 -2.983685 7.504157 1.454182 -2.94896 7.460966 1.457368 -3.019572 7.55316 1.425476 -2.854207 7.399063 1.431595 -3.107365 7.558116 1.18613 -2.806105 7.330474 1.198112 -3.127517 7.575142 0.9500005 -2.778979 7.307096 0.9633391 -3.160954 7.583947 0.005696796 -2.936738 7.438041 0.003766678 -3.207073 0 0 0 0 0 0 0 0 0 7.588952 0.9397075 -2.795254 7.599998 0.906338 -2.814249 7.599283 0.8697516 -2.82528 7.597801 0.8746496 -2.774392 7.596957 0.8390163 -2.765626 7.593441 0.819459 -2.767751 7.583092 0.8735895 -2.756829 7.57996 0.8338238 -2.749779 7.574601 0.8117216 -2.753705 0 0 0 0 0 0 0 0 0 0 0 0 0 0 0 0 0 0 7.326633 0.9522736 -3.168533 7.347716 0.918666 -3.173263 7.355042 0.8815194 -3.168046 7.307305 0.8880455 -3.184259 7.300002 0.8520749 -3.183989 7.303176 0.8335723 -3.177137 7.285788 0.8878281 -3.176331 7.279259 0.8481711 -3.171277 7.284018 0.8282824 -3.16058 0 0 0 0 0 0 0 0 0 0 0 0 0 0 0 0 0 0 0 0 0 0 0 0
18 7.442168 1.002233 -3.060261 7.49392 1.001991 -2.992861 7.390417 1.002475 -3.127662 7.556639 0.5816508 -3.010232 7.432635 0.5811141 -3.165947 7.521958 0.1021241 -2.908237 7.371081 0.09997981 -3.087837 7.436868 1.111575 -3.055799 7.447815 1.262324 -3.063756 7.447043 1.50835 -3.064104 7.450191 1.586716 -3.065468 7.471188 1.455137 -3.030078 7.417908 1.454881 -3.093504 7.535004 1.430507 -2.943335 7.345785 1.422093 -3.170491 7.546831 1.192191 -2.891468 7.271061 1.189731 -3.163468 7.569387 0.956504 -2.864523 7.24148 0.9541693 -3.183929 7.630431 0.002238102 -2.974743 7.422272 0.002322294 -3.206198 0 0 0 0 0 0 0 0 0 7.582049 0.9467687 -2.882029 7.593869 0.9127885 -2.899406 7.595584 0.875474 -2.907496 7.600612 0.884296 -2.859698 7.610154 0.8533518 -2.842415 7.613532 0.8346427 -2.836256 7.588479 0.88274 -2.840299 7.596893 0.8466876 -2.823859 7.599959 0.8247285 -2.817453 0 0 0 0 0 0 0 0 0 0 0 0 0 0 0 0 0 0 7.258701 0.9414114 -3.194041 7.276529 0.9059593 -3.19869 7.283216 0.8693683 -3.189908 7.23579 0.8764656 -3.195847 7.222062 0.8424301 -3.195205 7.220356 0.8229033 -3.19131 7.216627 0.8781795 -3.183366 7.204331 0.8399593 -3.177992 7.203531 0.8179511 -3.17109 0 0 0 0 0 0 0 0 0 0 0 0 0 0 0 0 0 0 0 0 0 0 0 0
20 7.454809 0.9691165 -3.010325 7.504179 0.9611444 -2.941622 7.405438 0.9770885 -3.079028 7.702237 0.6122504 -3.068011 7.500125 0.5687276 -3.122933 7.486342 0.2031426 -2.918877 7.420251 0.09958144 -3.019447 7.456706 1.078079 -2.999044 7.463466 1.228391 -3.01545 7.467955 1.474095 -3.027223 7.477369 1.551238 -3.037868 7.488069 1.422159 -2.988879 7.440218 1.419795 -3.056454 7.551851 1.411616 -2.899301 7.375817 1.403704 -3.144756 7.551437 1.17854 -2.826501 7.289408 1.175354 -3.148558 7.608549 0.947212 -2.823545 7.290954 0.9408537 -3.190871 7.540843 0.05097517 -2.92532 7.516969 0.000911437 -3.10357 0 0 0 0 0 0 0 0 0 7.618706 0.9388102 -2.843237 7.625656 0.9044854 -2.862468 7.625867 0.8676531 -2.872671 7.642936 0.8763792 -2.827072 7.655545 0.8441437 -2.814858 7.66014 0.8250338 -2.811242 7.634036 0.8734567 -2.806139 7.638041 0.8339087 -2.798344 7.63468 0.8111734 -2.800453 0 0 0 0 0 0 0 0 0 0 0 0 0 0 0 0 0 0 7.311543 0.9298719 -3.195003 7.332887 0.8962088 -3.197748 7.343359 0.8594761 -3.196403 7.295386 0.8683547 -3.221474 7.28884 0.8340472 -3.232764 7.289207 0.8140697 -3.233137 7.272627 0.8681605 -3.218661 7.264371 0.8291383 -3.225729 7.264804 0.8063836 -3.221899 0 0 0 0 0 0 0 0 0 0 0 0 0 0 0 0 0 0 0 0 0 0 0 0
21 8.860755 0.9570479 -4.226533 8.777076 0.9507907 -4.213128 8.944434 0.963305 -4.239938 8.826334 0.5794004 -4.021891 9.01009 0.5685037 -4.109782 8.820349 0.1954548 -4.319835 9.033668 0.09723859 -4.227379 8.852453 1.066291 -4.227366 8.85432 1.21671 -4.210659 8.851638 1.462449 -4.19905 8.853264 1.540427 -4.190699 8.810711 1.408625 -4.19951 8.892799 1.41004 -4.21051 8.702442 1.389278 -4.189147 9.000914 1.394949 -4.227456 8.641098 1.155277 -4.222392 9.064331 1.161231 -4.258748 8.619209 0.9211585 -4.183762 9.117858 0.9290403 -4.256412 8.829764 0.0404019 -4.274705 9.048271 -0.007032655 -4.104574 0 0 0 0 0 0 0 0 0 8.630787 0.9147884 -4.16409 8.646086 0.8844381 -4.143087 8.65591 0.8484241 -4.134888 8.605037 0.8535741 -4.145765 8.59433 0.8197604 -4.136314 8.595233 0.8002917 -4.131896 8.591871 0.8486982 -4.163898 8.584064 0.8093376 -4.158364 8.588388 0.7867358 -4.156606 0 0 0 0 0 0 0 0 0 0 0 0 0 0 0 0 0 0 9.111212 0.9174641 -4.236831 9.104392 0.8822781 -4.219175 9.101305 0.8444479 -4.214693 9.14935 0.860132 -4.234682 9.164108 0.8265765 -4.236568 9.162902 0.8066551 -4.237597 9.159622 0.8608738 -4.255173 9.171196 0.8223525 -4.25997 9.166816 0.7998669 -4.262773 0 0 0 0 0 0 0 0 0 0 0 0 0 0 0 0 0 0 0 0 0 0 0 0
22 8.304868 0.9792107 -3.499258 8.256934 0.9837959 -3.569276 8.352801 0.9746253 -3.42924 8.167517 0.5741475 -3.521736 8.330577 0.5736627 -3.304087 8.277062 0.09991089 -3.550736 8.453823 0.1524487 -3.512917 8.312941 1.088462 -3.49763 8.304749 1.238473 -3.479242 8.306161 1.484275 -3.468824 8.297827 1.562071 -3.463225 8.289122 1.432695 -3.50909 8.328699 1.429387 -3.436397 8.243725 1.407934 -3.60671 8.386361 1.401524 -3.346384 8.273772 1.180138 -3.68936 8.445212 1.164833 -3.33461 8.246886 0.9455444 -3.72139 8.478872 0.9292237 -3.32285 8.151402 0.002020188 -3.578908 8.442254 -0.003348917 -3.470963 0 0 0 0 0 0 0 0 0 8.230737 0.9346943 -3.70786 8.215387 0.9009137 -3.693043 8.214649 0.8633594 -3.685979 8.22206 0.8719993 -3.735066 8.22125 0.8369418 -3.74591 8.223188 0.8171716 -3.743729 8.23882 0.8716025 -3.750715 8.241568 0.8320534 -3.75903 8.246006 0.8099055 -3.754295 0 0 0 0 0 0 0 0 0 0 0 0 0 0 0 0 0 0 8.458896 0.9171075 -3.31889 8.439691 0.8820729 -3.319141 8.433101 0.8449791 -3.325574 8.478362 0.8532918 -3.301722 8.488577 0.8182205 -3.298121 8.489536 0.7987042 -3.302312 8.500879 0.8542357 -3.305969 8.510821 0.814972 -3.305364 8.511158 0.7929114 -3.312135 0 0 0 0 0 0 0 0 0 0 0 0 0 0 0 0 0 0 0 0 0 0 0 0
23 7.851858 0.9929212 -3.218296 7.925188 0.995724 -3.175447 7.778529 0.9901186 -3.261146 7.996913 0.5829199 -3.235649 7.747824 0.5914876 -3.39183 7.932226 0.1021685 -3.173077 7.769014 0.1682301 -3.153871 7.844773 1.10214 -3.213315 7.840262 1.251775 -3.235623 7.827908 1.497186 -3.247868 7.831067 1.575172 -3.255685 7.862754 1.446908 -3.219056 7.794494 1.441148 -3.265629 7.947636 1.424735 -3.151922 7.70261 1.410274 -3.318618 7.974372 1.195283 -3.072791 7.651061 1.171761 -3.309709 8.025417 0.9629349 -3.058945 7.620189 0.9354981 -3.31281 8.055614 0.002959751 -3.20624 7.725655 0.02833071 -3.222537 0 0 0 0 0 0 0 0 0 8.034334 0.9528388 -3.078442 8.042666 0.9199447 -3.099534 8.041041 0.882579 -3.107403 8.0547 0.8897623 -3.059663 8.060323 0.854456 -3.051348 8.057663 0.8347396 -3.053236 8.046294 0.8885519 -3.03836 8.04779 0.8487375 -3.031052 8.041914 0.8266506 -3.034261 0 0 0 0 0 0 0 0 0 0 0 0 0 0 0 0 0 0 7.635766 0.9239171 -3.326405 7.652591 0.8892633 -3.337006 7.661404 0.852084 -3.336125 7.610532 0.8603142 -3.334406 7.599701 0.8252438 -3.334159 7.60058 0.8055319 -3.33099 7.592893 0.8606711 -3.319756 7.583603 0.8213187 -3.317318 7.586159 0.7989191 -3.312382 0 0 0 0 0 0 0 0 0 0 0 0 0 0 0 0 0 0 0 0 0 0 0 0
24 7.828097 0.9908441 -3.235539 7.756495 0.9845453 -3.190212 7.899699 0.9971426 -3.280867 7.786388 0.5581772 -3.17081 8.035687 0.5984778 -3.252714 7.8432 0.07807864 -3.274177 8.026163 0.1248931 -3.369206 7.824224 1.099963 -3.226496 7.818568 1.242407 -3.17564 7.817121 1.486589 -3.145604 7.823475 1.564622 -3.140758 7.786857 1.430037 -3.124197 7.842889 1.437813 -3.184708 7.712934 1.399138 -3.048142 7.907888 1.424075 -3.272969 7.658801 1.162304 -3.072718 7.925578 1.206588 -3.382566 7.62979 0.9269193 -3.095859 7.993303 0.9847603 -3.437234 7.796201 0.0008896217 -3.140014 8.148211 0.02349009 -3.400646 0 0 0 0 0 0 0 0 0 7.649929 0.9150397 -3.092002 7.670424 0.8808601 -3.094836 7.678832 0.8449828 -3.10498 7.631914 0.8490301 -3.083986 7.622751 0.8135021 -3.085037 7.622595 0.7945076 -3.091247 7.609702 0.8497819 -3.08964 7.60111 0.8104272 -3.093908 7.601782 0.7891346 -3.102785 0 0 0 0 0 0 0 0 0 0 0 0 0 0 0 0 0 0 8.00996 0.9746485 -3.423749 8.029551 0.941928 -3.411835 8.03564 0.9042798 -3.409331 8.029728 0.9177934 -3.457258 8.036221 0.8847916 -3.471956 8.03689 0.8648189 -3.472067 8.014296 0.9170486 -3.474206 8.017953 0.8788424 -3.487158 8.016463 0.8558901 -3.485257 0 0 0 0 0 0 0 0 0 0 0 0 0 0 0 0 0 0 0 0 0 0 0 0
25 8.021424 0.9941393 -3.11799 8.105181 0.9975477 -3.13193 7.937667 0.9907309 -3.104051 8.177549 0.597434 -3.245436 7.96563 0.5667503 -3.147884 8.207623 0.1182054 -3.159587 8.063085 0.08792987 -3.07829 8.016744 1.103593 -3.119352 7.983206 1.248131 -3.149221 7.96205 1.492444 -3.169047 7.961003 1.570459 -3.177139 8.007651 1.44347 -3.159334 7.925245 1.436018 -3.163239 8.115789 1.428607 -3.142339 7.819295 1.404749 -3.163968 8.20192 1.20832 -3.081675 7.790359 1.166428 -3.119351 8.276561 0.9823894 -3.094595 7.774439 0.9303499 -3.091126 8.306169 0.01917299 -3.241123 7.968177 -0.0002387539 -3.175169 0 0 0 0 0 0 0 0 0 8.27613 0.9726841 -3.11621 8.277333 0.9402552 -3.139517 8.276873 0.9026847 -3.146518 8.310853 0.913394 -3.111205 8.324183 0.8793978 -3.10748 8.323421 0.859445 -3.108304 8.314034 0.9120232 -3.088535 8.323887 0.8730149 -3.083834 8.320016 0.8502682 -3.08433 0 0 0 0 0 0 0 0 0 0 0 0 0 0 0 0 0 0 7.785052 0.9178289 -3.108218 7.799653 0.882817 -3.120761 7.811049 0.846357 -3.119516 7.763645 0.8528214 -3.100352 7.75635 0.8176546 -3.092777 7.759796 0.798505 -3.088218 7.752356 0.8542538 -3.080441 7.747584 0.8151478 -3.071017 7.753413 0.7935923 -3.065185 0 0 0 0 0 0 0 0 0 0 0 0 0 0 0 0 0 0 0 0 0 0 0 0
26 8.147536 0.9910068 -3.499209 8.112879 0.9879099 -3.421683 8.182194 0.9941036 -3.576736 8.178091 0.5687553 -3.412318 8.294796 0.585837 -3.54838 8.08894 0.09048488 -3.472915 8.270417 0.09872936 -3.600091 8.145895 1.100496 -3.49557 8.169936 1.24573 -3.46039 8.184581 1.490543 -3.440862 8.192433 1.568565 -3.438903 8.166445 1.435276 -3.40638 8.189703 1.440215 -3.485729 8.132187 1.407413 -3.30512 8.214421 1.420941 -3.59166 8.085132 1.169362 -3.277876 8.176918 1.196525 -3.680293 8.06191 0.9327498 -3.261803 8.197463 0.9659199 -3.736705 8.226137 0.005846762 -3.459501 8.393349 0.001791097 -3.559379 0 0 0 0 0 0 0 0 0 8.082087 0.9212598 -3.266538 8.100316 0.8873021 -3.277069 8.10455 0.8512806 -3.289122 8.070691 0.8552504 -3.250445 8.062789 0.8195841 -3.246875 8.060497 0.8004262 -3.252081 8.048145 0.8555401 -3.246258 8.039504 0.8159683 -3.245771 8.036901 0.7944513 -3.253701 0 0 0 0 0 0 0 0 0 0 0 0 0 0 0 0 0 0 8.216373 0.9549199 -3.727598 8.235623 0.9210721 -3.718647 8.238829 0.8832287 -3.714365 8.220373 0.8940977 -3.759704 8.219339 0.8596696 -3.77239 8.21818 0.8397855 -3.77076 8.200656 0.8939657 -3.771415 8.196976 0.8548129 -3.781129 8.194084 0.832352 -3.77668 0 0 0 0 0 0 0 0 0 0 0 0 0 0 0 0 0 0 0 0 0 0 0 0
27 8.523284 0.9946433 -3.659472 8.60188 0.997717 -3.691633 8.444688 0.9915696 -3.627312 8.583275 0.5791975 -3.759058 8.392847 0.5752119 -3.684952 8.630751 0.09907236 -3.671792 8.412441 0.09878292 -3.574935 8.522951 1.103782 -3.649855 8.51396 1.254556 -3.659579 8.507102 1.500455 -3.655576 8.502922 1.578322 -3.664073 8.549045 1.448429 -3.665887 8.470277 1.445817 -3.640384 8.652963 1.422056 -3.692513 8.370637 1.417863 -3.601728 8.725124 1.191432 -3.657436 8.333202 1.178606 -3.570426 8.763785 0.95724 -3.678465 8.303231 0.9422117 -3.5688 8.651234 0.001625739 -3.799272 8.358503 0.004466794 -3.694777 0 0 0 0 0 0 0 0 0 8.753292 0.9462783 -3.696667 8.74157 0.9125076 -3.714511 8.734893 0.8749221 -3.716383 8.781516 0.8835213 -3.699991 8.792147 0.8484265 -3.698372 8.789375 0.82872 -3.696542 8.793973 0.8832403 -3.680738 8.80146 0.8436885 -3.676219 8.795791 0.8216321 -3.672476 0 0 0 0 0 0 0 0 0 0 0 0 0 0 0 0 0 0 8.304163 0.9322768 -3.590294 8.309257 0.8994365 -3.612473 8.317625 0.8631872 -3.621232 8.284492 0.8667859 -3.581919 8.279163 0.8308882 -3.576418 8.283062 0.8112879 -3.57642 8.283521 0.8653423 -3.559052 8.28102 0.8252848 -3.553576 8.287459 0.803124 -3.553851 0 0 0 0 0 0 0 0 0 0 0 0 0 0 0 0 0 0 0 0 0 0 0 0
28 8.741199 0.9830499 -3.698801 8.685259 0.9774541 -3.635079 8.797139 0.9886456 -3.762523 8.685272 0.5756443 -3.510674 8.878801 0.5773521 -3.708632 8.553864 0.1699018 -3.743752 8.791948 0.09847751 -3.750696 8.731055 1.092139 -3.698126 8.735661 1.242309 -3.679788 8.729956 1.488104 -3.670754 8.738203 1.565814 -3.663967 8.704498 1.433029 -3.640905 8.752202 1.436622 -3.70853 8.63684 1.403897 -3.55858 8.808466 1.410619 -3.799973 8.582143 1.165975 -3.553464 8.787148 1.182456 -3.884308 8.550858 0.9298883 -3.545265 8.813851 0.9478803 -3.916619 8.557672 0.008710586 -3.730727 8.920636 0.001430772 -3.764415 0 0 0 0 0 0 0 0 0 8.570212 0.9181562 -3.53824 8.589924 0.8835201 -3.535391 8.598238 0.8466021 -3.540748 8.549702 0.8537555 -3.5249 8.539692 0.8184937 -3.522979 8.539585 0.7989362 -3.527085 8.528141 0.8542675 -3.532701 8.518892 0.8148381 -3.533492 8.519795 0.792688 -3.539909 0 0 0 0 0 0 0 0 0 0 0 0 0 0 0 0 0 0 8.828459 0.9364256 -3.901888 8.842042 0.902153 -3.886487 8.841503 0.8644493 -3.880249 8.838175 0.8740003 -3.929362 8.838891 0.8390903 -3.940679 8.836086 0.8193883 -3.938851 8.822902 0.8742624 -3.946467 8.81992 0.8349115 -3.955603 8.814465 0.8128592 -3.951531 0 0 0 0 0 0 0 0 0 0 0 0 0 0 0 0 0 0 0 0 0 0 0 0
29 8.644013 0.9915383 -3.744323 8.707835 0.9971231 -3.80015 8.580191 0.9859535 -3.688496 8.687575 0.5952208 -3.927478 8.537453 0.5650426 -3.684781 8.754252 0.115816 -3.867689 8.689038 0.1002702 -3.686665 8.638129 1.100861 -3.740114 8.595914 1.246101 -3.745739 8.576056 1.491294 -3.749653 8.571439 1.569247 -3.757066 8.618348 1.44095 -3.765436 8.545664 1.435692 -3.726055 8.718193 1.422326 -3.808886 8.45456 1.406305 -3.670916 8.816619 1.200498 -3.781874 8.458307 1.169962 -3.609655 8.871593 0.9721138 -3.82189 8.465117 0.9353698 -3.568385 8.794542 0.002343886 -3.975706 8.566965 -0.003790289 -3.665778 0 0 0 0 0 0 0 0 0 8.861882 0.9612773 -3.840594 8.853304 0.9276502 -3.860392 8.850492 0.8897642 -3.864577 8.896335 0.902131 -3.848395 8.910555 0.8683018 -3.849205 8.909868 0.8483382 -3.848605 8.909179 0.9019471 -3.829397 8.920795 0.8631853 -3.827552 8.917511 0.8404679 -3.82515 0 0 0 0 0 0 0 0 0 0 0 0 0 0 0 0 0 0 8.465322 0.9225747 -3.58833 8.471513 0.8873691 -3.606179 8.482206 0.8509411 -3.610585 8.451799 0.8576935 -3.569524 8.449873 0.8226522 -3.558768 8.455372 0.8035826 -3.556426 8.452596 0.8594477 -3.546672 8.453823 0.8204997 -3.535608 8.46204 0.7990466 -3.533397 0 0 0 0 0 0 0 0 0 0 0 0 0 0 0 0 0 0 0 0 0 0 0 0
30 8.560779 0.992292 -3.85379 8.509984 0.9861448 -3.785943 8.611573 0.998439 -3.921637 8.553555 0.5606707 -3.77729 8.75082 0.6009001 -3.948044 8.558925 0.07896391 -3.888009 8.696619 0.1269851 -4.049455 8.562515 1.101269 -3.842617 8.579423 1.242188 -3.79004 8.594471 1.485595 -3.757545 8.601614 1.563676 -3.755231 8.572792 1.429017 -3.727524 8.603168 1.437367 -3.804135 8.531322 1.397785 -3.630013 8.631343 1.425635 -3.910306 8.474772 1.160242 -3.630705 8.607821 1.211606 -4.025471 8.445199 0.9240119 -3.640885 8.644198 0.9913781 -4.108894 8.607273 0.001589313 -3.754433 8.809709 0.02840018 -4.109941 0 0 0 0 0 0 0 0 0 8.46531 0.9121389 -3.644905 8.483243 0.8779064 -3.655047 8.487216 0.8419281 -3.667317 8.451859 0.8462281 -3.630041 8.443064 0.8107056 -3.627202 8.440588 0.7916561 -3.632713 8.429169 0.8469608 -3.626792 8.419682 0.8075817 -3.627109 8.416958 0.7862087 -3.635381 0 0 0 0 0 0 0 0 0 0 0 0 0 0 0 0 0 0 8.663997 0.9803454 -4.101974 8.685152 0.9466891 -4.097969 8.690254 0.9088137 -4.0984 8.669191 0.9240136 -4.141292 8.669102 0.891314 -4.157967 8.668915 0.8713435 -4.158689 8.648965 0.924273 -4.152098 8.646588 0.8864042 -4.166281 8.644924 0.8634585 -4.164445 0 0 0 0 0 0 0 0 0 0 0 0 0 0 0 0 0 0 0 0 0 0 0 0
31 8.914908 0.9944409 -3.799047 8.99397 0.9989919 -3.829863 8.835847 0.9898896 -3.76823 8.988391 0.5941563 -3.958154 8.838996 0.569527 -3.834482 9.033377 0.1057109 -3.94302 8.905852 0.08736673 -3.764856 8.907627 1.103731 -3.801586 8.864654 1.244846 -3.835469 8.839185 1.488319 -3.859995 8.838172 1.566576 -3.865266 8.885904 1.43946 -3.85852 8.804653 1.43242 -3.844023 8.99477 1.423311 -3.868067 8.700066 1.403833 -3.822855 9.088848 1.203676 -3.817722 8.67668 1.165859 -3.773391 9.153845 0.9750463 -3.834663 8.664554 0.9299206 -3.742266 9.043866 0.0266838 -4.083773 8.865747 0.002040112 -3.896301 0 0 0 0 0 0 0 0 0 9.14782 0.9644707 -3.854996 9.14266 0.9310889 -3.876335 9.139965 0.8932832 -3.881258 9.181928 0.904627 -3.856221 9.195336 0.8705055 -3.85443 9.194139 0.8505595 -3.854117 9.190741 0.9041171 -3.835054 9.200972 0.865112 -3.831212 9.196815 0.842463 -3.829667 0 0 0 0 0 0 0 0 0 0 0 0 0 0 0 0 0 0 8.673018 0.917767 -3.760765 8.687359 0.883427 -3.775305 8.700786 0.8476456 -3.775719 8.656701 0.8518155 -3.749351 8.65262 0.8164089 -3.740574 8.657784 0.7975302 -3.736535 8.64862 0.8528971 -3.727916 8.647534 0.8137155 -3.717695 8.655377 0.7925776 -3.712764 0 0 0 0 0 0 0 0 0 0 0 0 0 0 0 0 0 0 0 0 0 0 0 0
32 9.074485 0.9929286 -4.221096 9.040238 0.9908421 -4.143353 9.108731 0.9950151 -4.298839 9.103497 0.5735187 -4.111726 9.184479 0.5788994 -4.271937 8.987134 0.09899458 -4.133813 9.109447 0.09919175 -4.335634 9.065447 1.102112 -4.222147 9.078186 1.252344 -4.208861 9.076321 1.498194 -4.199733 9.085674 1.575996 -4.196209 9.059895 1.443359 -4.16374 9.086983 1.446468 -4.241959 9.018744 1.415388 -4.06511 9.116138 1.42159 -4.345567 8.985447 1.176423 -4.027538 9.080714 1.192589 -4.422566 8.982004 0.939939 -3.998445 9.101647 0.9591259 -4.465457 9.121885 0.01465734 -4.103882 9.238289 0.001665018 -4.343064 0 0 0 0 0 0 0 0 0 9.003405 0.9298493 -3.999777 9.025268 0.8969348 -4.00569 9.033652 0.8607774 -4.014806 8.99469 0.8640833 -3.981204 8.988948 0.8281404 -3.976468 8.988755 0.8086141 -3.980717 8.971823 0.862807 -3.980021 8.966045 0.8227558 -3.978187 8.96608 0.800713 -3.985024 0 0 0 0 0 0 0 0 0 0 0 0 0 0 0 0 0 0 9.119922 0.9481769 -4.455078 9.137934 0.9144039 -4.443621 9.139978 0.8767822 -4.437203 9.123453 0.8856179 -4.483714 9.121962 0.8505862 -4.494571 9.120217 0.8308549 -4.491924 9.104173 0.8853329 -4.496127 9.099804 0.8458118 -4.503863 9.096162 0.8237038 -4.498331 0 0 0 0 0 0 0 0 0 0 0 0 0 0 0 0 0 0 0 0 0 0 0 0
33 9.229446 0.9895305 -4.441914 9.303189 0.9936754 -4.483937 9.155703 0.9853854 -4.39989 9.268764 0.5782005 -4.558819 9.037125 0.5872386 -4.465816 9.303372 0.09859367 -4.467628 9.205653 0.1882592 -4.245284 9.229544 1.098546 -4.43099 9.215217 1.249037 -4.438464 9.208761 1.494931 -4.433624 9.20388 1.572685 -4.442759 9.249483 1.44292 -4.448075 9.173628 1.440275 -4.414899 9.350363 1.41624 -4.484338 9.079079 1.411447 -4.365572 9.424829 1.185954 -4.451968 9.056046 1.172451 -4.321127 9.459679 0.9513495 -4.474976 9.034792 0.9359698 -4.300933 9.329205 0.001435585 -4.594355 9.193289 0.03205893 -4.285475 0 0 0 0 0 0 0 0 0 9.447805 0.9403017 -4.492254 9.435209 0.9064218 -4.509279 9.429165 0.8687173 -4.510889 9.476895 0.8781869 -4.498705 9.48835 0.8433158 -4.498381 9.48616 0.8235417 -4.496491 9.491051 0.878029 -4.480661 9.499728 0.8386136 -4.477207 9.494877 0.8164139 -4.473172 0 0 0 0 0 0 0 0 0 0 0 0 0 0 0 0 0 0 9.03231 0.9249486 -4.321764 9.033941 0.8910038 -4.342774 9.04098 0.854329 -4.350908 9.014576 0.8600318 -4.307017 9.010384 0.8244786 -4.298913 9.014331 0.8048914 -4.298545 9.017297 0.8597598 -4.284247 9.015913 0.8200416 -4.276412 9.022337 0.7978756 -4.27659 0 0 0 0 0 0 0 0 0 0 0 0 0 0 0 0 0 0 0 0 0 0 0 0
34 9.312246 0.9876519 -4.355894 9.244802 0.9831389 -4.304395 9.37969 0.9921651 -4.407392 9.209579 0.5671683 -4.248226 9.484169 0.5886322 -4.339735 9.219395 0.116144 -4.430893 9.42066 0.1066551 -4.381676 9.307144 1.097056 -4.352987 9.304516 1.243955 -4.316627 9.30426 1.489464 -4.300661 9.31066 1.567394 -4.294424 9.273772 1.434379 -4.275995 9.329729 1.4384 -4.336939 9.196688 1.405777 -4.202214 9.397038 1.416746 -4.421818 9.136148 1.16961 -4.215825 9.387379 1.194001 -4.521399 9.095573 0.9350653 -4.227012 9.427012 0.9625648 -4.562008 9.18665 -0.008400589 -4.333 9.540228 0.003168769 -4.415751 0 0 0 0 0 0 0 0 0 9.114451 0.9221943 -4.220725 9.13292 0.8867688 -4.220207 9.139983 0.850045 -4.228097 9.091604 0.8577837 -4.212045 9.080356 0.8228495 -4.212654 9.079599 0.8036428 -4.218123 9.070136 0.8596013 -4.219904 9.059525 0.8206753 -4.223507 9.059704 0.7990096 -4.231458 0 0 0 0 0 0 0 0 0 0 0 0 0 0 0 0 0 0 9.44116 0.9507442 -4.547119 9.454962 0.9160829 -4.532821 9.455266 0.8780959 -4.528619 9.454278 0.8902047 -4.577269 9.456689 0.8559961 -4.590355 9.454407 0.8361525 -4.589726 9.439943 0.8909642 -4.595153 9.438684 0.8520996 -4.606503 9.43371 0.829713 -4.603907 0 0 0 0 0 0 0 0 0 0 0 0 0 0 0 0 0 0 0 0 0 0 0 0
35 9.303135 0.9910061 -4.306835 9.378647 0.9972283 -4.34531 9.227623 0.9847838 -4.26836 9.424669 0.5986397 -4.476583 9.225996 0.558447 -4.304819 9.519787 0.1250255 -4.408818 9.342623 0.07799473 -4.300554 9.293278 1.10011 -4.308535 9.246063 1.242306 -4.329973 9.218925 1.486387 -4.34471 9.218054 1.56442 -4.352651 9.265821 1.437717 -4.346748 9.185192 1.429794 -4.329492 9.374958 1.424342 -4.357419 9.08208 1.398767 -4.304818 9.479181 1.207275 -4.316872 9.075575 1.16186 -4.246017 9.562028 0.9858021 -4.346354 9.080998 0.9263582 -4.210064 9.610126 0.02467128 -4.497894 9.2042 0.001020692 -4.333431 0 0 0 0 0 0 0 0 0 9.55886 0.9755843 -4.367499 9.5585 0.9427527 -4.390265 9.559372 0.9050708 -4.396596 9.597679 0.918672 -4.367204 9.613585 0.8856551 -4.365156 9.613989 0.8656794 -4.36558 9.604436 0.9180315 -4.345298 9.61739 0.8798227 -4.341674 9.61496 0.8568759 -4.341247 0 0 0 0 0 0 0 0 0 0 0 0 0 0 0 0 0 0 9.088 0.9144992 -4.229349 9.100949 0.8803378 -4.245524 9.113991 0.8444701 -4.247573 9.071956 0.848466 -4.218021 9.0682 0.812929 -4.209636 9.073471 0.7939372 -4.206332 9.065448 0.8491958 -4.196043 9.06475 0.8098339 -4.186504 9.072737 0.788546 -4.182547 0 0 0 0 0 0 0 0 0 0 0 0 0 0 0 0 0 0 0 0 0 0 0 0
36 9.298512 0.9955874 -4.564933 9.243896 0.9897152 -4.500096 9.353127 1.00146 -4.62977 9.305095 0.5680563 -4.482649 9.489002 0.601039 -4.600064 9.280121 0.0844818 -4.573851 9.48305 0.114223 -4.653646 9.299829 1.104589 -4.55395 9.321019 1.243915 -4.498745 9.340764 1.486191 -4.460769 9.344505 1.564513 -4.458655 9.314517 1.429958 -4.433913 9.352285 1.438361 -4.507157 9.264896 1.399872 -4.339911 9.391071 1.425099 -4.60974 9.208272 1.162349 -4.338737 9.369941 1.209362 -4.72215 9.174742 0.9264658 -4.34295 9.402775 0.9841406 -4.79272 9.380919 0.002111278 -4.477822 9.621966 0.03200247 -4.664081 0 0 0 0 0 0 0 0 0 9.194828 0.9143011 -4.346131 9.212672 0.8798581 -4.355701 9.216644 0.8439075 -4.368052 9.179675 0.8485118 -4.332412 9.170202 0.813115 -4.330256 9.167686 0.7941468 -4.336022 9.156874 0.8495842 -4.330206 9.146795 0.810365 -4.331264 9.144123 0.7890968 -4.339817 0 0 0 0 0 0 0 0 0 0 0 0 0 0 0 0 0 0 9.420777 0.9727041 -4.782391 9.439705 0.9385221 -4.774045 9.443338 0.9005059 -4.772524 9.429976 0.9148658 -4.818671 9.431273 0.8816147 -4.834163 9.430429 0.8616486 -4.834311 9.411751 0.9154177 -4.832582 9.410196 0.8771687 -4.845828 9.407373 0.8543716 -4.8436 0 0 0 0 0 0 0 0 0 0 0 0 0 0 0 0 0 0 0 0 0 0 0 0
37 9.711826 1.001452 -4.550264 9.796263 1.001393 -4.559837 9.62739 1.001511 -4.540691 9.77247 0.5829788 -4.622197 9.581593 0.5818457 -4.595874 9.773767 0.1072747 -4.506477 9.54273 0.1001794 -4.503716 9.712622 1.110827 -4.543925 9.71489 1.261573 -4.5573 9.722183 1.507491 -4.556766 9.72518 1.585663 -4.562528 9.762074 1.452954 -4.559331 9.680118 1.455359 -4.547547 9.868597 1.424812 -4.567369 9.575247 1.428725 -4.525266 9.915328 1.185508 -4.554164 9.532849 1.194579 -4.470467 9.946081 0.9493319 -4.561781 9.495453 0.9595669 -4.458056 9.786146 0.003707975 -4.630119 9.478513 0.00155396 -4.614694 0 0 0 0 0 0 0 0 0 9.936357 0.9396335 -4.581093 9.923464 0.9062737 -4.598904 9.913261 0.8696738 -4.603041 9.958603 0.8744599 -4.582985 9.971808 0.8403723 -4.579677 9.97368 0.8205664 -4.577782 9.969093 0.8727676 -4.562662 9.980289 0.8341022 -4.558137 9.981168 0.8112051 -4.555381 0 0 0 0 0 0 0 0 0 0 0 0 0 0 0 0 0 0 9.496561 0.9485616 -4.479014 9.501579 0.9151452 -4.500333 9.510219 0.8782104 -4.505017 9.47568 0.8838859 -4.467737 9.475449 0.847775 -4.461161 9.484743 0.8300912 -4.461673 9.474321 0.8835973 -4.444846 9.479053 0.8441777 -4.436811 9.492763 0.8256171 -4.437232 0 0 0 0 0 0 0 0 0 0 0 0 0 0 0 0 0 0 0 0 0 0 0 0
38 9.633397 1.000475 -4.544429 9.717779 1.000158 -4.554462 9.549015 1.000793 -4.534395 9.757882 0.5867562 -4.639544 9.56044 0.578455 -4.586571 9.806694 0.1071294 -4.55259 9.618671 0.09842196 -4.496398 9.634542 1.109857 -4.53825 9.622708 1.259891 -4.554318 9.614534 1.505755 -4.557923 9.613892 1.58395 -4.564095 9.657846 1.453834 -4.557256 9.575363 1.451196 -4.550097 9.766045 1.431587 -4.558649 9.470919 1.418918 -4.53419 9.826506 1.196621 -4.531079 9.437525 1.183907 -4.476923 9.864526 0.9620143 -4.54832 9.411869 0.9479765 -4.45544 9.856741 0.005775534 -4.668303 9.532087 0.001257084 -4.592466 0 0 0 0 0 0 0 0 0 9.858595 0.9530676 -4.569448 9.852106 0.9204554 -4.591599 9.846807 0.8833841 -4.59924 9.887869 0.8907898 -4.572701 9.904011 0.8578483 -4.571442 9.907196 0.8381203 -4.571622 9.89566 0.8884317 -4.551261 9.909552 0.8504317 -4.549294 9.911427 0.8274316 -4.548944 0 0 0 0 0 0 0 0 0 0 0 0 0 0 0 0 0 0 9.415565 0.9349959 -4.474918 9.424348 0.8995013 -4.491021 9.435736 0.8630179 -4.491198 9.399675 0.8701475 -4.457938 9.39319 0.8357493 -4.446892 9.39633 0.8163962 -4.443022 9.39658 0.8721272 -4.435301 9.394075 0.8337137 -4.422692 9.400017 0.8119344 -4.417896 0 0 0 0 0 0 0 0 0 0 0 0 0 0 0 0 0 0 0 0 0 0 0 0
39 9.678988 1.00114 -4.563811 9.763001 1.00115 -4.551051 9.594974 1.00113 -4.576571 9.754582 0.5815537 -4.6131 9.566958 0.5810973 -4.640799 9.729406 0.104042 -4.505179 9.503967 0.09937003 -4.56283 9.677982 1.110502 -4.557278 9.683186 1.261329 -4.568797 9.688332 1.507281 -4.565578 9.692204 1.585521 -4.56963 9.727941 1.453001 -4.558027 9.645683 1.454847 -4.567617 9.83318 1.425503 -4.538734 9.538885 1.42715 -4.573126 9.876429 1.186372 -4.514843 9.485986 1.192734 -4.529816 9.909557 0.9503948 -4.515197 9.449032 0.957337 -4.527421 9.773319 0.002071343 -4.622825 9.471732 0.0007586107 -4.686941 0 0 0 0 0 0 0 0 0 9.904998 0.9408078 -4.536383 9.897188 0.9074259 -4.556901 9.888587 0.8707885 -4.56357 9.927334 0.8757207 -4.533086 9.940592 0.8421144 -4.526595 9.943106 0.8224342 -4.524199 9.932439 0.8739123 -4.510802 9.943573 0.83562 -4.50369 9.945214 0.8127951 -4.500696 0 0 0 0 0 0 0 0 0 0 0 0 0 0 0 0 0 0 9.455608 0.9463686 -4.547371 9.46629 0.9129626 -4.56651 9.476349 0.876149 -4.568587 9.433696 0.8813187 -4.541503 9.43101 0.8452587 -4.535196 9.439311 0.8271841 -4.533252 9.426586 0.8809889 -4.519702 9.42836 0.8415554 -4.510609 9.440767 0.8223764 -4.507308 0 0 0 0 0 0 0 0 0 0 0 0 0 0 0 0 0 0 0 0 0 0 0 0
