Hips LeftUpperLeg RightUpperLeg LeftLowerLeg RightLowerLeg LeftFoot RightFoot Spine Chest Neck Head LeftShoulder RightShoulder LeftUpperArm RightUpperArm LeftLowerArm RightLowerArm LeftHand RightHand LeftToes RightToes LeftEye RightEye Jaw LeftThumbProximal LeftThumbIntermediate LeftThumbDistal LeftIndexProximal LeftIndexIntermediate LeftIndexDistal LeftMiddleProximal LeftMiddleIntermediate LeftMiddleDistal LeftRingProximal LeftRingIntermediate LeftRingDistal LeftLittleProximal LeftLittleIntermediate LeftLittleDistal RightThumbProximal RightThumbIntermediate RightThumbDistal RightIndexProximal RightIndexIntermediate RightIndexDistal RightMiddleProximal RightMiddleIntermediate RightMiddleDistal RightRingProximal RightRingIntermediate RightRingDistal RightLittleProximal RightLittleIntermediate RightLittleDistal UpperChest LastBone
0 3.092023 1.00576 6.757098 3.02876 1.004974 6.700368 3.155285 1.006545 6.813829 2.988287 0.5836117 6.740138 3.136291 0.5847645 6.866585 3.034039 0.1030064 6.649199 3.216007 0.1037243 6.803659 3.09584 1.115103 6.751328 3.086036 1.265875 6.760272 3.083461 1.511861 6.756563 3.07798 1.590099 6.757885 3.054587 1.457783 6.728029 3.117932 1.459251 6.781385 2.977479 1.430805 6.653664 3.203758 1.430625 6.844775 2.954257 1.191854 6.609076 3.272412 1.19663 6.832198 2.926852 0.9559695 6.589323 3.303058 0.9608349 6.847827 2.940658 0.003931843 6.736554 3.184535 0.005594455 6.928346 0 0 0 0 0 0 0 0 0 2.919085 0.9455763 6.609152 2.914734 0.911948 6.630283 2.91891 0.8752067 6.639948 2.903473 0.8807417 6.591866 2.900375 0.8453327 6.582706 2.903637 0.825619 6.583021 2.911597 0.8797907 6.57044 2.911061 0.8401496 6.562127 2.916496 0.8177586 6.563451 0 0 0 0 0 0 0 0 0 0 0 0 0 0 0 0 0 0 3.287333 0.9491935 6.861197 3.269499 0.9148764 6.871228 3.26104 0.8778756 6.86674 3.310349 0.8844162 6.865696 3.319795 0.8490452 6.863051 3.316976 0.8298487 6.858263 3.3277 0.8848287 6.850705 3.334844 0.845545 6.843879 3.329762 0.8243951 6.836166 0 0 0 0 0 0 0 0 0 0 0 0 0 0 0 0 0 0 0 0 0 0 0 0
1 3.108099 1.005538 6.768584 3.045783 1.004105 6.710828 3.170415 1.006969 6.82634 2.992648 0.5839981 6.745545 3.144269 0.5849825 6.873373 3.030534 0.1043726 6.647882 3.213642 0.1038473 6.800494 3.112424 1.114765 6.761209 3.102427 1.265515 6.770315 3.10062 1.511502 6.766265 3.095203 1.589752 6.766983 3.07219 1.45747 6.737205 3.134424 1.458826 6.791856 2.996643 1.430725 6.661172 3.218706 1.429587 6.857012 2.97541 1.191545 6.616824 3.285265 1.194952 6.845133 2.949371 0.9555534 6.596505 3.312935 0.9588725 6.861986 2.937016 0.004853927 6.734583 3.181911 0.006289922 6.925563 0 0 0 0 0 0 0 0 0 2.941153 0.9448575 6.615989 2.936667 0.9105652 6.635995 2.940973 0.8736674 6.644983 2.92692 0.8800086 6.5976 2.921344 0.8458461 6.585389 2.922002 0.826024 6.582933 2.935691 0.8793833 6.57642 2.932254 0.8406566 6.565051 2.934319 0.8177579 6.563044 0 0 0 0 0 0 0 0 0 0 0 0 0 0 0 0 0 0 3.296768 0.9473142 6.874893 3.278471 0.9129623 6.883922 3.2696 0.876204 6.878363 3.318068 0.8818718 6.878011 3.329252 0.8469405 6.87659 3.328518 0.8273327 6.872799 3.33559 0.8822065 6.86322 3.344516 0.8430724 6.857771 3.342057 0.8210607 6.851285 0 0 0 0 0 0 0 0 0 0 0 0 0 0 0 0 0 0 0 0 0 0 0 0
2 3.126085 1.00441 6.774347 3.064178 1.003222 6.716146 3.187992 1.005598 6.832547 2.995161 0.5852171 6.746651 3.154572 0.5842861 6.879187 3.020214 0.1055306 6.645863 3.208136 0.1029427 6.796583 3.13015 1.1137 6.767793 3.118632 1.264189 6.779141 3.115833 1.510198 6.778071 3.110758 1.58847 6.778883 3.087695 1.456408 6.748286 3.149788 1.457353 6.803105 3.012225 1.430321 6.671948 3.233663 1.427073 6.868311 2.992735 1.191556 6.624657 3.301812 1.193053 6.853626 2.967501 0.9557348 6.601542 3.330369 0.9570094 6.86946 2.930384 0.00148388 6.731137 3.17673 0.004977487 6.921416 0 0 0 0 0 0 0 0 0 2.958658 0.9448118 6.620623 2.953246 0.9100143 6.639495 2.956785 0.8728419 6.647647 2.943965 0.8805175 6.600712 2.936398 0.8477397 6.586027 2.93517 0.8283167 6.581487 2.953243 0.8801443 6.579742 2.947522 0.842537 6.565822 2.94719 0.8199062 6.561308 0 0 0 0 0 0 0 0 0 0 0 0 0 0 0 0 0 0 3.314204 0.9450781 6.882026 3.296231 0.9103207 6.890101 3.287692 0.8736575 6.883494 3.335623 0.879615 6.883417 3.348305 0.8451913 6.882198 3.348988 0.8255228 6.878726 3.353168 0.88038 6.868668 3.363605 0.8416082 6.863317 3.362849 0.81937 6.85719 0 0 0 0 0 0 0 0 0 0 0 0 0 0 0 0 0 0 0 0 0 0 0 0
3 3.133262 1.003018 6.779239 3.070717 1.002149 6.721719 3.195806 1.003887 6.836759 3.001063 0.5839667 6.75015 3.160439 0.5825437 6.882255 3.020381 0.1045848 6.645949 3.206289 0.1009733 6.795965 3.137358 1.112333 6.773134 3.127341 1.262903 6.784831 3.126229 1.508927 6.785204 3.122386 1.587241 6.78744 3.097239 1.455504 6.755577 3.160221 1.455707 6.809381 3.020282 1.430387 6.680408 3.244565 1.423799 6.873189 3.001481 1.191805 6.631932 3.316591 1.191181 6.855124 2.975922 0.9560269 6.608733 3.348737 0.9555408 6.870069 2.929291 0.00223466 6.731936 3.175817 0.003168367 6.921154 0 0 0 0 0 0 0 0 0 2.966203 0.9458705 6.627811 2.957575 0.9114973 6.64626 2.957513 0.8740609 6.653959 2.945121 0.883486 6.607567 2.933447 0.8525241 6.591681 2.929455 0.8337859 6.585997 2.95415 0.8823735 6.586515 2.943736 0.8463293 6.571246 2.94006 0.824339 6.565283 0 0 0 0 0 0 0 0 0 0 0 0 0 0 0 0 0 0 3.33304 0.9430371 6.882671 3.315767 0.9077955 6.890156 3.307581 0.8712209 6.88267 3.355306 0.8778509 6.881617 3.368718 0.8437556 6.879395 3.369887 0.824178 6.875558 3.372467 0.8792757 6.86647 3.383669 0.8409051 6.85991 3.383491 0.8187861 6.853326 0 0 0 0 0 0 0 0 0 0 0 0 0 0 0 0 0 0 0 0 0 0 0 0
4 3.129841 1.001948 6.780823 3.06605 1.001901 6.724681 3.193631 1.001995 6.836965 3.014685 0.5803231 6.753154 3.161108 0.5807232 6.884368 3.029192 0.1004154 6.646518 3.210645 0.09947427 6.798916 3.134305 1.111297 6.775659 3.125251 1.262109 6.784731 3.126246 1.508133 6.784084 3.12402 1.586533 6.785229 3.09584 1.454844 6.755658 3.160562 1.454718 6.807356 3.016165 1.430042 6.683268 3.246103 1.421629 6.86893 2.993453 1.191653 6.635523 3.318792 1.18965 6.845972 2.965334 0.9560969 6.613039 3.349096 0.9537862 6.861229 2.935931 0.001000248 6.733613 3.180793 0.001540147 6.924154 0 0 0 0 0 0 0 0 0 2.956376 0.9465389 6.632787 2.948113 0.9126869 6.652334 2.947848 0.8754236 6.660828 2.93339 0.8840701 6.615028 2.920284 0.8533045 6.599895 2.915463 0.8347142 6.594369 2.94139 0.8823305 6.593606 2.929482 0.8464479 6.579065 2.924816 0.8246264 6.573174 0 0 0 0 0 0 0 0 0 0 0 0 0 0 0 0 0 0 3.333917 0.9411735 6.874346 3.316681 0.9059572 6.882031 3.307824 0.8695835 6.874333 3.355642 0.8758733 6.87118 3.368234 0.8415886 6.867531 3.36863 0.8220984 6.863132 3.372086 0.8774421 6.855272 3.382312 0.8391123 6.847079 3.381179 0.8172442 6.83979 0 0 0 0 0 0 0 0 0 0 0 0 0 0 0 0 0 0 0 0 0 0 0 0
5 3.115658 1.001256 6.773296 3.049847 1.000981 6.719538 3.181468 1.001532 6.827055 3.012363 0.5781682 6.752407 3.15631 0.5801741 6.879448 3.033915 0.09792527 6.648003 3.214249 0.09818312 6.802773 3.119822 1.110593 6.767638 3.112509 1.261549 6.775839 3.11584 1.507539 6.773179 3.113287 1.585938 6.77342 3.083827 1.454339 6.746399 3.150532 1.453966 6.79551 3.000881 1.429679 6.67773 3.237561 1.420085 6.854517 2.971821 1.191338 6.633301 3.306429 1.187311 6.828096 2.939189 0.9559606 6.615541 3.330145 0.9507885 6.844764 2.940835 -0.001247324 6.735568 3.184391 -0.0002304688 6.927634 0 0 0 0 0 0 0 0 0 2.932105 0.9466226 6.636137 2.927508 0.9131193 6.657414 2.930506 0.8763191 6.66729 2.912816 0.8819813 6.622154 2.901389 0.8497566 6.608801 2.897783 0.8306534 6.604171 2.919685 0.8799217 6.600371 2.909922 0.8427232 6.587653 2.906712 0.8204094 6.582709 0 0 0 0 0 0 0 0 0 0 0 0 0 0 0 0 0 0 3.314963 0.9386559 6.858324 3.296718 0.9040746 6.866545 3.286399 0.8680174 6.859186 3.334606 0.8727242 6.854681 3.34505 0.8378273 6.85016 3.343772 0.8184703 6.845359 3.35064 0.8737763 6.838317 3.358499 0.8351257 6.829087 3.355373 0.8136399 6.821262 0 0 0 0 0 0 0 0 0 0 0 0 0 0 0 0 0 0 0 0 0 0 0 0
6 3.093974 1.00086 6.758371 3.026563 1.000542 6.706634 3.161384 1.001178 6.81011 2.999701 0.5774986 6.745636 3.144916 0.5799226 6.86839 3.035854 0.09667715 6.648484 3.215448 0.09746762 6.804475 3.098036 1.110184 6.752406 3.090998 1.261203 6.759619 3.095823 1.507146 6.75539 3.095817 1.585586 6.755796 3.062576 1.454008 6.730028 3.130908 1.453473 6.776848 2.977278 1.42946 6.664262 3.219782 1.419536 6.833003 2.944772 1.190968 6.623155 3.284951 1.185848 6.805295 2.909574 0.9556754 6.609692 3.308223 0.9492506 6.821521 2.94253 -0.002092041 6.736245 3.185471 -0.001348414 6.928988 0 0 0 0 0 0 0 0 0 2.903499 0.9467382 6.630781 2.899586 0.9136558 6.65284 2.902586 0.876962 6.663103 2.882457 0.8822359 6.618831 2.870309 0.8498234 6.606618 2.866573 0.8306088 6.602592 2.888074 0.8797656 6.596734 2.877639 0.842405 6.585068 2.874337 0.8199763 6.580744 0 0 0 0 0 0 0 0 0 0 0 0 0 0 0 0 0 0 3.293435 0.9374666 6.835804 3.275467 0.9031528 6.845605 3.265149 0.8668172 6.839773 3.313643 0.8716278 6.834075 3.323086 0.8364139 6.829817 3.320712 0.8171182 6.825191 3.329336 0.8722479 6.817363 3.336105 0.8333333 6.808381 3.331599 0.8120463 6.800688 0 0 0 0 0 0 0 0 0 0 0 0 0 0 0 0 0 0 0 0 0 0 0 0
7 3.076594 1.000698 6.742935 3.008103 1.000568 6.692634 3.145085 1.000828 6.793235 2.988487 0.5779577 6.738568 3.137019 0.5800517 6.858304 3.039121 0.09691139 6.65018 3.217811 0.09734788 6.807361 3.080585 1.110037 6.737217 3.073276 1.261018 6.744946 3.07636 1.506981 6.740226 3.076661 1.585403 6.741904 3.043147 1.45357 6.715397 3.112091 1.453587 6.761314 2.957335 1.428294 6.650582 3.20271 1.421389 6.815676 2.92473 1.189661 6.610382 3.266357 1.186976 6.790689 2.889689 0.9543547 6.596748 3.292333 0.9504467 6.803423 2.945505 -0.001669087 6.737841 3.187537 -0.001825489 6.931518 0 0 0 0 0 0 0 0 0 2.883918 0.9450808 6.617778 2.880321 0.9117166 6.639462 2.883461 0.8748828 6.649167 2.862644 0.8807947 6.605098 2.8509 0.8483049 6.592697 2.847624 0.8290102 6.588653 2.867932 0.8786792 6.582883 2.858002 0.8412886 6.570875 2.855295 0.8187897 6.566504 0 0 0 0 0 0 0 0 0 0 0 0 0 0 0 0 0 0 3.277566 0.9389458 6.817957 3.25942 0.9049566 6.82853 3.248946 0.8685374 6.823564 3.297902 0.8731242 6.817653 3.306223 0.8376283 6.813398 3.30277 0.818523 6.808661 3.313593 0.8734128 6.800931 3.319206 0.8343231 6.791912 3.313388 0.8134175 6.784054 0 0 0 0 0 0 0 0 0 0 0 0 0 0 0 0 0 0 0 0 0 0 0 0
8 3.064738 1.000948 6.731264 2.996135 1.001044 6.681116 3.133341 1.000851 6.781411 2.980362 0.5790476 6.732891 3.126623 0.5801268 6.847792 3.041741 0.09788563 6.652976 3.220554 0.09844335 6.809987 3.068749 1.110309 6.725987 3.06013 1.261217 6.733788 3.059585 1.507192 6.728771 3.055439 1.585511 6.730131 3.027265 1.453265 6.703879 3.09602 1.45436 6.750066 2.942173 1.426624 6.638663 3.187865 1.425188 6.804076 2.912353 1.187696 6.598055 3.252992 1.190511 6.786469 2.880563 0.9519723 6.583673 3.284545 0.9546661 6.799305 2.948307 -0.0004564896 6.741098 3.19016 -0.0003356114 6.934429 0 0 0 0 0 0 0 0 0 2.875057 0.9425501 6.604707 2.872682 0.909221 6.626613 2.87724 0.8726004 6.636559 2.8564 0.8774312 6.592157 2.84661 0.8442063 6.580009 2.844646 0.8246716 6.57628 2.861878 0.8754495 6.569976 2.85416 0.8374569 6.558237 2.85303 0.8147518 6.554257 0 0 0 0 0 0 0 0 0 0 0 0 0 0 0 0 0 0 3.269562 0.9435885 6.813946 3.251223 0.9100474 6.825565 3.241064 0.8733661 6.822096 3.290965 0.8781891 6.817257 3.297228 0.842268 6.813043 3.291728 0.8237776 6.807825 3.307116 0.8779839 6.800978 3.310702 0.8386223 6.792109 3.302402 0.8187733 6.783757 0 0 0 0 0 0 0 0 0 0 0 0 0 0 0 0 0 0 0 0 0 0 0 0
