Hips LeftUpperLeg RightUpperLeg LeftLowerLeg RightLowerLeg LeftFoot RightFoot Spine Chest Neck Head LeftShoulder RightShoulder LeftUpperArm RightUpperArm LeftLowerArm RightLowerArm LeftHand RightHand LeftToes RightToes LeftEye RightEye Jaw LeftThumbProximal LeftThumbIntermediate LeftThumbDistal LeftIndexProximal LeftIndexIntermediate LeftIndexDistal LeftMiddleProximal LeftMiddleIntermediate LeftMiddleDistal LeftRingProximal LeftRingIntermediate LeftRingDistal LeftLittleProximal LeftLittleIntermediate LeftLittleDistal RightThumbProximal RightThumbIntermediate RightThumbDistal RightIndexProximal RightIndexIntermediate RightIndexDistal RightMiddleProximal RightMiddleIntermediate RightMiddleDistal RightRingProximal RightRingIntermediate RightRingDistal RightLittleProximal RightLittleIntermediate RightLittleDistal UpperChest LastBone
0 9.207448 1.001871 -4.954614 9.292415 1.001805 -4.953265 9.122481 1.001936 -4.955963 9.312044 0.5800669 -5.007547 9.116179 0.5806541 -5.013123 9.369746 0.1001428 -4.916659 9.132668 0.09933849 -4.915996 9.207424 1.11122 -4.947794 9.208292 1.26204 -4.960481 9.207979 1.508063 -4.959094 9.209032 1.586465 -4.961323 9.249553 1.454768 -4.957206 9.166758 1.454648 -4.954631 9.357141 1.429945 -4.953733 9.061714 1.421507 -4.946209 9.405539 1.191558 -4.932429 9.021382 1.189518 -4.881558 9.441712 0.9560326 -4.93393 8.988824 0.9535745 -4.874251 9.384687 0.0007454976 -5.043402 9.074623 0.001354538 -5.030873 0 0 0 0 0 0 0 0 0 9.43573 0.9465039 -4.954787 9.429239 0.9126816 -4.97504 9.42378 0.8754427 -4.981691 9.464464 0.8839049 -4.956114 9.484124 0.8530622 -4.953025 9.491306 0.8344463 -4.951914 9.472208 0.8821276 -4.934601 9.490551 0.8461736 -4.931181 9.497843 0.8243278 -4.929688 0 0 0 0 0 0 0 0 0 0 0 0 0 0 0 0 0 0 8.99195 0.9410001 -4.894093 9.00025 0.9058422 -4.911161 9.01212 0.8695126 -4.911083 8.977669 0.8756265 -4.877708 8.970634 0.8412803 -4.866838 8.973322 0.8218006 -4.863275 8.975423 0.8771558 -4.854937 8.973158 0.8387966 -4.842119 8.978909 0.8169627 -4.83734 0 0 0 0 0 0 0 0 0 0 0 0 0 0 0 0 0 0 0 0 0 0 0 0
1 9.290357 1.003159 -4.954477 9.375295 1.002995 -4.957043 9.205419 1.003324 -4.95191 9.35751 0.5821295 -5.013986 9.162784 0.5834401 -5.007967 9.356213 0.1012184 -4.914183 9.117532 0.10224 -4.916281 9.290729 1.112593 -4.949187 9.293276 1.263164 -4.964362 9.301022 1.509064 -4.965872 9.305712 1.587157 -4.971572 9.340858 1.454457 -4.96406 9.258162 1.457086 -4.960081 9.447578 1.426003 -4.961822 9.151617 1.430766 -4.947464 9.49332 1.186911 -4.942645 9.104712 1.197423 -4.892911 9.525019 0.9507495 -4.945016 9.066185 0.9627265 -4.878206 9.370749 0.002309166 -5.041353 9.060958 0.003711902 -5.031426 0 0 0 0 0 0 0 0 0 9.516851 0.9408366 -4.96493 9.504837 0.9076957 -4.983736 9.4944 0.8712246 -4.988396 9.538614 0.875479 -4.964035 9.546862 0.8400537 -4.959104 9.5443 0.8203622 -4.956857 9.547363 0.874012 -4.942886 9.553091 0.8343939 -4.936688 9.548368 0.8120174 -4.933586 0 0 0 0 0 0 0 0 0 0 0 0 0 0 0 0 0 0 9.068837 0.9510875 -4.898677 9.075339 0.9171011 -4.918651 9.084076 0.8800148 -4.921658 9.046512 0.8869335 -4.887189 9.046462 0.8510284 -4.879564 9.056408 0.8337061 -4.878931 9.043348 0.887344 -4.864478 9.048075 0.8482184 -4.855113 9.062487 0.8302161 -4.854212 0 0 0 0 0 0 0 0 0 0 0 0 0 0 0 0 0 0 0 0 0 0 0 0
3 9.571309 1.001871 -4.434964 9.656276 1.001806 -4.433615 9.486342 1.001936 -4.436314 9.675907 0.5800673 -4.487897 9.48004 0.5806545 -4.493474 9.73361 0.1001432 -4.397009 9.49653 0.09933909 -4.396346 9.571285 1.11122 -4.428144 9.572153 1.26204 -4.440831 9.57184 1.508063 -4.439445 9.572893 1.586465 -4.441673 9.613414 1.454768 -4.437557 9.530619 1.454649 -4.434982 9.721003 1.429946 -4.434083 9.425575 1.421507 -4.426559 9.7694 1.191558 -4.412778 9.385242 1.189518 -4.361909 9.805573 0.956033 -4.414279 9.352684 0.9535745 -4.354601 9.74855 0.0007457361 -4.523752 9.438486 0.001355015 -4.511224 0 0 0 0 0 0 0 0 0 9.799591 0.9465044 -4.435135 9.7931 0.912682 -4.455389 9.787642 0.8754428 -4.46204 9.828326 0.8839054 -4.436463 9.847986 0.8530628 -4.433373 9.855168 0.8344469 -4.432262 9.83607 0.8821281 -4.414949 9.854412 0.8461741 -4.41153 9.861705 0.8243286 -4.410036 0 0 0 0 0 0 0 0 0 0 0 0 0 0 0 0 0 0 9.35581 0.941 -4.374442 9.364111 0.9058421 -4.391511 9.37598 0.8695123 -4.391433 9.341528 0.8756266 -4.358058 9.334494 0.8412804 -4.347188 9.337181 0.8218009 -4.343625 9.339283 0.877156 -4.335286 9.337017 0.8387969 -4.322469 9.342769 0.8169628 -4.31769 0 0 0 0 0 0 0 0 0 0 0 0 0 0 0 0 0 0 0 0 0 0 0 0
4 9.654221 1.003159 -4.434827 9.739159 1.002995 -4.437394 9.569283 1.003324 -4.432261 9.721373 0.5821297 -4.494337 9.526648 0.5834399 -4.488317 9.720076 0.1012185 -4.394533 9.481396 0.1022399 -4.396632 9.654593 1.112593 -4.429537 9.657141 1.263164 -4.444712 9.664886 1.509064 -4.446221 9.669577 1.587157 -4.451921 9.704723 1.454457 -4.444409 9.622026 1.457086 -4.440431 9.811441 1.426003 -4.442172 9.515481 1.430766 -4.427814 9.857183 1.186911 -4.422996 9.468575 1.197423 -4.37326 9.888882 0.9507493 -4.425366 9.430048 0.9627267 -4.358555 9.734612 0.002309285 -4.521704 9.424822 0.003711902 -4.511777 0 0 0 0 0 0 0 0 0 9.880714 0.9408365 -4.445281 9.8687 0.9076956 -4.464087 9.858263 0.8712245 -4.468746 9.902477 0.8754788 -4.444386 9.910725 0.8400535 -4.439455 9.908163 0.820362 -4.437208 9.911225 0.8740118 -4.423238 9.916954 0.8343937 -4.41704 9.912231 0.812017 -4.413937 0 0 0 0 0 0 0 0 0 0 0 0 0 0 0 0 0 0 9.432701 0.9510875 -4.379026 9.439203 0.9171014 -4.399001 9.447939 0.880015 -4.402008 9.410376 0.8869336 -4.367538 9.410326 0.8510286 -4.359913 9.420271 0.8337063 -4.359281 9.407213 0.887344 -4.344828 9.411938 0.8482187 -4.335463 9.426352 0.8302162 -4.334561 0 0 0 0 0 0 0 0 0 0 0 0 0 0 0 0 0 0 0 0 0 0 0 0
6 9.139986 1.001871 -5.004992 9.224953 1.001806 -5.003642 9.055019 1.001936 -5.006341 9.244585 0.5800674 -5.057925 9.048717 0.5806546 -5.063501 9.302287 0.1001431 -4.967038 9.065208 0.09933928 -4.966373 9.139961 1.11122 -4.998172 9.14083 1.26204 -5.010859 9.140518 1.508063 -5.009473 9.14157 1.586465 -5.011701 9.182091 1.454769 -5.007585 9.099297 1.454649 -5.00501 9.28968 1.429946 -5.00411 8.994251 1.421507 -4.996587 9.338078 1.191558 -4.982805 8.953918 1.189519 -4.931937 9.37425 0.956033 -4.984304 8.921359 0.9535752 -4.924628 9.317228 0.000745751 -5.093781 9.007164 0.001355387 -5.081251 0 0 0 0 0 0 0 0 0 9.368269 0.9465044 -5.005161 9.361778 0.9126818 -5.025415 9.35632 0.8754427 -5.032066 9.397004 0.8839056 -5.006489 9.416664 0.8530631 -5.0034 9.423846 0.8344474 -5.002288 9.404748 0.8821284 -4.984976 9.42309 0.8461745 -4.981556 9.430384 0.8243289 -4.980062 0 0 0 0 0 0 0 0 0 0 0 0 0 0 0 0 0 0 8.924486 0.9410008 -4.944469 8.932786 0.9058428 -4.961538 8.944656 0.869513 -4.96146 8.910204 0.8756272 -4.928085 8.903169 0.8412812 -4.917214 8.905856 0.8218015 -4.913651 8.907958 0.8771568 -4.905313 8.905692 0.8387977 -4.892496 8.911444 0.8169637 -4.887717 0 0 0 0 0 0 0 0 0 0 0 0 0 0 0 0 0 0 0 0 0 0 0 0
7 9.222899 1.003159 -5.004855 9.307837 1.002994 -5.007421 9.137961 1.003324 -5.002288 9.290051 0.5821295 -5.064364 9.095325 0.5834398 -5.058345 9.288752 0.1012186 -4.964561 9.050072 0.1022395 -4.96666 9.223271 1.112592 -4.999565 9.225819 1.263164 -5.01474 9.233564 1.509064 -5.01625 9.238255 1.587157 -5.02195 9.273401 1.454457 -5.014438 9.190704 1.457086 -5.010459 9.380121 1.426003 -5.0122 9.08416 1.430766 -4.997841 9.425862 1.186911 -4.993024 9.037254 1.197423 -4.943288 9.457561 0.9507492 -4.995395 8.998727 0.9627267 -4.928582 9.303289 0.0023093 -5.091731 8.993498 0.003711499 -5.081804 0 0 0 0 0 0 0 0 0 9.449393 0.9408365 -5.015309 9.437379 0.9076955 -5.034115 9.426943 0.8712245 -5.038775 9.471157 0.8754787 -5.014415 9.479404 0.8400536 -5.009483 9.476843 0.8203619 -5.007236 9.479904 0.8740118 -4.993266 9.485634 0.8343935 -4.987068 9.480911 0.812017 -4.983966 0 0 0 0 0 0 0 0 0 0 0 0 0 0 0 0 0 0 9.001379 0.9510877 -4.949053 9.007881 0.9171014 -4.969028 9.016618 0.8800151 -4.972034 8.979054 0.8869337 -4.937565 8.979005 0.8510287 -4.92994 8.988951 0.8337066 -4.929307 8.975891 0.8873442 -4.914855 8.980618 0.8482188 -4.905489 8.99503 0.8302168 -4.904589 0 0 0 0 0 0 0 0 0 0 0 0 0 0 0 0 0 0 0 0 0 0 0 0
9 9.571308 1.001871 -4.434964 9.656275 1.001806 -4.433614 9.486341 1.001936 -4.436314 9.675907 0.5800675 -4.487897 9.48004 0.5806545 -4.493473 9.733609 0.1001432 -4.39701 9.496531 0.09933921 -4.396346 9.571283 1.11122 -4.428144 9.572152 1.262041 -4.44083 9.57184 1.508064 -4.439445 9.572892 1.586465 -4.441673 9.613413 1.454769 -4.437556 9.530619 1.454649 -4.434981 9.721003 1.429946 -4.434082 9.425573 1.421507 -4.426559 9.7694 1.191558 -4.412777 9.385241 1.189519 -4.361909 9.805573 0.9560331 -4.414277 9.352681 0.9535752 -4.3546 9.74855 0.0007459745 -4.523752 9.438486 0.001355134 -4.511223 0 0 0 0 0 0 0 0 0 9.799591 0.9465044 -4.435133 9.7931 0.9126819 -4.455387 9.787642 0.8754429 -4.462038 9.828326 0.8839056 -4.43646 9.847986 0.8530632 -4.433372 9.855168 0.8344474 -4.43226 9.83607 0.8821285 -4.414948 9.854412 0.8461745 -4.411528 9.861706 0.8243291 -4.410034 0 0 0 0 0 0 0 0 0 0 0 0 0 0 0 0 0 0 9.355808 0.9410008 -4.374442 9.364107 0.9058427 -4.391511 9.375978 0.869513 -4.391432 9.341526 0.8756272 -4.358057 9.334491 0.8412812 -4.347187 9.337178 0.8218017 -4.343624 9.33928 0.8771568 -4.335286 9.337015 0.8387977 -4.322468 9.342766 0.8169637 -4.317689 0 0 0 0 0 0 0 0 0 0 0 0 0 0 0 0 0 0 0 0 0 0 0 0
10 9.654222 1.003159 -4.434827 9.73916 1.002995 -4.437394 9.569283 1.003324 -4.43226 9.721373 0.5821295 -4.494336 9.526648 0.5834399 -4.488317 9.720075 0.1012184 -4.394533 9.481394 0.1022396 -4.396632 9.654593 1.112592 -4.429537 9.657141 1.263164 -4.444712 9.664886 1.509064 -4.446221 9.669577 1.587157 -4.451921 9.704723 1.454457 -4.444409 9.622026 1.457086 -4.440431 9.811443 1.426003 -4.442173 9.515482 1.430766 -4.427813 9.857184 1.186911 -4.422997 9.468576 1.197423 -4.37326 9.888884 0.9507492 -4.425367 9.430049 0.9627268 -4.358554 9.734612 0.002309047 -4.521704 9.42482 0.003711663 -4.511777 0 0 0 0 0 0 0 0 0 9.880715 0.9408365 -4.445282 9.868701 0.9076956 -4.464087 9.858265 0.8712246 -4.468747 9.902479 0.8754789 -4.444387 9.910727 0.8400537 -4.439456 9.908165 0.8203618 -4.437209 9.911227 0.8740118 -4.423238 9.916956 0.8343936 -4.41704 9.912233 0.812017 -4.413938 0 0 0 0 0 0 0 0 0 0 0 0 0 0 0 0 0 0 9.432701 0.9510877 -4.379025 9.439204 0.9171014 -4.399 9.44794 0.8800151 -4.402007 9.410377 0.8869337 -4.367537 9.410327 0.8510287 -4.359912 9.420273 0.8337066 -4.35928 9.407213 0.8873443 -4.344827 9.41194 0.8482189 -4.335462 9.426353 0.8302167 -4.33456 0 0 0 0 0 0 0 0 0 0 0 0 0 0 0 0 0 0 0 0 0 0 0 0
12 9.207445 1.001871 -4.954614 9.292412 1.001806 -4.953264 9.122478 1.001936 -4.955964 9.312044 0.5800675 -5.007547 9.116177 0.5806546 -5.013124 9.369746 0.1001433 -4.91666 9.132668 0.09933939 -4.915996 9.20742 1.11122 -4.947794 9.208289 1.262041 -4.960481 9.207977 1.508064 -4.959095 9.209029 1.586466 -4.961323 9.24955 1.454769 -4.957207 9.166756 1.454649 -4.954632 9.35714 1.429946 -4.953732 9.06171 1.421507 -4.946209 9.405537 1.191558 -4.932427 9.021378 1.189519 -4.881559 9.44171 0.9560331 -4.933927 8.988818 0.9535753 -4.87425 9.384687 0.0007458553 -5.043403 9.074623 0.001355372 -5.030873 0 0 0 0 0 0 0 0 0 9.435728 0.9465044 -4.954783 9.429237 0.9126819 -4.975038 9.423779 0.8754428 -4.981688 9.464463 0.8839056 -4.956111 9.484123 0.8530632 -4.953022 9.491305 0.8344474 -4.95191 9.472207 0.8821285 -4.934598 9.490549 0.8461745 -4.931178 9.497843 0.8243291 -4.929685 0 0 0 0 0 0 0 0 0 0 0 0 0 0 0 0 0 0 8.991945 0.9410009 -4.894092 9.000244 0.9058427 -4.91116 9.012115 0.8695131 -4.911082 8.977663 0.8756273 -4.877707 8.970628 0.8412812 -4.866837 8.973315 0.8218016 -4.863274 8.975417 0.8771567 -4.854936 8.973151 0.8387977 -4.842118 8.978903 0.8169637 -4.837339 0 0 0 0 0 0 0 0 0 0 0 0 0 0 0 0 0 0 0 0 0 0 0 0
13 9.290359 1.003159 -4.954477 9.375297 1.002995 -4.957044 9.20542 1.003324 -4.95191 9.35751 0.5821295 -5.013986 9.162785 0.5834401 -5.007967 9.356212 0.1012184 -4.914183 9.117531 0.1022398 -4.916282 9.29073 1.112592 -4.949187 9.293278 1.263164 -4.964362 9.301023 1.509064 -4.965872 9.305714 1.587157 -4.971572 9.34086 1.454457 -4.96406 9.258163 1.457086 -4.960081 9.44758 1.426003 -4.961823 9.151619 1.430766 -4.947463 9.493321 1.186911 -4.942647 9.104713 1.197423 -4.89291 9.525021 0.9507493 -4.945017 9.066186 0.9627268 -4.878204 9.370749 0.002309047 -5.041353 9.060957 0.003711723 -5.031426 0 0 0 0 0 0 0 0 0 9.516852 0.9408366 -4.964931 9.504838 0.9076956 -4.983737 9.494402 0.8712247 -4.988397 9.538616 0.8754789 -4.964037 9.546864 0.8400537 -4.959105 9.544302 0.820362 -4.956859 9.547364 0.8740118 -4.942888 9.553093 0.8343937 -4.93669 9.54837 0.8120171 -4.933588 0 0 0 0 0 0 0 0 0 0 0 0 0 0 0 0 0 0 9.068838 0.9510878 -4.898675 9.07534 0.9171014 -4.91865 9.084077 0.8800151 -4.921657 9.046514 0.8869337 -4.887187 9.046464 0.8510288 -4.879562 9.05641 0.8337067 -4.878929 9.04335 0.8873443 -4.864477 9.048077 0.8482189 -4.855111 9.06249 0.8302167 -4.854211 0 0 0 0 0 0 0 0 0 0 0 0 0 0 0 0 0 0 0 0 0 0 0 0
15 9.571307 1.001871 -4.434964 9.656274 1.001806 -4.433613 9.486341 1.001936 -4.436314 9.675908 0.5800683 -4.487897 9.48004 0.5806547 -4.493473 9.733611 0.100144 -4.397011 9.496532 0.09933921 -4.396346 9.571282 1.11122 -4.428144 9.572151 1.262041 -4.440831 9.571838 1.508064 -4.439445 9.572891 1.586466 -4.441674 9.613412 1.454769 -4.437557 9.530617 1.454649 -4.434983 9.721001 1.429946 -4.434082 9.425573 1.421507 -4.426561 9.769397 1.191558 -4.412776 9.385241 1.189519 -4.361911 9.80557 0.9560333 -4.414274 9.35268 0.9535756 -4.3546 9.748552 0.0007466897 -4.523753 9.438488 0.001355492 -4.511223 0 0 0 0 0 0 0 0 0 9.799588 0.9465045 -4.435131 9.793098 0.912682 -4.455385 9.787641 0.8754429 -4.462035 9.828324 0.8839059 -4.436459 9.847984 0.8530639 -4.433369 9.855167 0.8344482 -4.432258 9.836068 0.882129 -4.414945 9.854411 0.8461754 -4.411526 9.861704 0.82433 -4.410032 0 0 0 0 0 0 0 0 0 0 0 0 0 0 0 0 0 0 9.355806 0.9410011 -4.374442 9.364105 0.9058428 -4.391511 9.375976 0.8695131 -4.391432 9.341524 0.8756278 -4.358057 9.334488 0.8412819 -4.347187 9.337175 0.8218022 -4.343624 9.339277 0.8771573 -4.335285 9.337011 0.8387981 -4.322468 9.342762 0.8169643 -4.317689 0 0 0 0 0 0 0 0 0 0 0 0 0 0 0 0 0 0 0 0 0 0 0 0
16 9.654223 1.003159 -4.434826 9.739161 1.002994 -4.437394 9.569285 1.003324 -4.432259 9.721373 0.5821292 -4.494338 9.526648 0.5834399 -4.488317 9.720073 0.1012183 -4.394534 9.481393 0.1022395 -4.396632 9.654596 1.112592 -4.429537 9.657143 1.263163 -4.444711 9.664888 1.509064 -4.446221 9.669579 1.587156 -4.451921 9.704725 1.454456 -4.444409 9.622028 1.457086 -4.44043 9.811445 1.426003 -4.442173 9.515484 1.430766 -4.427812 9.857185 1.186911 -4.422997 9.468578 1.197423 -4.373259 9.888884 0.9507489 -4.425368 9.43005 0.9627266 -4.358552 9.73461 0.002308927 -4.521704 9.424818 0.003711306 -4.511777 0 0 0 0 0 0 0 0 0 9.880716 0.9408361 -4.445282 9.868702 0.9076951 -4.464088 9.858266 0.8712242 -4.468748 9.902479 0.8754783 -4.444388 9.910728 0.8400533 -4.439457 9.908167 0.8203616 -4.43721 9.911228 0.8740112 -4.42324 9.916957 0.8343931 -4.417042 9.912235 0.8120163 -4.413939 0 0 0 0 0 0 0 0 0 0 0 0 0 0 0 0 0 0 9.432703 0.9510876 -4.379024 9.439205 0.9171013 -4.398998 9.447941 0.880015 -4.402005 9.410378 0.8869337 -4.367535 9.410329 0.8510286 -4.35991 9.420275 0.8337067 -4.359278 9.407215 0.8873441 -4.344825 9.411942 0.8482187 -4.335459 9.426355 0.8302169 -4.334558 0 0 0 0 0 0 0 0 0 0 0 0 0 0 0 0 0 0 0 0 0 0 0 0
18 9.207444 1.001871 -4.954614 9.292411 1.001806 -4.953263 9.122478 1.001936 -4.955964 9.312045 0.5800683 -5.007547 9.116177 0.5806547 -5.013123 9.369748 0.100144 -4.91666 9.132669 0.09933945 -4.915996 9.207419 1.11122 -4.947794 9.208288 1.262041 -4.960481 9.207975 1.508064 -4.959096 9.209028 1.586466 -4.961324 9.249549 1.454769 -4.957207 9.166754 1.454649 -4.954633 9.357138 1.429946 -4.953732 9.06171 1.421507 -4.946211 9.405534 1.191558 -4.932425 9.021378 1.189519 -4.88156 9.441707 0.9560332 -4.933924 8.988817 0.9535756 -4.87425 9.384689 0.0007466897 -5.043403 9.074625 0.001355611 -5.030873 0 0 0 0 0 0 0 0 0 9.435725 0.9465045 -4.95478 9.429235 0.912682 -4.975035 9.423778 0.8754429 -4.981685 9.464461 0.8839061 -4.956108 9.484121 0.853064 -4.953019 9.491304 0.8344483 -4.951907 9.472205 0.882129 -4.934595 9.490548 0.8461753 -4.931175 9.497841 0.82433 -4.929681 0 0 0 0 0 0 0 0 0 0 0 0 0 0 0 0 0 0 8.991943 0.9410011 -4.894092 9.000242 0.905843 -4.91116 9.012113 0.8695132 -4.911082 8.977661 0.8756277 -4.877707 8.970625 0.841282 -4.866837 8.973312 0.8218022 -4.863274 8.975414 0.8771573 -4.854936 8.973148 0.8387982 -4.842118 8.978899 0.8169642 -4.837339 0 0 0 0 0 0 0 0 0 0 0 0 0 0 0 0 0 0 0 0 0 0 0 0
19 9.29036 1.003159 -4.954476 9.375299 1.002994 -4.957044 9.205422 1.003324 -4.951909 9.35751 0.5821292 -5.013988 9.162785 0.5834399 -5.007966 9.35621 0.1012184 -4.914183 9.11753 0.1022396 -4.916282 9.290733 1.112592 -4.949187 9.29328 1.263163 -4.964361 9.301025 1.509064 -4.965871 9.305716 1.587157 -4.971571 9.340862 1.454456 -4.964059 9.258165 1.457086 -4.96008 9.447582 1.426003 -4.961823 9.151621 1.430766 -4.947462 9.493322 1.186911 -4.942647 9.104715 1.197423 -4.892909 9.525021 0.9507487 -4.945018 9.066187 0.962727 -4.878203 9.370747 0.002308927 -5.041353 9.060955 0.003711425 -5.031426 0 0 0 0 0 0 0 0 0 9.516853 0.940836 -4.964932 9.504839 0.907695 -4.983738 9.494402 0.8712241 -4.988398 9.538616 0.8754781 -4.964038 9.546865 0.8400532 -4.959106 9.544304 0.8203614 -4.95686 9.547365 0.8740111 -4.942889 9.553094 0.8343931 -4.936691 9.548372 0.8120162 -4.933589 0 0 0 0 0 0 0 0 0 0 0 0 0 0 0 0 0 0 9.06884 0.9510878 -4.898674 9.075342 0.9171015 -4.918648 9.084078 0.8800152 -4.921655 9.046515 0.8869338 -4.887185 9.046467 0.8510289 -4.87956 9.056412 0.8337069 -4.878928 9.043352 0.8873443 -4.864475 9.048079 0.848219 -4.85511 9.062492 0.8302172 -4.854209 0 0 0 0 0 0 0 0 0 0 0 0 0 0 0 0 0 0 0 0 0 0 0 0
21 9.571307 1.001871 -4.434964 9.656274 1.001806 -4.433613 9.486341 1.001936 -4.436314 9.675908 0.5800683 -4.487897 9.48004 0.5806547 -4.493473 9.733611 0.100144 -4.397011 9.496532 0.09933921 -4.396346 9.571282 1.11122 -4.428144 9.572151 1.262041 -4.440831 9.571838 1.508064 -4.439445 9.572891 1.586466 -4.441674 9.613412 1.454769 -4.437557 9.530617 1.454649 -4.434983 9.721001 1.429946 -4.434082 9.425573 1.421507 -4.426561 9.769397 1.191558 -4.412776 9.385241 1.189519 -4.361911 9.80557 0.9560333 -4.414274 9.35268 0.9535756 -4.3546 9.748552 0.0007466897 -4.523753 9.438488 0.001355492 -4.511223 0 0 0 0 0 0 0 0 0 9.799588 0.9465045 -4.435131 9.793098 0.912682 -4.455385 9.787641 0.8754429 -4.462035 9.828324 0.8839059 -4.436459 9.847984 0.8530639 -4.433369 9.855167 0.8344482 -4.432258 9.836068 0.882129 -4.414945 9.854411 0.8461754 -4.411526 9.861704 0.82433 -4.410032 0 0 0 0 0 0 0 0 0 0 0 0 0 0 0 0 0 0 9.355806 0.9410011 -4.374442 9.364105 0.9058428 -4.391511 9.375976 0.8695131 -4.391432 9.341524 0.8756278 -4.358057 9.334488 0.8412819 -4.347187 9.337175 0.8218022 -4.343624 9.339277 0.8771573 -4.335285 9.337011 0.8387981 -4.322468 9.342762 0.8169643 -4.317689 0 0 0 0 0 0 0 0 0 0 0 0 0 0 0 0 0 0 0 0 0 0 0 0
22 9.654223 1.003159 -4.434826 9.739161 1.002994 -4.437394 9.569285 1.003324 -4.432259 9.721373 0.5821292 -4.494338 9.526648 0.5834399 -4.488317 9.720073 0.1012183 -4.394534 9.481393 0.1022395 -4.396632 9.654596 1.112592 -4.429537 9.657143 1.263163 -4.444711 9.664888 1.509064 -4.446221 9.669579 1.587156 -4.451921 9.704725 1.454456 -4.444409 9.622028 1.457086 -4.44043 9.811445 1.426003 -4.442173 9.515484 1.430766 -4.427812 9.857185 1.186911 -4.422997 9.468578 1.197423 -4.373259 9.888884 0.9507489 -4.425368 9.43005 0.9627266 -4.358552 9.73461 0.002308927 -4.521704 9.424818 0.003711306 -4.511777 0 0 0 0 0 0 0 0 0 9.880716 0.9408361 -4.445282 9.868702 0.9076951 -4.464088 9.858266 0.8712242 -4.468748 9.902479 0.8754783 -4.444388 9.910728 0.8400533 -4.439457 9.908167 0.8203616 -4.43721 9.911228 0.8740112 -4.42324 9.916957 0.8343931 -4.417042 9.912235 0.8120163 -4.413939 0 0 0 0 0 0 0 0 0 0 0 0 0 0 0 0 0 0 9.432703 0.9510876 -4.379024 9.439205 0.9171013 -4.398998 9.447941 0.880015 -4.402005 9.410378 0.8869337 -4.367535 9.410329 0.8510286 -4.35991 9.420275 0.8337067 -4.359278 9.407215 0.8873441 -4.344825 9.411942 0.8482187 -4.335459 9.426355 0.8302169 -4.334558 0 0 0 0 0 0 0 0 0 0 0 0 0 0 0 0 0 0 0 0 0 0 0 0
