Hips LeftUpperLeg RightUpperLeg LeftLowerLeg RightLowerLeg LeftFoot RightFoot Spine Chest Neck Head LeftShoulder RightShoulder LeftUpperArm RightUpperArm LeftLowerArm RightLowerArm LeftHand RightHand LeftToes RightToes LeftEye RightEye Jaw LeftThumbProximal LeftThumbIntermediate LeftThumbDistal LeftIndexProximal LeftIndexIntermediate LeftIndexDistal LeftMiddleProximal LeftMiddleIntermediate LeftMiddleDistal LeftRingProximal LeftRingIntermediate LeftRingDistal LeftLittleProximal LeftLittleIntermediate LeftLittleDistal RightThumbProximal RightThumbIntermediate RightThumbDistal RightIndexProximal RightIndexIntermediate RightIndexDistal RightMiddleProximal RightMiddleIntermediate RightMiddleDistal RightRingProximal RightRingIntermediate RightRingDistal RightLittleProximal RightLittleIntermediate RightLittleDistal UpperChest LastBone
0 11.52023 0.9504263 -5.279552 11.49676 0.929874 -5.376714 11.55211 0.9299864 -5.184792 11.41672 0.4852479 -5.384165 11.49781 0.4814612 -5.157616 11.51073 0.09966811 -5.442814 11.5801 0.09417614 -5.226511 11.52089 1.121654 -5.27984 11.52105 1.258949 -5.280738 11.49121 1.489674 -5.270489 11.45265 1.58034 -5.25868 11.49298 1.428524 -5.345417 11.53864 1.428523 -5.21246 11.47504 1.401084 -5.456968 11.59083 1.392747 -5.114914 11.48996 1.118668 -5.507386 11.67452 1.118225 -5.102374 11.46537 0.8668965 -5.528993 11.67634 0.8664113 -5.070014 11.36002 0.0188665 -5.423738 11.47745 0.01529219 -5.113166 11.37756 1.661796 -5.246231 11.41264 1.661287 -5.193295 0 0 0 11.43678 0.8435195 -5.516408 11.41234 0.8157806 -5.493492 11.40389 0.7879999 -5.480633 11.41205 0.7750412 -5.525838 11.40001 0.7348523 -5.532691 11.3937 0.7104133 -5.531037 11.43007 0.7659482 -5.532563 11.42031 0.7180723 -5.53524 11.41608 0.6916946 -5.531593 11.45045 0.7622828 -5.532344 11.44198 0.7198073 -5.535523 11.4377 0.6935056 -5.533498 11.47077 0.7610673 -5.53115 11.46416 0.7258905 -5.532383 11.46125 0.7069594 -5.532361 11.65088 0.837528 -5.063669 11.61963 0.8075017 -5.067326 11.60904 0.779168 -5.077003 11.64961 0.7645089 -5.056159 11.64663 0.7221045 -5.056013 11.63833 0.699028 -5.06222 11.66752 0.7598251 -5.066623 11.66406 0.7119218 -5.075993 11.65588 0.6890233 -5.087639 11.6812 0.7614887 -5.082083 11.68023 0.7186744 -5.089282 11.67468 0.6943599 -5.098889 11.69383 0.7655736 -5.097571 11.69264 0.7305013 -5.104727 11.69004 0.712562 -5.110911 0 0 0 0 0 0
1 11.49493 0.9513655 -5.358797 11.46579 0.9302891 -5.454298 11.53293 0.9315752 -5.266179 11.40362 0.484234 -5.419043 11.49093 0.4869756 -5.191063 11.51783 0.09988233 -5.429702 11.58476 0.09649285 -5.210915 11.493 1.122583 -5.35928 11.49055 1.259836 -5.361795 11.45651 1.490176 -5.357995 11.41337 1.579012 -5.348293 11.45735 1.426689 -5.43097 11.50675 1.431818 -5.299455 11.43711 1.395179 -5.541044 11.56446 1.403595 -5.202544 11.44932 1.111851 -5.586864 11.63967 1.127296 -5.179644 11.42469 0.8595313 -5.600613 11.64977 0.8761734 -5.143644 11.36689 0.01962038 -5.41025 11.48127 0.01675274 -5.098948 11.33729 1.660479 -5.349937 11.36355 1.661422 -5.292126 0 0 0 11.39932 0.8350688 -5.583872 11.37897 0.8087711 -5.555836 11.37405 0.7820845 -5.539337 11.38063 0.7640846 -5.585155 11.37479 0.722496 -5.578576 11.37278 0.7006225 -5.56603 11.39895 0.7560009 -5.592329 11.39771 0.7085182 -5.580566 11.39881 0.6864068 -5.565176 11.41955 0.754185 -5.593277 11.41956 0.7117289 -5.584148 11.42088 0.6889793 -5.570185 11.43994 0.7548882 -5.593478 11.44063 0.7198721 -5.585989 11.44178 0.7024199 -5.578185 11.62305 0.8492079 -5.134648 11.58979 0.8212964 -5.13717 11.57743 0.7929698 -5.144487 11.6187 0.7777309 -5.118464 11.6075 0.7373666 -5.12569 11.59282 0.7214087 -5.138718 11.63668 0.7711709 -5.127741 11.62535 0.7266924 -5.144699 11.61057 0.7134241 -5.162935 11.65081 0.770455 -5.142868 11.64329 0.7304524 -5.158005 11.62982 0.7152883 -5.175406 11.66398 0.7721749 -5.158345 11.65863 0.7391164 -5.17104 11.65067 0.7260784 -5.182594 0 0 0 0 0 0
3 10.5667 0.9504263 -4.978253 10.54323 0.929874 -5.075415 10.59858 0.9299865 -4.883492 10.46319 0.4852478 -5.082867 10.54428 0.4814612 -4.856317 10.5572 0.09966799 -5.141515 10.62656 0.09417631 -4.925212 10.56736 1.121654 -4.978542 10.56752 1.258949 -4.97944 10.53768 1.489674 -4.969191 10.49912 1.58034 -4.957381 10.53945 1.428524 -5.044119 10.58511 1.428523 -4.911161 10.52151 1.401084 -5.15567 10.6373 1.392747 -4.813616 10.53643 1.118668 -5.206087 10.72099 1.118225 -4.801075 10.51184 0.8668964 -5.227695 10.72281 0.8664116 -4.768715 10.40649 0.01886632 -5.12244 10.52392 0.01529255 -4.811868 10.42403 1.661796 -4.944932 10.45911 1.661287 -4.891997 0 0 0 10.48325 0.8435194 -5.21511 10.45881 0.8157805 -5.192194 10.45036 0.7879997 -5.179334 10.45852 0.775041 -5.224539 10.44648 0.7348521 -5.231392 10.44017 0.7104132 -5.229739 10.47654 0.7659482 -5.231265 10.46678 0.7180722 -5.233942 10.46255 0.6916946 -5.230294 10.49692 0.7622827 -5.231046 10.48845 0.7198074 -5.234224 10.48417 0.6935056 -5.2322 10.51724 0.7610672 -5.229852 10.51063 0.7258904 -5.231084 10.50772 0.7069595 -5.231062 10.69735 0.8375283 -4.762369 10.6661 0.8075019 -4.766026 10.65551 0.779168 -4.775702 10.69608 0.7645091 -4.75486 10.6931 0.7221048 -4.754713 10.6848 0.6990283 -4.76092 10.71399 0.7598253 -4.765323 10.71053 0.711922 -4.774693 10.70235 0.6890234 -4.786339 10.72767 0.7614891 -4.780784 10.7267 0.7186746 -4.787982 10.72115 0.6943601 -4.797588 10.7403 0.7655739 -4.796271 10.73911 0.7305015 -4.803427 10.73651 0.712562 -4.809611 0 0 0 0 0 0
4 10.5414 0.9513654 -5.057499 10.51226 0.9302891 -5.153 10.5794 0.9315751 -4.964881 10.45009 0.4842347 -5.117744 10.5374 0.4869758 -4.889766 10.5643 0.0998828 -5.128404 10.63123 0.09649255 -4.909617 10.53947 1.122583 -5.057981 10.53702 1.259836 -5.060498 10.50297 1.490176 -5.056697 10.45984 1.579012 -5.046995 10.50382 1.426688 -5.129673 10.55322 1.431818 -4.998158 10.48358 1.395179 -5.239746 10.61093 1.403595 -4.901246 10.49579 1.111851 -5.285565 10.68614 1.127296 -4.878346 10.47116 0.8595312 -5.299314 10.69624 0.8761731 -4.842347 10.41336 0.01962086 -5.108951 10.52774 0.01675232 -4.797649 10.38376 1.660479 -5.048639 10.41002 1.661422 -4.990828 0 0 0 10.44579 0.8350685 -5.282574 10.42544 0.8087709 -5.254537 10.42052 0.7820845 -5.238038 10.4271 0.7640845 -5.283855 10.42125 0.722496 -5.277277 10.41925 0.7006223 -5.264731 10.44542 0.7560008 -5.29103 10.44418 0.7085179 -5.279267 10.44527 0.6864064 -5.263877 10.46602 0.7541848 -5.291979 10.46602 0.7117286 -5.282849 10.46735 0.6889792 -5.268887 10.48641 0.7548881 -5.292179 10.4871 0.7198718 -5.284691 10.48825 0.7024198 -5.276886 10.66952 0.8492076 -4.833351 10.63626 0.8212962 -4.835872 10.6239 0.7929695 -4.843189 10.66517 0.7777307 -4.817166 10.65397 0.7373665 -4.824392 10.63929 0.7214087 -4.83742 10.68315 0.7711706 -4.826444 10.67181 0.7266921 -4.843401 10.65704 0.713424 -4.861638 10.69728 0.7704547 -4.841571 10.68976 0.7304521 -4.856707 10.67628 0.7152884 -4.874109 10.71045 0.7721746 -4.857048 10.7051 0.7391163 -4.869743 10.69714 0.7260782 -4.881296 0 0 0 0 0 0
6 9.696914 0.9504263 -4.611419 9.65613 0.929874 -4.702676 9.74553 0.9299865 -4.524055 9.576067 0.4852476 -4.695415 9.697085 0.4814611 -4.487437 9.657814 0.09966793 -4.770214 9.765437 0.0941762 -4.570176 9.697504 1.121654 -4.611822 9.697501 1.258949 -4.612734 9.670028 1.489674 -4.597218 9.634269 1.58034 -4.57858 9.658116 1.428524 -4.671215 9.727242 1.428523 -4.548805 9.620145 1.401084 -4.777628 9.796333 1.392747 -4.462404 9.62563 1.118668 -4.829921 9.880905 1.118225 -4.465325 9.597512 0.8668965 -4.846684 9.888589 0.8664115 -4.433838 9.513108 0.01886626 -4.723993 9.68517 0.01529243 -4.440023 9.562706 1.661796 -4.552655 9.606844 1.661287 -4.506999 0 0 0 9.571695 0.8435194 -4.829101 9.551843 0.8157805 -4.802114 9.545876 0.7879997 -4.78793 9.54566 0.775041 -4.833865 9.532575 0.7348521 -4.838409 9.526667 0.7104132 -4.835632 9.562148 0.7659482 -4.84376 9.552065 0.7180722 -4.844614 9.548573 0.6916947 -4.840257 9.582226 0.7622828 -4.84726 9.573326 0.7198074 -4.848843 9.56948 0.6935056 -4.84607 9.602428 0.7610672 -4.84979 9.595699 0.7258904 -4.849796 9.592848 0.7069595 -4.849245 9.864721 0.8375283 -4.42296 9.833323 0.8075019 -4.42086 9.821148 0.779168 -4.428445 9.864834 0.7645091 -4.415344 9.861933 0.7221047 -4.414657 9.852644 0.6990282 -4.419248 9.880545 0.7598253 -4.428897 9.875434 0.7119219 -4.43748 9.865264 0.6890234 -4.447439 9.891172 0.7614891 -4.446591 9.888905 0.7186745 -4.453492 9.881698 0.6943601 -4.461926 9.900767 0.7655738 -4.464121 9.898294 0.7305015 -4.47094 9.894612 0.712562 -4.476547 0 0 0 0 0 0
7 9.657593 0.9513654 -4.684727 9.611537 0.9302891 -4.773317 9.711833 0.9315751 -4.600584 9.55683 0.4842345 -4.727322 9.684229 0.4869756 -4.519073 9.66719 0.09988239 -4.758616 9.772865 0.09649255 -4.55569 9.655609 1.122583 -4.68485 9.652737 1.259836 -4.686876 9.619958 1.490176 -4.676935 9.579316 1.579012 -4.659535 9.607491 1.426688 -4.748843 9.680027 1.431818 -4.628532 9.56753 1.395179 -4.853384 9.754431 1.403595 -4.543761 9.571178 1.111851 -4.90066 9.832561 1.127296 -4.534952 9.544457 0.8595312 -4.909691 9.849054 0.8761731 -4.501396 9.522317 0.0196205 -4.711981 9.691515 0.01675232 -4.426738 9.504207 1.660479 -4.647286 9.540565 1.661422 -4.595228 0 0 0 9.522565 0.8350686 -4.888607 9.507664 0.8087708 -4.857331 9.505833 0.7820844 -4.840212 9.503952 0.7640843 -4.886461 9.499405 0.7224959 -4.878928 9.499722 0.7006223 -4.866227 9.520658 0.7560008 -4.896854 9.521587 0.708518 -4.885064 9.525465 0.6864063 -4.870131 9.540746 0.7541848 -4.901542 9.542411 0.7117287 -4.892566 9.546259 0.688979 -4.879078 9.560752 0.7548881 -4.905455 9.562798 0.7198718 -4.898218 9.565351 0.7024196 -4.890753 9.824417 0.8492076 -4.48768 9.791252 0.8212961 -4.484098 9.777771 0.7929696 -4.489041 9.823092 0.7777308 -4.470975 9.810759 0.7373666 -4.476038 9.79395 0.7214087 -4.486173 9.839083 0.7711707 -4.483374 9.824841 0.726692 -4.497981 9.80699 0.7134239 -4.513219 9.850211 0.7704547 -4.500821 9.840059 0.7304521 -4.514334 9.823641 0.7152886 -4.528989 9.860344 0.7721748 -4.51844 9.852767 0.7391163 -4.529947 9.842836 0.7260783 -4.539857 0 0 0 0 0 0
9 8.80497 0.9504263 -4.157769 8.765973 0.929874 -4.249805 8.851873 0.9299865 -4.069475 8.685782 0.4852478 -4.244105 8.802725 0.4814612 -4.033809 8.768972 0.09966811 -4.317296 8.872677 0.09417655 -4.115198 8.805567 1.121654 -4.158161 8.805583 1.258949 -4.159074 8.777811 1.489674 -4.144095 8.741696 1.58034 -4.126159 8.767345 1.428524 -4.218311 8.834071 1.428523 -4.094577 8.731455 1.401084 -4.325444 8.901464 1.392747 -4.006845 8.73796 1.118668 -4.37762 8.986077 1.118225 -4.008117 8.710175 0.8668964 -4.394929 8.993146 0.8664115 -3.976486 8.623393 0.01886644 -4.273905 8.789886 0.01529261 -3.986635 8.669641 1.661796 -4.101634 8.712881 1.661287 -4.055126 0 0 0 8.684018 0.8435194 -4.377851 8.663644 0.8157805 -4.351257 8.657401 0.7879997 -4.337192 8.658081 0.775041 -4.383122 8.645087 0.7348521 -4.387921 8.639126 0.7104132 -4.38526 8.674759 0.7659482 -4.392695 8.664695 0.7180722 -4.393745 8.661118 0.6916946 -4.389457 8.694901 0.7622827 -4.395802 8.686034 0.7198074 -4.397558 8.682135 0.6935056 -4.394861 8.71515 0.7610672 -4.397937 8.708422 0.7258904 -4.398075 8.705561 0.7069595 -4.397579 8.96907 0.8375283 -3.966076 8.937637 0.8075019 -3.964588 8.925612 0.779168 -3.972409 8.969034 0.7645091 -3.958459 8.966121 0.7221048 -3.957828 8.956923 0.6990283 -3.9626 8.985006 0.7598253 -3.971703 8.980064 0.7119219 -3.980384 8.970091 0.6890234 -3.99054 8.995977 0.7614891 -3.989186 8.993845 0.7186745 -3.99613 8.986804 0.6943601 -4.004704 9.005913 0.7655739 -4.006526 9.003573 0.7305015 -4.013391 9.000001 0.712562 -4.019069 0 0 0 0 0 0
10 8.767088 0.9513654 -4.23183 8.722767 0.930289 -4.321302 8.819677 0.9315751 -4.146646 8.667175 0.4842339 -4.276382 8.790488 0.4869753 -4.065689 8.778126 0.09988239 -4.30552 8.879822 0.09649219 -4.100572 8.765106 1.122583 -4.231991 8.762274 1.259836 -4.234074 8.729307 1.490176 -4.224773 8.688334 1.579012 -4.208169 8.718246 1.426689 -4.296911 8.788422 1.431818 -4.175209 8.68033 1.395179 -4.402211 8.861158 1.403595 -4.089003 8.6849 1.111851 -4.449408 8.939101 1.127296 -4.078673 8.65836 0.8595312 -4.458958 8.954937 0.8761732 -4.044802 8.632371 0.0196205 -4.261717 8.795974 0.01675197 -3.97323 8.612999 1.660479 -4.197387 8.648336 1.661422 -4.14463 0 0 0 8.636061 0.8350686 -4.438305 8.620552 0.808771 -4.407325 8.618387 0.7820845 -4.390245 8.617409 0.7640844 -4.436522 8.612717 0.7224959 -4.429078 8.612785 0.7006221 -4.416373 8.634315 0.7560009 -4.446588 8.635015 0.7085178 -4.434781 8.6386 0.6864063 -4.419775 8.65449 0.7541848 -4.450883 8.655979 0.7117288 -4.441875 8.659564 0.688979 -4.428316 8.674568 0.7548881 -4.454404 8.676474 0.7198719 -4.447129 8.67888 0.7024196 -4.439616 8.930037 0.8492076 -4.031569 8.896809 0.821296 -4.028634 8.883427 0.7929696 -4.033839 8.928387 0.7777306 -4.014892 8.916154 0.7373666 -4.020195 8.899547 0.7214088 -4.030656 8.944616 0.7711708 -4.026977 8.930663 0.7266921 -4.04186 8.913111 0.7134241 -4.057443 8.956083 0.7704547 -4.044205 8.946196 0.7304521 -4.057913 8.930067 0.7152886 -4.072886 8.966558 0.7721748 -4.061622 8.959206 0.7391163 -4.073275 8.949471 0.7260783 -4.083376 0 0 0 0 0 0
12 7.915276 0.9504263 -3.705323 7.876308 0.929874 -3.797371 7.962151 0.9299865 -3.617013 7.796116 0.4852477 -3.791698 7.91299 0.4814613 -3.581362 7.879331 0.09966811 -3.864862 7.982968 0.09417649 -3.662729 7.915873 1.121654 -3.705714 7.915889 1.258949 -3.706626 7.888113 1.489674 -3.691658 7.851992 1.58034 -3.673733 7.877671 1.428524 -3.765876 7.944356 1.428523 -3.64212 7.841816 1.401084 -3.873021 8.011722 1.392747 -3.554366 7.848337 1.118668 -3.925195 8.096334 1.118225 -3.555611 7.820557 0.8668965 -3.942513 8.103393 0.8664115 -3.523978 7.733737 0.01886632 -3.821518 7.900137 0.01529255 -3.534193 7.779929 1.661796 -3.649231 7.823153 1.661287 -3.602709 0 0 0 7.794396 0.8435194 -3.925444 7.774013 0.8157805 -3.898856 7.767766 0.7879997 -3.884793 7.768461 0.775041 -3.930724 7.755468 0.7348521 -3.935527 7.749506 0.7104132 -3.932867 7.785141 0.7659482 -3.940291 7.775077 0.7180722 -3.941344 7.771499 0.6916946 -3.937057 7.805285 0.7622827 -3.943391 7.796418 0.7198074 -3.945149 7.792518 0.6935056 -3.942455 7.825534 0.7610672 -3.94552 7.818807 0.7258904 -3.94566 7.815944 0.7069595 -3.945165 8.079313 0.8375283 -3.513575 8.04788 0.8075019 -3.512098 8.035858 0.779168 -3.519922 8.079275 0.7645091 -3.505958 8.076361 0.7221047 -3.505329 8.067165 0.6990282 -3.510103 8.095252 0.7598253 -3.519197 8.090312 0.7119219 -3.527879 8.080341 0.6890234 -3.538039 8.106229 0.7614891 -3.536677 8.104097 0.7186745 -3.543622 8.097059 0.6943601 -3.552197 8.116169 0.7655738 -3.554013 8.113832 0.7305015 -3.56088 8.110262 0.712562 -3.566559 0 0 0 0 0 0
13 7.877416 0.9513654 -3.779397 7.833126 0.9302891 -3.868883 7.929979 0.9315751 -3.694195 7.777518 0.4842343 -3.82398 7.900763 0.4869756 -3.613247 7.888477 0.09988263 -3.853082 7.990108 0.09649255 -3.648102 7.875435 1.122583 -3.779558 7.872603 1.259836 -3.781641 7.839634 1.490176 -3.772353 7.798656 1.579012 -3.755761 7.828595 1.426688 -3.844493 7.898732 1.431818 -3.722768 7.790714 1.395179 -3.949806 7.971441 1.403595 -3.636539 7.7953 1.111851 -3.997 8.049381 1.127296 -3.626183 7.768763 0.8595311 -4.006559 8.065206 0.8761731 -3.592307 7.742708 0.01962062 -3.809327 7.906218 0.01675227 -3.520786 7.723317 1.660479 -3.745003 7.758637 1.661422 -3.692236 0 0 0 7.746456 0.8350685 -3.985914 7.730938 0.8087708 -3.954939 7.728768 0.7820845 -3.93786 7.727805 0.7640845 -3.984137 7.723109 0.722496 -3.976695 7.723174 0.7006222 -3.96399 7.744713 0.7560008 -3.994197 7.745409 0.708518 -3.98239 7.74899 0.6864063 -3.967383 7.76489 0.7541847 -3.998486 7.766377 0.7117286 -3.989478 7.769957 0.6889791 -3.975917 7.78497 0.7548879 -4.002001 7.786872 0.7198718 -3.994725 7.789276 0.7024196 -3.987211 8.040301 0.8492075 -3.579082 8.007072 0.821296 -3.576158 7.993691 0.7929695 -3.581367 8.038645 0.7777305 -3.562406 8.026415 0.7373664 -3.567713 8.00981 0.7214086 -3.578179 8.054878 0.7711706 -3.574486 8.04093 0.7266921 -3.589372 8.023383 0.713424 -3.604961 8.066351 0.7704546 -3.59171 8.056469 0.7304521 -3.605421 8.040344 0.7152885 -3.620398 8.076832 0.7721745 -3.609124 8.069484 0.7391161 -3.620778 8.059752 0.7260782 -3.630883 0 0 0 0 0 0
15 7.349434 0.9504263 -3.419668 7.310467 0.929874 -3.511717 7.396309 0.9299866 -3.331359 7.230274 0.4852477 -3.506043 7.347148 0.4814613 -3.295708 7.313489 0.09966805 -3.579208 7.417126 0.09417649 -3.377075 7.350031 1.121654 -3.42006 7.350047 1.258949 -3.420972 7.322271 1.489674 -3.406004 7.28615 1.58034 -3.388078 7.31183 1.428524 -3.480222 7.378514 1.428523 -3.356466 7.275974 1.401084 -3.587367 7.44588 1.392747 -3.268713 7.282495 1.118668 -3.639541 7.530493 1.118225 -3.269957 7.254715 0.8668965 -3.656859 7.537551 0.8664116 -3.238324 7.167895 0.01886638 -3.535864 7.334295 0.01529267 -3.248539 7.214087 1.661796 -3.363577 7.257312 1.661287 -3.317055 0 0 0 7.228555 0.8435194 -3.63979 7.208171 0.8157805 -3.613202 7.201924 0.7879997 -3.599139 7.20262 0.775041 -3.645069 7.189627 0.7348521 -3.649872 7.183665 0.7104132 -3.647213 7.2193 0.7659482 -3.654636 7.209236 0.7180722 -3.65569 7.205657 0.6916946 -3.651403 7.239443 0.7622827 -3.657736 7.230577 0.7198074 -3.659495 7.226677 0.6935056 -3.656801 7.259692 0.7610672 -3.659866 7.252964 0.7258904 -3.660006 7.250103 0.7069595 -3.659511 7.513473 0.8375283 -3.227921 7.482039 0.8075019 -3.226444 7.470016 0.779168 -3.234268 7.513434 0.7645091 -3.220304 7.51052 0.7221048 -3.219675 7.501324 0.6990283 -3.224449 7.52941 0.7598253 -3.233543 7.52447 0.711922 -3.242225 7.5145 0.6890234 -3.252385 7.540387 0.7614891 -3.251023 7.538256 0.7186746 -3.257968 7.531218 0.6943601 -3.266543 7.550328 0.7655739 -3.268359 7.54799 0.7305015 -3.275226 7.54442 0.712562 -3.280905 0 0 0 0 0 0
16 7.311574 0.9513654 -3.493742 7.267284 0.9302891 -3.583229 7.364137 0.9315751 -3.408541 7.211677 0.4842344 -3.538326 7.334921 0.4869755 -3.327593 7.322635 0.09988268 -3.567428 7.424267 0.09649225 -3.362448 7.309593 1.122583 -3.493904 7.306762 1.259836 -3.495987 7.273793 1.490176 -3.486699 7.232814 1.579012 -3.470107 7.262754 1.426688 -3.558839 7.332891 1.431818 -3.437114 7.224874 1.395179 -3.664152 7.4056 1.403595 -3.350885 7.229459 1.111851 -3.711347 7.483539 1.127296 -3.340529 7.202922 0.8595312 -3.720905 7.499364 0.8761732 -3.306653 7.176867 0.01962068 -3.523673 7.340377 0.01675221 -3.235132 7.157476 1.660479 -3.459349 7.192797 1.661422 -3.406581 0 0 0 7.180615 0.8350685 -3.700259 7.165098 0.808771 -3.669284 7.162928 0.7820845 -3.652205 7.161963 0.7640845 -3.698483 7.157269 0.722496 -3.691041 7.157333 0.7006222 -3.678336 7.178873 0.7560008 -3.708543 7.179569 0.708518 -3.696736 7.183149 0.6864065 -3.681729 7.19905 0.754185 -3.712832 7.200537 0.7117288 -3.703825 7.204116 0.6889791 -3.690263 7.21913 0.7548882 -3.716346 7.221031 0.7198719 -3.709071 7.223435 0.7024198 -3.701557 7.47446 0.8492077 -3.293428 7.441231 0.8212962 -3.290504 7.42785 0.7929696 -3.295713 7.472804 0.7777307 -3.276752 7.460573 0.7373667 -3.282059 7.443969 0.7214088 -3.292525 7.489037 0.7711707 -3.288832 7.475089 0.7266921 -3.303719 7.457542 0.713424 -3.319308 7.50051 0.7704549 -3.306055 7.490627 0.7304524 -3.319766 7.474503 0.7152885 -3.334744 7.51099 0.7721747 -3.32347 7.503642 0.7391163 -3.335125 7.49391 0.7260783 -3.345229 0 0 0 0 0 0
18 6.458123 0.9504263 -2.966393 6.419067 0.929874 -3.058403 6.505084 0.9299865 -2.878128 6.338881 0.4852478 -3.052652 6.455958 0.4814613 -2.842431 6.422024 0.09966811 -3.125896 6.525857 0.09417649 -2.923865 6.458721 1.121654 -2.966784 6.458735 1.258949 -2.967696 6.430974 1.489674 -2.952702 6.39487 1.58034 -2.934741 6.42046 1.428524 -3.026909 6.487265 1.428523 -2.903218 6.384501 1.401084 -3.134019 6.554716 1.392747 -2.815529 6.390972 1.118668 -3.1862 6.639327 1.118225 -2.816856 6.363175 0.8668965 -3.203491 6.646416 0.8664115 -2.78523 6.276472 0.0188665 -3.082413 6.443151 0.01529267 -2.795249 6.322832 1.661796 -2.91017 6.3661 1.661287 -2.863689 0 0 0 6.337031 0.8435194 -3.186396 6.316673 0.8157805 -3.159789 6.31044 0.7879997 -3.14572 6.31109 0.775041 -3.191651 6.298094 0.7348521 -3.196441 6.292134 0.7104132 -3.193776 6.327762 0.7659482 -3.201234 6.317697 0.7180722 -3.202277 6.314122 0.6916947 -3.197988 6.347902 0.7622828 -3.204353 6.339034 0.7198074 -3.206104 6.335136 0.6935056 -3.203405 6.36815 0.7610672 -3.206502 6.361422 0.7258905 -3.206636 6.35856 0.7069595 -3.206139 6.622347 0.8375283 -2.774804 6.590916 0.8075019 -2.773296 6.578885 0.779168 -2.781109 6.622316 0.7645091 -2.767187 6.619402 0.7221047 -2.766554 6.610202 0.6990282 -2.77132 6.63828 0.7598253 -2.780441 6.633332 0.7119219 -2.789119 6.623352 0.6890234 -2.799268 6.64924 0.7614891 -2.797932 6.647102 0.7186745 -2.804874 6.640056 0.6943601 -2.813443 6.659163 0.7655738 -2.815278 6.656819 0.7305015 -2.822142 6.653244 0.712562 -2.827818 0 0 0 0 0 0
19 6.420194 0.9513654 -3.04043 6.375816 0.9302891 -3.129873 6.472838 0.9315751 -2.955279 6.320253 0.4842345 -3.084917 6.443701 0.4869757 -2.874303 6.431183 0.0998828 -3.114126 6.533013 0.09649243 -2.909244 6.418212 1.122583 -3.04059 6.415378 1.259836 -3.04267 6.382418 1.490176 -3.03335 6.341455 1.579012 -3.016719 6.371309 1.426688 -3.105479 6.441564 1.431818 -2.983822 6.333327 1.395179 -3.210755 6.514356 1.403595 -2.897664 6.337868 1.111851 -3.257954 6.592306 1.127296 -2.887383 6.311321 0.8595312 -3.267487 6.608164 0.8761732 -2.853522 6.285457 0.01962092 -3.07023 6.449246 0.01675238 -2.781848 6.266128 1.660479 -3.005888 6.301499 1.661422 -2.953154 0 0 0 6.289035 0.8350685 -3.24682 6.273546 0.808771 -3.21583 6.271393 0.7820845 -3.198749 6.270385 0.7640844 -3.245025 6.265697 0.7224959 -3.237579 6.265773 0.7006223 -3.224874 6.287284 0.7560008 -3.255102 6.287992 0.708518 -3.243295 6.291586 0.6864065 -3.228292 6.307456 0.7541849 -3.25941 6.308951 0.7117287 -3.250404 6.312545 0.6889791 -3.236846 6.327533 0.7548881 -3.262944 6.329442 0.719872 -3.25567 6.331853 0.7024196 -3.248159 6.583272 0.8492076 -2.840273 6.550046 0.8212963 -2.837317 6.53666 0.7929697 -2.842513 6.581633 0.7777307 -2.823595 6.569396 0.7373666 -2.82889 6.552782 0.7214087 -2.83934 6.597854 0.7711707 -2.83569 6.583891 0.7266922 -2.850564 6.566329 0.7134241 -2.866136 6.60931 0.7704549 -2.852925 6.599414 0.7304522 -2.866627 6.583275 0.7152886 -2.881589 6.619773 0.7721747 -2.87035 6.612414 0.7391163 -2.881998 6.602672 0.7260783 -2.892093 0 0 0 0 0 0
21 5.535145 0.9504263 -2.571603 5.505103 0.929874 -2.666939 5.573415 0.9299865 -2.479238 5.424736 0.4852478 -2.668913 5.521089 0.4814612 -2.448422 5.514527 0.09966793 -2.733837 5.598484 0.0941762 -2.522769 5.535778 1.121654 -2.571936 5.53588 1.258949 -2.572843 5.506807 1.489674 -2.560582 5.469146 1.58034 -2.546171 5.503467 1.428524 -2.635457 5.558087 1.428523 -2.505923 5.477957 1.401084 -2.745524 5.616807 1.392747 -2.412164 5.489408 1.118668 -2.796843 5.701155 1.118225 -2.405361 5.463399 0.8668965 -2.816722 5.705175 0.8664115 -2.3732 5.365473 0.0188662 -2.704527 5.503811 0.01529243 -2.402688 5.395081 1.661796 -2.52863 5.433687 1.661287 -2.47821 0 0 0 5.435734 0.8435194 -2.802217 5.412916 0.8157805 -2.777687 5.405361 0.7879997 -2.764281 5.410418 0.7750409 -2.809938 5.397941 0.7348521 -2.815953 5.391753 0.7104132 -2.813873 5.427933 0.7659482 -2.817876 5.418014 0.7180722 -2.819881 5.414044 0.6916946 -2.815954 5.448279 0.7622827 -2.819047 5.43962 0.7198073 -2.821641 5.435482 0.6935056 -2.819329 5.468639 0.7610672 -2.819242 5.461956 0.7258903 -2.820021 5.459059 0.7069595 -2.819801 5.680217 0.8375283 -2.365133 5.648786 0.8075019 -2.366651 5.637561 0.779168 -2.375582 5.679455 0.7645091 -2.357554 5.676494 0.7221047 -2.357204 5.667794 0.6990282 -2.362831 5.696617 0.7598253 -2.369215 5.692525 0.7119219 -2.378327 5.683565 0.6890234 -2.389388 5.709206 0.7614891 -2.385572 5.707744 0.7186745 -2.392688 5.701553 0.6943601 -2.401894 5.720749 0.7655738 -2.401885 5.719075 0.7305015 -2.408943 5.716061 0.712562 -2.414936 0 0 0 0 0 0
22 5.504499 0.9513654 -2.648941 5.468915 0.9302891 -2.742233 5.548726 0.9315751 -2.559131 5.409292 0.4842344 -2.702818 5.511949 0.4869756 -2.481326 5.522514 0.09988251 -2.721242 5.604202 0.09649237 -2.50753 5.502543 1.122583 -2.649292 5.499921 1.259836 -2.651634 5.466218 1.490176 -2.645521 5.423848 1.579012 -2.632899 5.462086 1.426689 -2.718383 5.520336 1.431818 -2.590544 5.434386 1.395179 -2.826819 5.58452 1.403595 -2.497793 5.443437 1.111851 -2.873364 5.661123 1.127296 -2.480077 5.417928 0.8595312 -2.885402 5.673657 0.8761732 -2.44485 5.373246 0.0196205 -2.69154 5.508592 0.01675232 -2.388764 5.347829 1.660479 -2.629351 5.377974 1.661422 -2.573465 0 0 0 5.39376 0.8350685 -2.866971 5.375369 0.8087708 -2.837611 5.371585 0.7820844 -2.820815 5.375024 0.7640843 -2.866975 5.369643 0.7224958 -2.860013 5.368499 0.700622 -2.847359 5.392812 0.7560006 -2.875382 5.392384 0.7085178 -2.863563 5.394521 0.6864064 -2.848282 5.413306 0.7541847 -2.877734 5.413929 0.7117286 -2.868625 5.416204 0.688979 -2.854786 5.433629 0.7548881 -2.879323 5.434831 0.7198717 -2.871901 5.43651 0.7024195 -2.864192 5.647608 0.8492077 -2.434053 5.614251 0.8212962 -2.434299 5.601426 0.7929696 -2.440757 5.644375 0.7777306 -2.417609 5.632704 0.7373665 -2.424055 5.617169 0.7214087 -2.436051 5.661683 0.7711707 -2.428092 5.649212 0.7266921 -2.444236 5.633226 0.7134241 -2.461422 5.67474 0.7704547 -2.444147 5.666205 0.7304521 -2.458735 5.651578 0.7152886 -2.475177 5.686828 0.7721747 -2.460486 5.680621 0.7391162 -2.472787 5.671894 0.7260783 -2.483771 0 0 0 0 0 0
