Hips LeftUpperLeg RightUpperLeg LeftLowerLeg RightLowerLeg LeftFoot RightFoot Spine Chest Neck Head LeftShoulder RightShoulder LeftUpperArm RightUpperArm LeftLowerArm RightLowerArm LeftHand RightHand LeftToes RightToes LeftEye RightEye Jaw LeftThumbProximal LeftThumbIntermediate LeftThumbDistal LeftIndexProximal LeftIndexIntermediate LeftIndexDistal LeftMiddleProximal LeftMiddleIntermediate LeftMiddleDistal LeftRingProximal LeftRingIntermediate LeftRingDistal LeftLittleProximal LeftLittleIntermediate LeftLittleDistal RightThumbProximal RightThumbIntermediate RightThumbDistal RightIndexProximal RightIndexIntermediate RightIndexDistal RightMiddleProximal RightMiddleIntermediate RightMiddleDistal RightRingProximal RightRingIntermediate RightRingDistal RightLittleProximal RightLittleIntermediate RightLittleDistal UpperChest LastBone
0 8.292456 0.9018862 -4.693057 8.224324 0.886162 -4.767384 8.366559 0.8770481 -4.627441 8.230813 0.4365313 -4.774158 8.200982 0.5236065 -4.403393 8.419574 0.1108022 -4.907281 8.150791 0.1278163 -4.380977 8.293659 1.072824 -4.683147 8.290352 1.210081 -4.682568 8.263662 1.438053 -4.643248 8.229683 1.520677 -4.60006 8.227911 1.380249 -4.712076 8.336085 1.377436 -4.622337 8.147412 1.366816 -4.794889 8.43292 1.361101 -4.560091 8.097196 1.087768 -4.841084 8.56206 1.122337 -4.654101 7.997573 0.8635997 -4.775627 8.622276 0.8797596 -4.698721 8.316233 0.01387693 -4.809654 8.065541 0.1379035 -4.23186 8.154265 1.588536 -4.553846 8.204242 1.587686 -4.514673 0 0 0 7.982801 0.8555453 -4.740425 7.981351 0.8380643 -4.700624 7.980495 0.8164669 -4.677357 7.940743 0.8052495 -4.707392 7.917843 0.7768183 -4.685614 7.90921 0.7595845 -4.669232 7.94393 0.7890185 -4.720766 7.929185 0.7514427 -4.693105 7.929938 0.733027 -4.673426 7.95529 0.7766398 -4.73287 7.945711 0.7401042 -4.71144 7.948711 0.7204235 -4.69361 7.968063 0.7664846 -4.745108 7.959576 0.7359455 -4.728434 7.959222 0.720448 -4.717186 8.609816 0.8432851 -4.692671 8.588343 0.8056716 -4.696666 8.580572 0.7767269 -4.707172 8.633707 0.7741197 -4.698603 8.638484 0.7325772 -4.706245 8.632455 0.7095913 -4.714915 8.648865 0.777131 -4.713219 8.65333 0.732092 -4.731821 8.64471 0.7111043 -4.746387 8.656855 0.7850685 -4.730596 8.662228 0.746567 -4.74995 8.655089 0.7260977 -4.765581 8.663116 0.7948941 -4.747338 8.668804 0.7633345 -4.763285 8.666954 0.7475538 -4.773979 0 0 0 0 0 0
1 7.17879 0.905989 -3.198542 7.272159 0.8825393 -3.232394 7.088681 0.8891174 -3.153716 7.160219 0.4557531 -3.319 6.952424 0.4980697 -3.328912 7.141994 0.1050344 -3.12912 7.007095 0.1186342 -3.217421 7.179893 1.076814 -3.210251 7.178652 1.214028 -3.214881 7.170952 1.442083 -3.261368 7.156104 1.528558 -3.307716 7.245097 1.380177 -3.256191 7.11286 1.385378 -3.20877 7.357496 1.358746 -3.276823 7.010569 1.372472 -3.155023 7.427718 1.082597 -3.240296 6.968264 1.099442 -3.07636 7.422858 0.838962 -3.311563 6.923991 0.8495093 -3.082225 7.136036 0.01787456 -3.277352 6.88203 0.04570117 -3.310398 7.191409 1.601754 -3.384033 7.127941 1.603552 -3.385248 0 0 0 7.40591 0.8230684 -3.342906 7.376213 0.8024732 -3.367108 7.359404 0.7774679 -3.377145 7.406912 0.7607403 -3.381688 7.398688 0.7252775 -3.403637 7.385239 0.7067456 -3.414387 7.414173 0.747614 -3.366607 7.399332 0.7037797 -3.382506 7.381364 0.6843918 -3.387818 7.415237 0.7398077 -3.347457 7.403238 0.6996786 -3.358926 7.386409 0.6793621 -3.363202 7.415558 0.7344747 -3.327772 7.406253 0.7010788 -3.336762 7.396478 0.6849675 -3.340181 6.919483 0.8259641 -3.113007 6.929234 0.796699 -3.143671 6.934925 0.7679942 -3.156009 6.889051 0.7614329 -3.13031 6.882391 0.7212479 -3.142468 6.889526 0.6994949 -3.153229 6.88885 0.7526103 -3.110956 6.88955 0.7045417 -3.12009 6.902221 0.6822655 -3.128466 6.896777 0.7478561 -3.092425 6.897631 0.7048256 -3.098214 6.909407 0.6819479 -3.105439 6.905977 0.7453565 -3.074394 6.908267 0.7098028 -3.078052 6.915648 0.692576 -3.081999 0 0 0 0 0 0
2 7.661444 0.9363065 -4.020907 7.745341 0.9231311 -3.964326 7.572706 0.9101096 -4.063952 7.901463 0.5046048 -4.015715 7.597614 0.4628927 -4.119047 7.841393 0.1231472 -3.914356 7.656602 0.08833822 -3.98948 7.662939 1.105733 -4.045643 7.653246 1.237463 -4.083112 7.676904 1.462441 -4.138383 7.71063 1.550329 -4.169762 7.705942 1.412009 -4.061116 7.609614 1.397247 -4.162435 7.765644 1.400694 -3.961989 7.522694 1.364336 -4.232295 7.781376 1.144905 -3.832189 7.467352 1.084622 -4.197361 7.857793 0.9088119 -3.778513 7.469177 0.8313803 -4.179303 7.993444 0.04413452 -3.898787 7.637727 0.02331617 -4.14766 7.78513 1.632073 -4.155752 7.774534 1.627767 -4.218219 0 0 0 7.884213 0.8840302 -3.793007 7.904823 0.8546689 -3.817603 7.911049 0.8248911 -3.826718 7.914913 0.8192227 -3.777281 7.928092 0.7788087 -3.777517 7.932128 0.756207 -3.788135 7.899562 0.8112411 -3.764908 7.906429 0.7629614 -3.768961 7.905624 0.7396259 -3.782443 7.879963 0.8071817 -3.759596 7.885613 0.7641523 -3.761154 7.885516 0.739763 -3.772082 7.860031 0.8053365 -3.755677 7.863871 0.769762 -3.75723 7.864054 0.7515246 -3.763077 7.496659 0.8050007 -4.187737 7.530716 0.7780775 -4.185079 7.546589 0.7517885 -4.176986 7.503863 0.7325635 -4.197263 7.513918 0.6913458 -4.194609 7.526512 0.6708393 -4.186814 7.487012 0.726087 -4.186012 7.498572 0.6796381 -4.175846 7.51186 0.6596243 -4.163605 7.474102 0.7261952 -4.169823 7.482945 0.6848084 -4.160088 7.495059 0.6641701 -4.148189 7.462022 0.7288056 -4.153596 7.469353 0.6949642 -4.144446 7.476533 0.6790851 -4.136502 0 0 0 0 0 0
3 8.301881 0.943315 -4.60441 8.204504 0.9291802 -4.577361 8.392568 0.91793 -4.643719 8.205127 0.5023604 -4.429302 8.39361 0.4708521 -4.570588 8.183426 0.1038708 -4.469781 8.316077 0.08209207 -4.638775 8.317774 1.113027 -4.58814 8.353048 1.243598 -4.56452 8.382852 1.466989 -4.505888 8.388447 1.555971 -4.462332 8.303768 1.417328 -4.531116 8.442742 1.402844 -4.546575 8.18882 1.402905 -4.540982 8.551432 1.371348 -4.573278 8.087755 1.144161 -4.6142 8.564863 1.091011 -4.634549 8.020781 0.9004797 -4.589819 8.561598 0.8376927 -4.651271 8.159693 0.04786732 -4.308829 8.356662 0.01811644 -4.484292 8.352366 1.633904 -4.391247 8.415802 1.634835 -4.388435 0 0 0 8.021039 0.8753294 -4.559992 8.033082 0.8467427 -4.529503 8.039739 0.8173183 -4.51958 7.996656 0.8082023 -4.542986 7.993302 0.7671952 -4.532299 8.002216 0.7451969 -4.523553 7.994936 0.8002629 -4.562644 7.998737 0.7520481 -4.555202 8.012581 0.7297649 -4.548975 8.00112 0.7968836 -4.582116 8.002892 0.7538176 -4.57682 8.01413 0.7302107 -4.571281 8.00848 0.795814 -4.601109 8.010702 0.760274 -4.59728 8.017063 0.7424824 -4.594145 8.549603 0.8101062 -4.626424 8.525045 0.7826245 -4.603327 8.507705 0.7566094 -4.597753 8.549238 0.7370045 -4.619655 8.538783 0.6959297 -4.616403 8.523747 0.6758758 -4.61299 8.550892 0.7318017 -4.640214 8.533498 0.6860645 -4.640472 8.514701 0.6667853 -4.63907 8.546522 0.7334446 -4.660388 8.531446 0.6927535 -4.662061 8.513603 0.6728703 -4.661304 8.54171 0.7375651 -4.679776 8.528585 0.7042896 -4.681566 8.517283 0.6888293 -4.681778 0 0 0 0 0 0
4 8.227234 0.9416385 -4.432287 8.278691 0.9184761 -4.517312 8.182503 0.9237238 -4.342332 8.206313 0.4765968 -4.565528 8.09972 0.481258 -4.37599 8.321204 0.09807011 -4.50709 8.187948 0.09377017 -4.323946 8.23177 1.112787 -4.434926 8.231417 1.249869 -4.442622 8.203726 1.479923 -4.465821 8.158838 1.566048 -4.486169 8.25569 1.416149 -4.516707 8.198713 1.422236 -4.388336 8.317989 1.38515 -4.609855 8.170732 1.395649 -4.27866 8.359217 1.10204 -4.635775 8.211509 1.124568 -4.19278 8.346031 0.8496165 -4.659635 8.173901 0.8756115 -4.160118 8.172903 0.03425654 -4.566586 8.034986 0.01518895 -4.318239 8.10189 1.64279 -4.543578 8.076499 1.6412 -4.485392 0 0 0 8.316216 0.82473 -4.66338 8.282196 0.7988879 -4.655216 8.267113 0.7727136 -4.64542 8.303876 0.7532496 -4.674697 8.292735 0.7123357 -4.671705 8.281133 0.6919394 -4.662257 8.322384 0.7455605 -4.667569 8.310749 0.6991251 -4.657425 8.299255 0.6789853 -4.643669 8.338371 0.7442947 -4.654469 8.329472 0.7028222 -4.645157 8.318928 0.6820667 -4.63203 8.353668 0.7455524 -4.641035 8.346388 0.7115273 -4.632549 8.340073 0.6954493 -4.624277 8.147301 0.8498091 -4.172322 8.124066 0.8217762 -4.196116 8.118572 0.7929125 -4.208169 8.127292 0.7801251 -4.160765 8.11855 0.7387084 -4.164672 8.114489 0.7175005 -4.177848 8.145763 0.7725936 -4.153381 8.142812 0.724825 -4.163577 8.142735 0.7039009 -4.180581 8.166351 0.7703888 -4.153098 8.164449 0.7275943 -4.160229 8.164244 0.7051007 -4.174661 8.186732 0.7705872 -4.153882 8.185921 0.7353638 -4.160312 8.186066 0.7182292 -4.168867 0 0 0 0 0 0
5 8.070437 0.9368228 -4.224767 7.97758 0.9209542 -4.185533 8.158189 0.9115722 -4.270327 8.007452 0.4807568 -4.094065 8.271151 0.4806287 -4.209459 7.997402 0.09764078 -4.208894 8.107514 0.1796447 -4.414452 8.075907 1.10781 -4.232038 8.083225 1.244889 -4.234622 8.101087 1.475459 -4.207271 8.117925 1.561408 -4.160627 8.024167 1.41682 -4.208574 8.157154 1.411893 -4.253883 7.91285 1.387918 -4.191497 8.254946 1.380138 -4.308168 7.838042 1.115316 -4.242637 8.272477 1.097693 -4.357572 7.809668 0.8653182 -4.208628 8.291967 0.8445543 -4.358889 7.945122 0.01950952 -4.064785 8.140803 0.0222164 -4.353515 8.102043 1.63736 -4.080581 8.164137 1.63782 -4.093889 0 0 0 7.819443 0.8395975 -4.180967 7.841006 0.811489 -4.155733 7.852246 0.7825366 -4.1491 7.805522 0.770215 -4.161419 7.808239 0.7288291 -4.1521 7.820805 0.7075081 -4.146866 7.799518 0.7626168 -4.180358 7.808882 0.7147619 -4.17627 7.825578 0.6936485 -4.174708 7.800822 0.7602473 -4.200888 7.807271 0.7173917 -4.198121 7.821373 0.6947386 -4.19662 7.803202 0.7602701 -4.221146 7.809128 0.724984 -4.219576 7.817464 0.707753 -4.218925 8.296461 0.8183954 -4.330293 8.289096 0.7907914 -4.297497 8.280015 0.7637042 -4.283626 8.30958 0.7467149 -4.32137 8.307641 0.7052616 -4.312156 8.29875 0.6841163 -4.301493 8.302553 0.7397301 -4.340193 8.293604 0.6925637 -4.330719 8.280401 0.671573 -4.320135 8.289412 0.7388938 -4.356174 8.281161 0.6968325 -4.349201 8.268597 0.6752875 -4.339598 8.27588 0.7405369 -4.371347 8.268266 0.7060089 -4.365644 8.260421 0.6894526 -4.360061 0 0 0 0 0 0
6 7.999345 0.9353037 -4.319468 8.086388 0.909673 -4.366161 7.916244 0.9205946 -4.262096 8.136597 0.4659813 -4.419019 7.809854 0.4901238 -4.34043 8.081332 0.1142215 -4.238461 7.892578 0.1009984 -4.300582 8.002382 1.106015 -4.332417 8.014345 1.240839 -4.355447 7.99564 1.469372 -4.396094 7.963718 1.556385 -4.431538 8.063913 1.405307 -4.420408 7.961447 1.413969 -4.324553 8.157511 1.373217 -4.481469 7.893314 1.391988 -4.232938 8.21824 1.094609 -4.446641 7.903073 1.128497 -4.11892 8.23811 0.841893 -4.432487 7.849293 0.8818241 -4.092069 8.143932 0.002366625 -4.353242 7.74753 0.01573505 -4.26458 7.914495 1.632885 -4.495983 7.884623 1.634495 -4.439965 0 0 0 8.21464 0.8133934 -4.445105 8.182813 0.7839171 -4.44826 8.167759 0.756509 -4.442713 8.214684 0.7405341 -4.454123 8.207316 0.6987174 -4.452099 8.195025 0.6774525 -4.446047 8.229666 0.7354804 -4.439893 8.219626 0.6884214 -4.430997 8.205748 0.6676 -4.420957 8.239403 0.7367305 -4.42166 8.231707 0.6948947 -4.412919 8.219003 0.6735545 -4.403046 8.248131 0.7404113 -4.403596 8.24151 0.7061253 -4.395638 8.2341 0.689744 -4.389038 7.827193 0.8551636 -4.110044 7.811813 0.8254307 -4.137815 7.809674 0.7957519 -4.148912 7.803091 0.7864976 -4.100356 7.795085 0.7448956 -4.103848 7.794823 0.7227714 -4.116108 7.818222 0.7795507 -4.087118 7.81752 0.731158 -4.09434 7.822232 0.7090393 -4.109021 7.837668 0.7773958 -4.080337 7.837127 0.7341902 -4.084677 7.840889 0.7106952 -4.096847 7.857299 0.7775584 -4.0748 7.857744 0.7419564 -4.078672 7.860146 0.7242388 -4.085537 0 0 0 0 0 0
7 8.015903 0.9381149 -4.35008 7.919592 0.9246151 -4.319166 8.105635 0.911361 -4.390651 7.870627 0.4982731 -4.184241 8.118487 0.460725 -4.359051 7.841874 0.114146 -4.28989 7.970091 0.08897205 -4.387191 8.030197 1.108655 -4.344498 8.059217 1.242739 -4.338998 8.086264 1.47054 -4.29894 8.093132 1.558032 -4.252632 8.007556 1.417753 -4.318317 8.146399 1.404343 -4.335799 7.892955 1.400384 -4.327459 8.252871 1.369361 -4.366759 7.795553 1.136109 -4.38398 8.257881 1.089078 -4.429525 7.726624 0.8961103 -4.33804 8.253659 0.8357607 -4.446053 7.735668 0.02817514 -4.185322 8.124659 0.01509931 -4.371166 8.045027 1.637298 -4.190735 8.105888 1.634773 -4.172779 0 0 0 7.724442 0.8729511 -4.306717 7.733893 0.8462982 -4.27367 7.739381 0.817511 -4.261433 7.697904 0.807347 -4.287181 7.693208 0.767153 -4.274165 7.701184 0.7456796 -4.263434 7.697415 0.7981659 -4.306363 7.699962 0.7504984 -4.2956 7.713013 0.7285249 -4.287011 7.704867 0.7934592 -4.3251 7.705603 0.7508141 -4.316932 7.716066 0.7274967 -4.309116 7.713499 0.7910754 -4.343427 7.71491 0.7558397 -4.33717 7.720768 0.7382237 -4.332461 8.247366 0.8082213 -4.419141 8.228435 0.7798727 -4.392127 8.214003 0.7529214 -4.38353 8.25324 0.7355159 -4.410821 8.246326 0.6939492 -4.405213 8.23341 0.6730384 -4.399232 8.252302 0.7297896 -4.431286 8.238386 0.6829908 -4.42801 8.221426 0.6625283 -4.423471 8.244983 0.7304912 -4.450644 8.232792 0.6888355 -4.449204 8.216724 0.6678172 -4.445422 8.237158 0.7336579 -4.469213 8.226364 0.6995206 -4.468319 8.216306 0.6833195 -4.466535 0 0 0 0 0 0
8 7.994985 0.9431309 -4.148967 8.056332 0.9165804 -4.226073 7.944421 0.9306002 -4.061218 7.991395 0.4681001 -4.243265 7.789196 0.5078418 -4.049937 8.005817 0.08215293 -4.129413 7.84944 0.11517 -4.003286 7.980626 1.112044 -4.173079 7.966503 1.242031 -4.214972 7.91392 1.464123 -4.26123 7.87226 1.552781 -4.277056 7.966662 1.399253 -4.309881 7.922374 1.416328 -4.177558 8.014364 1.364971 -4.41022 7.911016 1.406363 -4.062274 8.081594 1.08588 -4.399638 7.958796 1.152904 -3.935787 8.097161 0.8331037 -4.381684 7.922039 0.9150546 -3.854934 7.902663 0.02277186 -4.253663 7.704644 0.04441514 -3.943012 7.796708 1.630932 -4.301811 7.806659 1.634584 -4.239197 0 0 0 8.069971 0.805809 -4.375526 8.041891 0.7784169 -4.356737 8.032471 0.7522721 -4.341366 8.062192 0.732842 -4.377787 8.056255 0.6916991 -4.368896 8.049527 0.6715144 -4.355214 8.082571 0.7272944 -4.375258 8.078537 0.6813351 -4.35895 8.072995 0.6618339 -4.341175 8.101434 0.7285171 -4.366803 8.099329 0.6876059 -4.35239 8.094599 0.667504 -4.335425 8.119472 0.7322251 -4.358032 8.117983 0.6987448 -4.345402 8.115611 0.6831253 -4.334575 7.893113 0.8890306 -3.857816 7.865378 0.8587423 -3.872141 7.857171 0.8286247 -3.877984 7.873914 0.8233129 -3.831314 7.863685 0.7823276 -3.826561 7.856861 0.7594944 -3.835045 7.893231 0.8161339 -3.826045 7.88743 0.7675617 -3.827311 7.88385 0.7441748 -3.840241 7.913485 0.8129324 -3.828935 7.909373 0.7697063 -3.828252 7.906089 0.7451997 -3.838396 7.933399 0.8119348 -3.833234 7.930657 0.7762253 -3.833347 7.928886 0.7579396 -3.838761 0 0 0 0 0 0
9 7.603903 0.9507523 -4.138002 7.504871 0.9308713 -4.123472 7.700992 0.9296976 -4.161328 7.474497 0.4883198 -4.039183 7.699796 0.4796023 -4.109938 7.46034 0.101251 -4.142668 7.636838 0.09396871 -4.205429 7.60496 1.121978 -4.13783 7.613051 1.259038 -4.13785 7.629704 1.489045 -4.105464 7.638284 1.577262 -4.060849 7.553046 1.43154 -4.118643 7.69114 1.425137 -4.144168 7.439636 1.405982 -4.116769 7.795215 1.39188 -4.183931 7.370805 1.128549 -4.145337 7.815426 1.109251 -4.231216 7.340219 0.8802021 -4.102336 7.83242 0.8559627 -4.227134 7.452779 0.02168407 -3.990297 7.730538 0.01538857 -4.08439 7.620128 1.653915 -3.981962 7.682436 1.654953 -3.994191 0 0 0 7.34869 0.8564301 -4.07258 7.36928 0.8310187 -4.043908 7.38241 0.80371 -4.0344 7.339201 0.7865639 -4.052124 7.343536 0.7457396 -4.041096 7.356082 0.7250935 -4.033597 7.336574 0.7778485 -4.071349 7.348211 0.7309131 -4.063856 7.365053 0.7103899 -4.059153 7.340847 0.7750432 -4.091415 7.349832 0.7329243 -4.085834 7.364559 0.7110449 -4.081516 7.345909 0.7747356 -4.111172 7.354112 0.7401111 -4.107105 7.363078 0.7233749 -4.10459 7.83201 0.8288919 -4.19904 7.819429 0.8007097 -4.168392 7.807715 0.7733262 -4.15737 7.841549 0.756584 -4.190651 7.837522 0.7148973 -4.183369 7.826687 0.6937311 -4.174739 7.83706 0.7503631 -4.21049 7.825362 0.7032427 -4.204381 7.810018 0.6824663 -4.196643 7.826303 0.7504185 -4.228185 7.81623 0.7083629 -4.224219 7.802078 0.6867051 -4.217517 7.815119 0.7529424 -4.245054 7.805931 0.7184665 -4.241943 7.797038 0.7019002 -4.238297 0 0 0 0 0 0
10 7.659661 0.94617 -4.024677 7.565602 0.9265835 -4.05907 7.755892 0.9246873 -3.998375 7.528258 0.4813503 -3.994397 7.760495 0.4803746 -3.92219 7.578467 0.09699722 -4.096519 7.756639 0.1002869 -4.047672 7.661906 1.117376 -4.026366 7.666228 1.254605 -4.027075 7.663233 1.485664 -3.998227 7.653103 1.576095 -3.958655 7.602509 1.425996 -4.044152 7.73632 1.422369 -4.001208 7.502286 1.399632 -4.096867 7.84552 1.385872 -3.985025 7.459482 1.119101 -4.141511 7.894416 1.107107 -4.03424 7.417942 0.8694423 -4.121364 7.912252 0.8544124 -4.017264 7.474963 0.01769336 -3.984256 7.809305 0.011817 -3.909815 7.602237 1.656761 -3.900913 7.662305 1.654946 -3.880385 0 0 0 7.412139 0.8465205 -4.090329 7.41747 0.8205667 -4.055836 7.424253 0.7934162 -4.040822 7.393019 0.7774584 -4.074372 7.385843 0.7364305 -4.065872 7.388159 0.7128653 -4.056973 7.398736 0.7681724 -4.092636 7.397892 0.7200543 -4.083779 7.404119 0.695163 -4.075497 7.411186 0.7646816 -4.10881 7.40959 0.7217914 -4.102195 7.414152 0.6964136 -4.095165 7.424275 0.763687 -4.124422 7.423829 0.7282759 -4.119079 7.425733 0.7095812 -4.115378 7.901113 0.8271211 -3.991704 7.877926 0.7987585 -3.968257 7.863371 0.770904 -3.963691 7.906879 0.7547467 -3.980818 7.90109 0.7129206 -3.975911 7.8878 0.6917359 -3.972107 7.910408 0.7486836 -4.000899 7.897293 0.701544 -4.00148 7.879893 0.6809514 -4.001104 7.90731 0.7488816 -4.021373 7.897374 0.7066589 -4.023469 7.882244 0.6846328 -4.023904 7.903491 0.7515414 -4.041232 7.894786 0.7168779 -4.043544 7.885708 0.7000412 -4.044514 0 0 0 0 0 0
11 7.667439 0.9521704 -4.032421 7.593164 0.9301051 -4.098828 7.747892 0.9332964 -3.972547 7.550186 0.4838104 -4.044753 7.738413 0.4879731 -3.893519 7.639505 0.1001086 -4.119473 7.782443 0.09797128 -3.978948 7.665185 1.123377 -4.033985 7.657397 1.260421 -4.037035 7.627984 1.490316 -4.014398 7.598368 1.578873 -3.980827 7.590147 1.426662 -4.076633 7.702552 1.432752 -3.992428 7.514134 1.395082 -4.158751 7.803097 1.405309 -3.940889 7.509981 1.111636 -4.20527 7.880481 1.12899 -3.954402 7.490816 0.8585176 -4.210231 7.89307 0.879439 -3.909383 7.511025 0.02033415 -4.037412 7.760386 0.02192839 -3.826186 7.533959 1.657073 -3.934301 7.588941 1.65767 -3.902529 0 0 0 7.479451 0.8316439 -4.18433 7.47834 0.8028528 -4.151747 7.484013 0.7753569 -4.136902 7.466097 0.7595571 -4.180461 7.464184 0.717503 -4.174561 7.468492 0.694609 -4.164702 7.478061 0.7531254 -4.196831 7.482569 0.7050382 -4.18897 7.490828 0.6817455 -4.17819 7.495012 0.7528853 -4.208722 7.499389 0.7100903 -4.202781 7.50711 0.6863813 -4.193162 7.512066 0.7551123 -4.219687 7.516644 0.7200114 -4.214242 7.521461 0.7022904 -4.208802 7.873789 0.8543777 -3.886527 7.843889 0.8280447 -3.869081 7.828602 0.8002671 -3.867268 7.874559 0.7833484 -3.867978 7.867513 0.7419965 -3.861094 7.853723 0.7208388 -3.859654 7.884336 0.7755719 -3.885194 7.871619 0.7283196 -3.885133 7.854888 0.707403 -3.888216 7.888075 0.7739025 -3.905493 7.878797 0.7314788 -3.905489 7.864747 0.708872 -3.907895 7.890972 0.7747294 -3.925666 7.882566 0.7399264 -3.926553 7.874063 0.7228561 -3.928319 0 0 0 0 0 0
12 7.628109 0.9489852 -4.017822 7.5339 0.9283046 -4.051149 7.724873 0.9286231 -3.992609 7.511945 0.4808359 -3.991226 7.738008 0.4817588 -3.922179 7.548041 0.09587582 -4.098777 7.75737 0.09264638 -4.02062 7.628349 1.120205 -4.019539 7.628891 1.257466 -4.022727 7.623775 1.488868 -3.997111 7.616159 1.580542 -3.959904 7.561401 1.427542 -4.038406 7.697598 1.426699 -4.003589 7.458039 1.400013 -4.083983 7.807362 1.390014 -3.992426 7.417963 1.117346 -4.115859 7.856776 1.113071 -4.050597 7.383024 0.8666265 -4.096369 7.877026 0.8609423 -4.028652 7.468093 0.01595666 -3.969061 7.786503 0.01192095 -3.87149 7.575619 1.662996 -3.896768 7.638169 1.661034 -3.885978 0 0 0 7.380549 0.843785 -4.064835 7.389427 0.8174762 -4.031356 7.397885 0.7905062 -4.016876 7.364015 0.7745516 -4.046858 7.355729 0.7335528 -4.039276 7.356564 0.7092481 -4.032315 7.368081 0.7652522 -4.065551 7.365303 0.7169895 -4.057968 7.369218 0.6910111 -4.051905 7.378968 0.7618485 -4.082834 7.375655 0.7189367 -4.077049 7.378028 0.6928138 -4.071928 7.390509 0.7609526 -4.099628 7.388647 0.7254945 -4.094944 7.388866 0.7065077 -4.09244 7.867481 0.8335044 -4.002607 7.845903 0.805262 -3.977536 7.831447 0.7773985 -3.972718 7.872595 0.7608753 -3.993192 7.867075 0.7190015 -3.988382 7.853997 0.6978646 -3.983683 7.874305 0.7550411 -4.013576 7.860491 0.708103 -4.014274 7.842863 0.6877394 -4.013033 7.869514 0.7556048 -4.033713 7.859265 0.7134738 -4.036125 7.84428 0.6913448 -4.036042 7.864109 0.758635 -4.053146 7.855118 0.7240626 -4.055717 7.846087 0.7071911 -4.056499 0 0 0 0 0 0
