Hips LeftUpperLeg RightUpperLeg LeftLowerLeg RightLowerLeg LeftFoot RightFoot Spine Chest Neck Head LeftShoulder RightShoulder LeftUpperArm RightUpperArm LeftLowerArm RightLowerArm LeftHand RightHand LeftToes RightToes LeftEye RightEye Jaw LeftThumbProximal LeftThumbIntermediate LeftThumbDistal LeftIndexProximal LeftIndexIntermediate LeftIndexDistal LeftMiddleProximal LeftMiddleIntermediate LeftMiddleDistal LeftRingProximal LeftRingIntermediate LeftRingDistal LeftLittleProximal LeftLittleIntermediate LeftLittleDistal RightThumbProximal RightThumbIntermediate RightThumbDistal RightIndexProximal RightIndexIntermediate RightIndexDistal RightMiddleProximal RightMiddleIntermediate RightMiddleDistal RightRingProximal RightRingIntermediate RightRingDistal RightLittleProximal RightLittleIntermediate RightLittleDistal UpperChest LastBone
0 7.231827 0.932919 -2.482615 7.327509 0.9136861 -2.452806 7.13401 0.9115304 -2.502313 7.328767 0.4686801 -2.521137 7.156026 0.503703 -2.690382 7.255964 0.09942623 -2.386399 7.150444 0.1174135 -2.589686 7.231501 1.104036 -2.488792 7.232882 1.241298 -2.491638 7.241002 1.470283 -2.533226 7.249264 1.555623 -2.583179 7.303937 1.410639 -2.490347 7.166429 1.410208 -2.519567 7.412356 1.392431 -2.452502 7.052251 1.390256 -2.528739 7.458956 1.112172 -2.409999 6.986145 1.131658 -2.422529 7.499623 0.8686084 -2.469022 6.960837 0.8798214 -2.40257 7.311581 0.01631065 -2.526412 7.136105 0.03108277 -2.73783 7.294357 1.626127 -2.656827 7.231993 1.624957 -2.668752 0 0 0 7.498317 0.8496286 -2.503085 7.48508 0.8242675 -2.535848 7.475905 0.798221 -2.551532 7.517002 0.7847508 -2.531921 7.527125 0.7474256 -2.549567 7.527807 0.7249535 -2.561161 7.517097 0.7731467 -2.514094 7.516777 0.7273638 -2.531367 7.508409 0.7041913 -2.542319 7.50977 0.7668302 -2.495785 7.507952 0.7250215 -2.507388 7.49844 0.7016949 -2.516312 7.501509 0.7629791 -2.477538 7.500444 0.7282934 -2.486396 7.496126 0.7104381 -2.491814 6.971555 0.8474768 -2.421576 6.994188 0.8138884 -2.437431 7.007361 0.7850004 -2.438155 6.95895 0.7751561 -2.420793 6.961089 0.7327024 -2.420433 6.971881 0.7098245 -2.420335 6.952616 0.7731526 -2.400586 6.960776 0.7256951 -2.391884 6.976223 0.7040401 -2.387479 6.953485 0.7767483 -2.380211 6.960151 0.7351981 -2.369487 6.97456 0.7134737 -2.363597 6.955408 0.7825792 -2.36076 6.960196 0.7483693 -2.351303 6.96777 0.731497 -2.346326 0 0 0 0 0 0
1 7.27862 0.8936719 -2.766876 7.372809 0.8742874 -2.732723 7.181896 0.8723348 -2.791427 7.367018 0.4253099 -2.708999 7.23939 0.5046038 -3.044392 7.256672 0.1369514 -2.455891 7.276675 0.1072238 -3.063408 7.27826 1.064841 -2.771397 7.276217 1.20205 -2.77591 7.278303 1.430712 -2.819942 7.288927 1.514422 -2.872154 7.342414 1.373353 -2.775709 7.205315 1.368685 -2.806445 7.451708 1.360132 -2.738311 7.091152 1.349696 -2.817616 7.519606 1.081315 -2.725116 7.022871 1.106353 -2.681069 7.58434 0.8598149 -2.830984 6.985553 0.863121 -2.61857 7.296128 0.01185706 -2.567245 7.298684 0.06973716 -3.229888 7.335375 1.584276 -2.94558 7.273231 1.583051 -2.958596 0 0 0 7.583031 0.8529457 -2.869368 7.567346 0.8365541 -2.906477 7.558321 0.8154273 -2.928404 7.607683 0.8043241 -2.918541 7.61809 0.7759588 -2.948443 7.617455 0.759124 -2.967313 7.610511 0.7876992 -2.905577 7.611389 0.7503672 -2.937201 7.601288 0.7325097 -2.954695 7.605361 0.7748005 -2.890218 7.605061 0.7390407 -2.914856 7.594744 0.7198876 -2.930379 7.59897 0.7640933 -2.874076 7.599627 0.7341738 -2.893751 7.595124 0.7190443 -2.904596 6.992636 0.8262088 -2.629037 7.012849 0.7880734 -2.634417 7.024307 0.7592366 -2.627655 6.973491 0.757884 -2.610196 6.972775 0.7166482 -2.599894 6.982311 0.6937962 -2.594726 6.967663 0.7615461 -2.590069 6.972624 0.7170334 -2.570359 6.987318 0.6962495 -2.561464 6.969524 0.7699512 -2.571236 6.974104 0.731985 -2.550658 6.988038 0.7117403 -2.540157 6.972607 0.7801822 -2.553861 6.975314 0.7491025 -2.536271 6.982242 0.7335417 -2.527514 0 0 0 0 0 0
2 7.347217 0.9051927 -3.094481 7.438999 0.8768184 -3.060064 7.249329 0.8929405 -3.120586 7.48917 0.466178 -3.236231 7.320629 0.4784065 -3.279506 7.386025 0.2408927 -2.923184 7.340919 0.09375354 -3.174526 7.361472 1.075825 -3.093702 7.351019 1.212474 -3.102001 7.34805 1.441134 -3.145991 7.356533 1.525183 -3.198051 7.411254 1.385915 -3.097899 7.276515 1.376659 -3.136914 7.519116 1.377637 -3.055285 7.163885 1.354931 -3.155914 7.576543 1.100469 -3.006263 7.094899 1.094474 -3.056283 7.637004 0.8647618 -3.078702 7.07389 0.8414674 -3.058962 7.422265 0.07271376 -2.920426 7.362919 0.01424917 -3.325523 7.403962 1.59346 -3.272329 7.342112 1.591388 -3.28658 0 0 0 7.637 0.8473379 -3.113611 7.624837 0.8186375 -3.143946 7.617603 0.7911289 -3.158071 7.661676 0.786131 -3.145776 7.675243 0.7496125 -3.162787 7.677975 0.727047 -3.173887 7.663298 0.7737897 -3.128527 7.661213 0.7276762 -3.144766 7.649345 0.7056897 -3.1549 7.657004 0.7659144 -3.110439 7.655629 0.7246767 -3.123982 7.644529 0.7025206 -3.133991 7.649529 0.7603953 -3.092281 7.649388 0.7261172 -3.102658 7.644312 0.7087907 -3.109049 7.085736 0.8105682 -3.07963 7.109612 0.7773997 -3.094517 7.122879 0.7486213 -3.096606 7.071007 0.7390282 -3.087039 7.072001 0.696789 -3.091718 7.081573 0.6734293 -3.093322 7.062372 0.7354642 -3.06793 7.068046 0.6870126 -3.064088 7.082109 0.6642557 -3.060725 7.061037 0.7371714 -3.047336 7.065979 0.6946265 -3.040169 7.079687 0.6722675 -3.035028 7.060916 0.7411445 -3.02733 7.063797 0.7060202 -3.020952 7.07046 0.6885162 -3.016949 0 0 0 0 0 0
16 7.414252 0.9515514 -3.567855 7.479578 0.930245 -3.492408 7.342396 0.9318515 -3.637585 7.573566 0.4900024 -3.523798 7.38096 0.4835976 -3.686778 7.516072 0.1039841 -3.433122 7.34295 0.09620442 -3.586929 7.414462 1.122772 -3.566158 7.416877 1.260024 -3.568755 7.442575 1.490232 -3.592707 7.474727 1.579746 -3.62099 7.473348 1.42905 -3.524394 7.373369 1.429929 -3.623217 7.538472 1.401264 -3.432169 7.282026 1.3961 -3.686704 7.544629 1.118862 -3.379881 7.204394 1.120585 -3.662446 7.574453 0.8669048 -3.370454 7.187386 0.8685972 -3.688394 7.634891 0.0158244 -3.520958 7.379438 0.0169998 -3.735254 7.540571 1.659092 -3.663382 7.486978 1.659958 -3.697438 0 0 0 7.593738 0.8420038 -3.393482 7.604619 0.813064 -3.424075 7.605413 0.7848752 -3.438681 7.616918 0.7723446 -3.393812 7.62853 0.7314612 -3.392956 7.63202 0.7068549 -3.397671 7.603145 0.7642415 -3.379773 7.610476 0.7158964 -3.381649 7.611015 0.6895629 -3.387412 7.584505 0.7616596 -3.37113 7.59108 0.7187449 -3.372117 7.592323 0.6924166 -3.376537 7.565608 0.7615179 -3.363453 7.570037 0.72604 -3.365549 7.571354 0.7070283 -3.367455 7.207793 0.8401648 -3.705639 7.237676 0.8104494 -3.7164 7.251464 0.7820644 -3.712826 7.206022 0.7673166 -3.714573 7.208355 0.7249456 -3.717077 7.218164 0.7016727 -3.715648 7.194316 0.7622127 -3.697563 7.201329 0.7140852 -3.69217 7.213433 0.6908013 -3.685982 7.188557 0.763419 -3.677709 7.192608 0.7204011 -3.673358 7.201506 0.6957472 -3.668135 7.183745 0.7670584 -3.658224 7.188194 0.7318208 -3.653619 7.193173 0.7137064 -3.649893 0 0 0 0 0 0
17 7.416083 0.9506701 -3.572585 7.482517 0.9299588 -3.497945 7.343323 0.9303867 -3.641201 7.560194 0.486067 -3.529174 7.379019 0.4817891 -3.689883 7.505438 0.1005969 -3.432842 7.340666 0.09455808 -3.58936 7.415792 1.121897 -3.571791 7.416357 1.259193 -3.571231 7.438063 1.489866 -3.594644 7.467037 1.58021 -3.623711 7.471711 1.428781 -3.527612 7.368846 1.428735 -3.623432 7.54004 1.401423 -3.437605 7.2767 1.393144 -3.684759 7.54975 1.118985 -3.386051 7.197378 1.11842 -3.657223 7.580596 0.8670816 -3.37872 7.178286 0.866781 -3.685039 7.628545 0.01956811 -3.521634 7.376572 0.0158492 -3.738091 7.528476 1.660976 -3.669869 7.472951 1.660635 -3.700686 0 0 0 7.599778 0.8434816 -3.40316 7.610414 0.8155565 -3.434765 7.611665 0.7877086 -3.44998 7.625619 0.7748302 -3.406161 7.639216 0.7345564 -3.405748 7.643844 0.7100905 -3.410207 7.61282 0.7658772 -3.391722 7.6224 0.7179409 -3.39392 7.624227 0.6915598 -3.399179 7.594705 0.762363 -3.382326 7.603396 0.7198318 -3.383514 7.606032 0.6935206 -3.387391 7.576193 0.7612973 -3.373827 7.582368 0.7260811 -3.37592 7.584767 0.7071367 -3.377394 7.197272 0.8378165 -3.703006 7.226102 0.8075352 -3.714994 7.239694 0.7790127 -3.711785 7.19398 0.7648862 -3.71076 7.195831 0.7224628 -3.712724 7.205624 0.6991729 -3.711481 7.1832 0.7601898 -3.693034 7.189994 0.7121058 -3.68701 7.202299 0.6888844 -3.680984 7.178608 0.761754 -3.672903 7.182298 0.7188078 -3.667623 7.19129 0.6942323 -3.662197 7.174975 0.765732 -3.65323 7.179012 0.7305365 -3.647971 7.183949 0.7124544 -3.644035 0 0 0 0 0 0
18 7.425082 0.9499249 -3.567858 7.49434 0.9291844 -3.495838 7.349768 0.9296577 -3.633666 7.556938 0.4830101 -3.531601 7.379632 0.4812857 -3.68824 7.500275 0.09775462 -3.434613 7.336579 0.09316882 -3.593085 7.424675 1.12115 -3.566843 7.423685 1.25844 -3.565637 7.442403 1.489471 -3.588086 7.47013 1.580376 -3.616615 7.47894 1.428239 -3.522722 7.372798 1.427882 -3.614897 7.550714 1.400821 -3.435455 7.279555 1.391234 -3.673899 7.567481 1.118346 -3.385962 7.203102 1.116198 -3.641751 7.602756 0.8669457 -3.382162 7.192586 0.8641465 -3.670388 7.623397 0.01708635 -3.523712 7.372775 0.01388761 -3.741441 7.528286 1.662115 -3.665246 7.470985 1.661925 -3.692624 0 0 0 7.619745 0.8433916 -3.408216 7.627695 0.8161712 -3.441196 7.626942 0.78887 -3.457402 7.642034 0.7737471 -3.414745 7.653502 0.7328324 -3.415976 7.656676 0.7082873 -3.421206 7.629407 0.7648791 -3.400104 7.636324 0.7165892 -3.403943 7.63658 0.6902791 -3.409831 7.611537 0.7618824 -3.390079 7.617933 0.7190015 -3.392565 7.61907 0.6926745 -3.397022 7.593356 0.7613825 -3.380846 7.597681 0.725946 -3.383717 7.599118 0.7069288 -3.385477 7.21235 0.8356596 -3.688281 7.242234 0.8064268 -3.700287 7.257067 0.7785518 -3.696887 7.21175 0.7625449 -3.694889 7.216264 0.720286 -3.695801 7.227927 0.6979038 -3.694096 7.201488 0.7577126 -3.676895 7.211217 0.7103348 -3.669465 7.225466 0.6884202 -3.662856 7.19721 0.7594113 -3.656705 7.203366 0.716986 -3.649774 7.214411 0.6934866 -3.643444 7.193787 0.7635517 -3.637028 7.199576 0.7288172 -3.630495 7.205834 0.7113107 -3.625893 0 0 0 0 0 0
20 7.4647 0.9494038 -3.516849 7.494998 0.9288136 -3.421603 7.42624 0.9289878 -3.60914 7.550631 0.4812799 -3.452929 7.471008 0.4832621 -3.676307 7.437522 0.0965934 -3.434608 7.378424 0.09246572 -3.65465 7.463829 1.12063 -3.51637 7.462126 1.257895 -3.5139 7.488612 1.489108 -3.522197 7.526702 1.579796 -3.535281 7.492357 1.426758 -3.448338 7.438247 1.4283 -3.578077 7.517684 1.397576 -3.338677 7.379101 1.395352 -3.672601 7.514801 1.114461 -3.290087 7.306464 1.117656 -3.684097 7.547749 0.8631985 -3.274524 7.305998 0.8655403 -3.714065 7.589245 0.01694246 -3.450127 7.484259 0.01234975 -3.764129 7.603602 1.660372 -3.53056 7.581648 1.659791 -3.590146 0 0 0 7.573533 0.8396292 -3.2919 7.593843 0.8129645 -3.319618 7.599322 0.7860055 -3.335485 7.595439 0.7695756 -3.29036 7.604565 0.7280691 -3.289374 7.608419 0.703724 -3.29506 7.57779 0.7607984 -3.282364 7.58321 0.7122868 -3.285793 7.584374 0.686451 -3.293416 7.557339 0.7580829 -3.280587 7.561876 0.7149268 -3.282273 7.563212 0.688882 -3.288116 7.536966 0.7578819 -3.279601 7.540053 0.7222468 -3.281416 7.540947 0.703236 -3.283565 7.333245 0.8389076 -3.722465 7.366983 0.8115472 -3.720248 7.380033 0.7837561 -3.712127 7.339313 0.7667722 -3.73469 7.348746 0.7254221 -3.731823 7.361949 0.7058921 -3.722651 7.321877 0.7602286 -3.724411 7.331655 0.7140569 -3.711485 7.344739 0.69581 -3.696558 7.308312 0.7599721 -3.708768 7.314243 0.7184169 -3.69764 7.325132 0.6982203 -3.683937 7.295628 0.7621948 -3.69295 7.300075 0.7280135 -3.683227 7.306109 0.7121356 -3.674378 0 0 0 0 0 0
21 7.464917 0.9499816 -3.506295 7.494404 0.9292655 -3.410823 7.42696 0.9297519 -3.598836 7.551547 0.482339 -3.446556 7.47085 0.4851879 -3.673557 7.436852 0.09787234 -3.437472 7.377083 0.09442361 -3.658003 7.465234 1.12121 -3.505966 7.46574 1.258463 -3.502482 7.496116 1.489284 -3.507851 7.537734 1.578647 -3.51919 7.497688 1.426098 -3.434626 7.445648 1.429911 -3.565162 7.520582 1.395352 -3.324857 7.386617 1.400363 -3.660874 7.512272 1.111861 -3.279171 7.314787 1.122971 -3.681295 7.54046 0.8598745 -3.266171 7.308988 0.8715752 -3.716329 7.588381 0.01798596 -3.453673 7.482895 0.0146028 -3.767719 7.614687 1.659157 -3.51422 7.592155 1.659313 -3.573593 0 0 0 7.56601 0.8359529 -3.283411 7.586249 0.8094414 -3.311328 7.591406 0.782661 -3.3276 7.586255 0.7653902 -3.282481 7.593891 0.7235918 -3.283746 7.596935 0.6996842 -3.29143 7.568261 0.7569181 -3.274937 7.571869 0.7084818 -3.280888 7.572081 0.6834015 -3.290781 7.547723 0.754658 -3.273573 7.550481 0.7114942 -3.277466 7.550765 0.6860519 -3.285644 7.527337 0.7549209 -3.272963 7.528904 0.7193078 -3.27642 7.528969 0.7005176 -3.280126 7.33641 0.8452783 -3.725203 7.370325 0.8181535 -3.722787 7.383385 0.790182 -3.715331 7.342687 0.7737712 -3.740602 7.354379 0.7333412 -3.734624 7.369133 0.7166948 -3.722579 7.324961 0.7668104 -3.731126 7.336745 0.722066 -3.715201 7.351404 0.7077223 -3.697699 7.310965 0.7658682 -3.715893 7.31874 0.7255736 -3.701689 7.331862 0.7092881 -3.685051 7.297851 0.767392 -3.700345 7.303438 0.7340888 -3.688414 7.311112 0.7203643 -3.677479 0 0 0 0 0 0
22 7.462815 0.9510351 -3.505639 7.490245 0.9299769 -3.40963 7.426497 0.9312219 -3.598924 7.551906 0.4838115 -3.444922 7.470041 0.4868225 -3.674489 7.437206 0.09948691 -3.437646 7.375972 0.09621211 -3.658175 7.464644 1.122254 -3.505129 7.466827 1.259506 -3.502352 7.500712 1.489879 -3.505457 7.544006 1.578662 -3.514929 7.498774 1.42634 -3.432547 7.451452 1.431518 -3.564821 7.517289 1.394771 -3.322188 7.395247 1.403417 -3.662647 7.504503 1.111339 -3.277177 7.320917 1.127027 -3.687293 7.52915 0.8589998 -3.263828 7.311425 0.8759215 -3.723575 7.588582 0.01923951 -3.453479 7.482086 0.01643082 -3.767627 7.620105 1.660045 -3.511168 7.595787 1.660718 -3.569829 0 0 0 7.554829 0.8346567 -3.280267 7.575639 0.8083684 -3.307974 7.58087 0.7817091 -3.324421 7.573674 0.7637135 -3.278946 7.579859 0.7220169 -3.284438 7.582221 0.699657 -3.296028 7.555267 0.7555609 -3.272078 7.557027 0.7078367 -3.282745 7.55638 0.6850322 -3.297116 7.534654 0.7536923 -3.271448 7.535253 0.71104 -3.279591 7.534414 0.6876362 -3.292468 7.514267 0.7543458 -3.271554 7.514047 0.7191686 -3.278278 7.513206 0.7013667 -3.285293 7.338365 0.8490376 -3.732164 7.371685 0.8212516 -3.729079 7.384027 0.792977 -3.721542 7.343175 0.7775739 -3.748276 7.354629 0.7374059 -3.740378 7.369308 0.7219054 -3.72681 7.325075 0.7709592 -3.739272 7.336501 0.7267756 -3.721615 7.351184 0.7140936 -3.702892 7.310727 0.7702004 -3.72436 7.318284 0.7304506 -3.708589 7.331728 0.7158744 -3.690671 7.297316 0.7718803 -3.709084 7.302649 0.7390015 -3.695922 7.310612 0.7262992 -3.684004 0 0 0 0 0 0
23 7.461186 0.9525152 -3.517443 7.485341 0.9315681 -3.420534 7.428119 0.9325789 -3.611904 7.551806 0.4855268 -3.446137 7.472883 0.4868291 -3.677324 7.438924 0.1008917 -3.433451 7.376436 0.09727307 -3.654067 7.462732 1.123737 -3.517001 7.464774 1.260999 -3.514596 7.49864 1.491374 -3.517738 7.541808 1.58045 -3.524703 7.494566 1.428163 -3.444632 7.451188 1.432718 -3.578273 7.509709 1.397111 -3.333613 7.398157 1.403721 -3.677598 7.495646 1.114003 -3.286971 7.322937 1.127511 -3.701534 7.519075 0.8617767 -3.269839 7.316509 0.8761042 -3.736377 7.590343 0.02065852 -3.448944 7.482939 0.01778879 -3.763358 7.617665 1.66211 -3.522333 7.591183 1.663692 -3.580031 0 0 0 7.545128 0.8369644 -3.284933 7.566798 0.8105099 -3.31181 7.572425 0.7836634 -3.327816 7.563411 0.7659374 -3.281656 7.569265 0.7246902 -3.290106 7.571653 0.7040874 -3.304587 7.544722 0.7580343 -3.275275 7.546035 0.7111607 -3.289263 7.545421 0.6908303 -3.306962 7.524086 0.7563116 -3.275321 7.523752 0.7143951 -3.286668 7.522721 0.6933945 -3.303166 7.50372 0.7570953 -3.276139 7.502782 0.7225265 -3.285456 7.501744 0.7060649 -3.295191 7.343515 0.8490928 -3.744335 7.376443 0.8208978 -3.740788 7.388281 0.7924246 -3.733191 7.34835 0.7776493 -3.760529 7.358211 0.7366484 -3.755171 7.371633 0.7189428 -3.743078 7.329982 0.7711114 -3.752023 7.339609 0.7255265 -3.737062 7.352891 0.7099095 -3.719551 7.315243 0.7703914 -3.737496 7.32148 0.7294451 -3.724444 7.333328 0.7119681 -3.70806 7.301443 0.7721037 -3.722574 7.305902 0.7383494 -3.711463 7.312722 0.723988 -3.700783 0 0 0 0 0 0
24 7.458866 0.9540522 -3.541882 7.480099 0.9327264 -3.444373 7.428897 0.9344301 -3.637436 7.550276 0.4866411 -3.455616 7.474689 0.4866001 -3.685815 7.441248 0.1015801 -3.429114 7.378363 0.09800472 -3.649456 7.459355 1.125275 -3.540501 7.459807 1.262565 -3.539016 7.491686 1.493199 -3.543571 7.533978 1.582581 -3.551864 7.486457 1.430642 -3.469977 7.446194 1.433548 -3.604636 7.499262 1.400782 -3.35834 7.396062 1.402724 -3.704912 7.48635 1.117779 -3.310738 7.321444 1.126152 -3.726433 7.511995 0.8658559 -3.292367 7.320113 0.8742886 -3.75843 7.592548 0.02110114 -3.444496 7.484943 0.01868322 -3.75879 7.610503 1.663518 -3.547235 7.586812 1.664374 -3.606149 0 0 0 7.538718 0.8410239 -3.306207 7.561444 0.8143924 -3.332016 7.567804 0.7873513 -3.347408 7.557527 0.7702447 -3.301077 7.564472 0.7291328 -3.30936 7.567748 0.7087669 -3.324002 7.538723 0.7622806 -3.295122 7.541429 0.7154533 -3.309064 7.541833 0.6954196 -3.327104 7.518114 0.7603614 -3.295761 7.518928 0.7185176 -3.30735 7.518874 0.6978588 -3.324305 7.497777 0.7609371 -3.297211 7.497859 0.726481 -3.306982 7.497524 0.7103028 -3.317228 7.347234 0.8471717 -3.765599 7.379929 0.8187653 -3.761614 7.391484 0.7902892 -3.753603 7.352321 0.7754545 -3.78045 7.360628 0.733853 -3.777743 7.372684 0.7140105 -3.767703 7.333866 0.7690482 -3.772033 7.342031 0.722344 -3.759928 7.35385 0.7037548 -3.74438 7.318967 0.7685714 -3.75766 7.324102 0.7266656 -3.747492 7.334197 0.7062938 -3.733444 7.305 0.7705349 -3.742925 7.308867 0.7361023 -3.733863 7.314507 0.7201756 -3.724844 0 0 0 0 0 0
29 7.422881 0.9500005 -3.548606 7.325466 0.9292779 -3.570846 7.521999 0.9297797 -3.535176 7.327824 0.4823703 -3.503391 7.564866 0.4852353 -3.459759 7.377449 0.09790864 -3.607198 7.598335 0.0944738 -3.548725 7.422416 1.121229 -3.548453 7.419119 1.258482 -3.549703 7.408469 1.489292 -3.520672 7.397416 1.578629 -3.47892 7.344314 1.426087 -3.555972 7.483369 1.429953 -3.535692 7.237841 1.395306 -3.591107 7.595793 1.400472 -3.538907 7.202558 1.111806 -3.621214 7.649555 1.123097 -3.590825 7.177327 0.8598036 -3.60336 7.682949 0.8717195 -3.578372 7.315723 0.01800718 -3.467875 7.640447 0.01464745 -3.402234 7.354669 1.659158 -3.414763 7.41736 1.659322 -3.404629 0 0 0 7.179473 0.8358852 -3.572611 7.19353 0.8093944 -3.541107 7.205055 0.782625 -3.528492 7.168578 0.7653167 -3.555547 7.165956 0.7235163 -3.548275 7.171172 0.6996357 -3.541763 7.171061 0.7568449 -3.5749 7.174527 0.7084202 -3.568774 7.183085 0.6833796 -3.563609 7.180165 0.7545895 -3.593361 7.182265 0.7114325 -3.589012 7.189307 0.6860235 -3.584644 7.189844 0.7548574 -3.611314 7.192137 0.7192504 -3.608221 7.195386 0.7004744 -3.606291 7.676933 0.8454184 -3.550188 7.657881 0.8182845 -3.522036 7.644911 0.7903042 -3.514457 7.6872 0.7739232 -3.537041 7.676102 0.7335114 -3.529917 7.65823 0.7169262 -3.523177 7.687876 0.7669616 -3.557129 7.668124 0.7222466 -3.554901 7.645583 0.7079867 -3.550967 7.681695 0.7660114 -3.57687 7.665439 0.7257444 -3.577254 7.644401 0.7095457 -3.574209 7.674798 0.7675262 -3.596006 7.661623 0.7342426 -3.597147 7.648266 0.7205673 -3.595968 0 0 0 0 0 0
30 7.423588 0.9510639 -3.550631 7.326741 0.9299988 -3.574931 7.522528 0.9312583 -3.53539 7.326313 0.4838467 -3.503835 7.566076 0.4868431 -3.45993 7.377328 0.09952428 -3.606815 7.598921 0.09623905 -3.549599 7.422217 1.122282 -3.549294 7.418733 1.259535 -3.548761 7.404444 1.489903 -3.517839 7.39093 1.578688 -3.475638 7.342308 1.426368 -3.556039 7.480499 1.431546 -3.530758 7.237513 1.394802 -3.595283 7.593319 1.403438 -3.530417 7.204918 1.11138 -3.628943 7.651865 1.127062 -3.58249 7.180985 0.8590406 -3.61436 7.688059 0.8759601 -3.572564 7.31534 0.01927509 -3.467809 7.640637 0.01646098 -3.40297 7.349641 1.660079 -3.411614 7.412607 1.660778 -3.40339 0 0 0 7.18236 0.8346905 -3.583906 7.195934 0.8084099 -3.552017 7.207561 0.7817537 -3.539257 7.171793 0.7637417 -3.568272 7.173557 0.7220555 -3.560137 7.182498 0.6997434 -3.552256 7.175067 0.7555942 -3.587646 7.18354 0.707895 -3.580754 7.196406 0.6851587 -3.574085 7.184845 0.7537317 -3.605805 7.19171 0.7110994 -3.601196 7.203387 0.687759 -3.595442 7.195145 0.7543914 -3.623398 7.201167 0.7192307 -3.620211 7.207741 0.7014622 -3.617403 7.682016 0.8490632 -3.544954 7.662675 0.8212597 -3.517665 7.649982 0.792978 -3.510765 7.693577 0.7775979 -3.532753 7.681051 0.7374139 -3.526807 7.661981 0.7218797 -3.520898 7.694846 0.7709917 -3.552932 7.673888 0.7267852 -3.55189 7.650352 0.7140614 -3.548557 7.68912 0.7702393 -3.572818 7.671729 0.7304703 -3.574176 7.649514 0.7158522 -3.571515 7.682611 0.7719253 -3.592075 7.66858 0.7390324 -3.59405 7.654297 0.7263061 -3.593128 0 0 0 0 0 0
31 7.434896 0.9525549 -3.545963 7.338915 0.9316048 -3.573576 7.533219 0.9326211 -3.527287 7.327547 0.4855619 -3.503278 7.567183 0.4868217 -3.455977 7.372759 0.1009192 -3.607453 7.59507 0.09729447 -3.5513 7.433738 1.123776 -3.544861 7.430668 1.261039 -3.544311 7.416491 1.491419 -3.51343 7.400908 1.580506 -3.472598 7.355225 1.428221 -3.553546 7.492634 1.432745 -3.524209 7.251529 1.397191 -3.596006 7.605156 1.403712 -3.520397 7.218137 1.114087 -3.631509 7.663457 1.127499 -3.573598 7.191583 0.8618598 -3.61981 7.696733 0.8760802 -3.561682 7.310464 0.02068379 -3.468577 7.636464 0.01781591 -3.404416 7.360963 1.662171 -3.408072 7.424177 1.663764 -3.402206 0 0 0 7.191577 0.8370338 -3.589712 7.203969 0.8105695 -3.557495 7.214993 0.7837163 -3.544613 7.179554 0.7660045 -3.575566 7.183975 0.7247649 -3.56625 7.195349 0.7041926 -3.556908 7.183398 0.7581089 -3.59494 7.194888 0.7112483 -3.586781 7.210556 0.6909599 -3.578422 7.19378 0.7563908 -3.612775 7.203817 0.7144877 -3.607366 7.21866 0.6935301 -3.599969 7.204697 0.7571788 -3.629986 7.213272 0.7226216 -3.62612 7.222256 0.7061859 -3.622122 7.690109 0.8490671 -3.53432 7.670571 0.8208628 -3.507588 7.658077 0.7923855 -3.501145 7.701714 0.7776234 -3.522035 7.692221 0.7366046 -3.516171 7.675093 0.7188441 -3.510599 7.703543 0.7710868 -3.542194 7.685856 0.7254694 -3.541334 7.664103 0.7097768 -3.538597 7.698342 0.7703674 -3.562225 7.683999 0.7293928 -3.563337 7.66395 0.7118414 -3.561278 7.692328 0.7720805 -3.58164 7.680533 0.7383056 -3.583321 7.667921 0.7239036 -3.582762 0 0 0 0 0 0
32 7.457186 0.9540535 -3.535844 7.362138 0.9327201 -3.566247 7.554912 0.934436 -3.513968 7.336524 0.4866515 -3.499864 7.573688 0.4865874 -3.450196 7.367945 0.1015978 -3.607591 7.590188 0.09801169 -3.551893 7.455751 1.125276 -3.536171 7.454266 1.262566 -3.536541 7.442289 1.493207 -3.506691 7.428301 1.582594 -3.465939 7.381183 1.430653 -3.548042 7.517915 1.433543 -3.515506 7.278118 1.400805 -3.592823 7.629811 1.402695 -3.508717 7.243358 1.117797 -3.627775 7.685705 1.126104 -3.562533 7.214604 0.8658763 -3.614749 7.714003 0.874234 -3.54765 7.305605 0.0211288 -3.46887 7.63159 0.01869293 -3.404925 7.386048 1.663523 -3.401958 7.448919 1.664384 -3.393044 0 0 0 7.213233 0.8410321 -3.584696 7.224213 0.8143812 -3.552124 7.234371 0.7873402 -3.538927 7.199446 0.7702346 -3.571007 7.203033 0.7291 -3.560903 7.213968 0.7086588 -3.550781 7.203712 0.7622816 -3.590269 7.214307 0.7154185 -3.58099 7.229613 0.6952829 -3.571651 7.214582 0.7603791 -3.60779 7.224096 0.7185072 -3.601302 7.238686 0.6977507 -3.592901 7.226018 0.7609717 -3.62467 7.234364 0.7264983 -3.619707 7.243324 0.7102705 -3.614892 7.70662 0.8471109 -3.520593 7.686803 0.8187052 -3.494283 7.67406 0.790238 -3.488298 7.71684 0.775372 -3.508808 7.710407 0.7337585 -3.502981 7.695754 0.7138633 -3.497566 7.718765 0.7689754 -3.529003 7.704264 0.7222509 -3.527984 7.68496 0.7035881 -3.525526 7.713762 0.7685178 -3.549092 7.702451 0.7265951 -3.549711 7.685321 0.7061525 -3.547994 7.707983 0.7705013 -3.568552 7.698234 0.736059 -3.569715 7.687655 0.720097 -3.569339 0 0 0 0 0 0
33 7.475203 0.9538903 -3.532093 7.380754 0.9319794 -3.563918 7.572536 0.934736 -3.508155 7.34054 0.4873378 -3.496934 7.580323 0.4861291 -3.447823 7.365446 0.1027083 -3.607012 7.587762 0.09827348 -3.553121 7.473562 1.125088 -3.534911 7.472437 1.262382 -3.535207 7.460716 1.49316 -3.506335 7.445763 1.582691 -3.466247 7.400305 1.430718 -3.548859 7.536282 1.433172 -3.513268 7.298145 1.40125 -3.59591 7.647746 1.401469 -3.503828 7.265056 1.118048 -3.630903 7.701531 1.124106 -3.555792 7.236482 0.8660614 -3.618772 7.726915 0.8720629 -3.538747 7.302823 0.02202954 -3.46854 7.629363 0.01939442 -3.405972 7.404565 1.663379 -3.401282 7.467607 1.664478 -3.393707 0 0 0 7.234722 0.8406798 -3.589193 7.244836 0.8129078 -3.557283 7.254719 0.7855605 -3.544515 7.221507 0.7694915 -3.577054 7.220092 0.7277045 -3.569381 7.226552 0.7046685 -3.561166 7.226319 0.7619295 -3.596344 7.231261 0.7137995 -3.589023 7.241617 0.6900857 -3.581449 7.237618 0.7604662 -3.613635 7.241906 0.7176018 -3.608146 7.251269 0.6934938 -3.601408 7.249435 0.7614928 -3.630229 7.254143 0.7263036 -3.625511 7.259657 0.7083622 -3.621701 7.718251 0.8448719 -3.512141 7.697703 0.8165195 -3.48634 7.684111 0.7883286 -3.480947 7.72536 0.7725938 -3.501411 7.721526 0.7306088 -3.495973 7.709536 0.7089058 -3.490963 7.727114 0.7664272 -3.521693 7.715336 0.7189438 -3.520642 7.698875 0.6976933 -3.518537 7.722198 0.7664863 -3.541809 7.71353 0.7239338 -3.541731 7.699806 0.7010489 -3.540243 7.716608 0.7690071 -3.561262 7.708352 0.7341594 -3.561666 7.699894 0.716979 -3.561337 0 0 0 0 0 0
35 7.495987 0.9506251 -3.506421 7.429457 0.9299421 -3.580985 7.568829 0.9303139 -3.4379 7.352397 0.4859179 -3.549774 7.533297 0.4817217 -3.389085 7.407146 0.1004201 -3.646085 7.571824 0.09449341 -3.489538 7.496301 1.121852 -3.507172 7.495777 1.259148 -3.507813 7.474167 1.489832 -3.484419 7.445374 1.580242 -3.455379 7.440398 1.42874 -3.551383 7.543413 1.428689 -3.455725 7.371919 1.401376 -3.641274 7.635617 1.393054 -3.394512 7.36197 1.118943 -3.69281 7.714968 1.118365 -3.422309 7.330983 0.8670561 -3.70011 7.733803 0.8667002 -3.394547 7.284003 0.01945528 -3.557283 7.535928 0.01575907 -3.340818 7.384229 1.661152 -3.409082 7.439868 1.660762 -3.378472 0 0 0 7.311842 0.843524 -3.675572 7.301263 0.8156671 -3.643888 7.300023 0.7878479 -3.62862 7.285932 0.7749081 -3.672371 7.272284 0.7346506 -3.672701 7.267634 0.7101943 -3.668211 7.29868 0.7659135 -3.686829 7.289048 0.7179913 -3.68455 7.287198 0.6916161 -3.679269 7.316765 0.7623608 -3.696269 7.308022 0.7198419 -3.695015 7.305357 0.6935363 -3.691118 7.335251 0.7612581 -3.704818 7.329034 0.7260517 -3.702683 7.326609 0.7071115 -3.7012 7.714787 0.8377414 -3.376601 7.685919 0.8074899 -3.364633 7.672281 0.7789918 -3.367868 7.717981 0.7647975 -3.368936 7.716037 0.7223755 -3.367034 7.706178 0.6991149 -3.368308 7.728743 0.7601067 -3.386674 7.721848 0.7120476 -3.392781 7.709475 0.6888719 -3.398844 7.733324 0.7616882 -3.406806 7.72955 0.7187604 -3.412176 7.720489 0.6942218 -3.417654 7.73695 0.7656842 -3.426477 7.732855 0.7305057 -3.431806 7.727876 0.7124438 -3.43578 0 0 0 0 0 0
36 7.486465 0.9498983 -3.511578 7.417103 0.9291599 -3.583498 7.56187 0.9296281 -3.445874 7.35521 0.4829016 -3.547465 7.532435 0.4812762 -3.3909 7.412189 0.0976493 -3.644307 7.575805 0.09311446 -3.485728 7.486885 1.121124 -3.512602 7.487921 1.258412 -3.513901 7.469403 1.489463 -3.491497 7.441692 1.580388 -3.463015 7.432687 1.428232 -3.556761 7.539024 1.427839 -3.464812 7.360702 1.400826 -3.643857 7.632345 1.391132 -3.40597 7.343527 1.118346 -3.693184 7.708497 1.116033 -3.438295 7.308052 0.8669695 -3.696683 7.718677 0.8639749 -3.409598 7.289075 0.01699134 -3.555186 7.539604 0.0138103 -3.337386 7.383625 1.662149 -3.414315 7.440981 1.661986 -3.387056 0 0 0 7.291254 0.8434604 -3.670465 7.283541 0.8163299 -3.637356 7.284445 0.7890838 -3.621064 7.269168 0.7737839 -3.663594 7.257823 0.7328411 -3.662174 7.254747 0.7083044 -3.656848 7.281741 0.7648986 -3.678271 7.274983 0.7166011 -3.674247 7.274835 0.690309 -3.668274 7.299567 0.7619122 -3.688377 7.293307 0.7190205 -3.685735 7.29227 0.692704 -3.681194 7.317701 0.7614258 -3.697702 7.313487 0.725985 -3.694721 7.312112 0.7069684 -3.692904 7.698888 0.8355241 -3.391676 7.668961 0.8063508 -3.379631 7.65407 0.7785042 -3.38301 7.699369 0.762409 -3.385061 7.69472 0.7201644 -3.384168 7.682961 0.6978331 -3.385875 7.709599 0.757557 -3.403069 7.699718 0.7102153 -3.410528 7.685366 0.6883696 -3.417141 7.713853 0.7592464 -3.423264 7.707567 0.7168474 -3.430241 7.696413 0.693406 -3.436592 7.717257 0.7633789 -3.442946 7.711375 0.7286664 -3.449513 7.705045 0.7111902 -3.454132 0 0 0 0 0 0
37 7.466886 0.9494625 -3.525471 7.395398 0.9286479 -3.595256 7.544143 0.9292352 -3.461942 7.346439 0.4811852 -3.553576 7.523427 0.4814611 -3.398461 7.414507 0.09600481 -3.643637 7.577012 0.09228846 -3.483652 7.467643 1.120682 -3.52707 7.469114 1.257939 -3.530112 7.453653 1.489283 -3.508422 7.428272 1.580917 -3.480042 7.413789 1.428025 -3.571785 7.523711 1.427155 -3.484157 7.337976 1.400713 -3.655601 7.618903 1.38988 -3.42877 7.315043 1.118034 -3.701313 7.689868 1.113691 -3.463512 7.276586 0.8670804 -3.699239 7.697932 0.861649 -3.434011 7.291234 0.01576706 -3.554358 7.54069 0.01251396 -3.335591 7.370499 1.663354 -3.432139 7.427745 1.663041 -3.404651 0 0 0 7.261985 0.8440252 -3.671355 7.257024 0.817593 -3.637171 7.259383 0.7907009 -3.620443 7.240978 0.774384 -3.661425 7.230575 0.7332914 -3.658232 7.228482 0.7088603 -3.652017 7.252469 0.7652672 -3.676829 7.247031 0.716947 -3.671344 7.247995 0.6908299 -3.664716 7.2695 0.7621716 -3.688194 7.264312 0.7192222 -3.684414 7.264277 0.6930069 -3.679217 7.28688 0.7615934 -3.698854 7.28348 0.7261191 -3.695291 7.282623 0.7071087 -3.693125 7.678446 0.8338913 -3.414723 7.648476 0.8054575 -3.401117 7.6332 0.7776988 -3.403283 7.678664 0.7610101 -3.405886 7.672298 0.719011 -3.404285 7.659061 0.6974875 -3.405473 7.688395 0.7555431 -3.423994 7.676586 0.7085449 -3.430794 7.660604 0.6877229 -3.436956 7.692134 0.7565877 -3.444334 7.684237 0.7144222 -3.451084 7.671299 0.6918537 -3.457212 7.695051 0.7600956 -3.464215 7.688134 0.7255311 -3.470549 7.680688 0.708466 -3.475039 0 0 0 0 0 0
38 7.449322 0.9492531 -3.541954 7.375968 0.9285068 -3.609796 7.528284 0.9289674 -3.480577 7.337163 0.4807563 -3.561049 7.517299 0.482328 -3.406592 7.417163 0.09584513 -3.64202 7.578831 0.09194561 -3.480719 7.44999 1.120475 -3.543352 7.451167 1.257735 -3.546384 7.435502 1.489141 -3.525518 7.413908 1.580767 -3.494136 7.394601 1.427472 -3.587814 7.506175 1.427313 -3.502294 7.317572 1.399539 -3.670305 7.603078 1.391346 -3.449051 7.29359 1.116603 -3.713844 7.671362 1.114284 -3.482173 7.254534 0.8657584 -3.710351 7.682276 0.8621048 -3.454837 7.293537 0.01593002 -3.55294 7.542103 0.01166555 -3.333032 7.349431 1.663034 -3.455365 7.400429 1.660693 -3.417595 0 0 0 7.239961 0.8427016 -3.682453 7.235111 0.8161243 -3.648366 7.237276 0.7890619 -3.631888 7.217836 0.7733619 -3.672846 7.207409 0.7322851 -3.669531 7.205531 0.7078933 -3.663097 7.228909 0.764188 -3.688521 7.223519 0.7158493 -3.683151 7.224788 0.6897813 -3.676382 7.245695 0.7608934 -3.70019 7.240486 0.7179262 -3.696646 7.240716 0.6917362 -3.691327 7.262888 0.7601022 -3.711136 7.259402 0.7245932 -3.708031 7.258639 0.7055718 -3.705927 7.663194 0.8348222 -3.434495 7.633356 0.8068008 -3.419789 7.618105 0.7789679 -3.420943 7.664052 0.7622557 -3.423397 7.656492 0.7204834 -3.421175 7.642111 0.6996922 -3.422065 7.673642 0.7562969 -3.441424 7.6606 0.7095512 -3.447687 7.643389 0.6896642 -3.453624 7.67717 0.7567332 -3.461824 7.668202 0.7147369 -3.468285 7.653845 0.6930014 -3.474262 7.679861 0.7596402 -3.481833 7.672283 0.7251651 -3.487893 7.663932 0.7084953 -3.492274 0 0 0 0 0 0
39 7.436881 0.9494238 -3.555344 7.363022 0.9288344 -3.622684 7.516334 0.9290082 -3.494648 7.330757 0.4813137 -3.56748 7.511328 0.4833221 -3.413851 7.419928 0.09663918 -3.639504 7.581127 0.09253152 -3.47847 7.437383 1.12065 -3.556179 7.437547 1.257915 -3.559188 7.41855 1.489115 -3.538805 7.391893 1.579731 -3.5084 7.378452 1.426719 -3.6009 7.490152 1.428373 -3.51556 7.301735 1.397454 -3.683221 7.588692 1.3956 -3.463268 7.280168 1.114319 -3.726724 7.657486 1.117897 -3.489178 7.244261 0.8629987 -3.723638 7.673213 0.8658111 -3.46337 7.296306 0.01700266 -3.550169 7.544209 0.01244845 -3.330724 7.322857 1.660262 -3.47409 7.371653 1.659739 -3.43345 0 0 0 7.230608 0.8394006 -3.695727 7.226865 0.8127263 -3.661577 7.230068 0.7857697 -3.645095 7.210959 0.7693139 -3.68616 7.202652 0.7277889 -3.682459 7.202208 0.7034461 -3.675595 7.222287 0.7605584 -3.701892 7.219409 0.7120404 -3.696215 7.222268 0.6862159 -3.689013 7.239134 0.7578722 -3.713629 7.236138 0.7147093 -3.709905 7.237962 0.6886722 -3.704159 7.256303 0.7577008 -3.72464 7.254609 0.7220618 -3.72153 7.254953 0.7030527 -3.719215 7.653811 0.8392179 -3.442428 7.623462 0.811893 -3.427457 7.608104 0.7840997 -3.427916 7.654701 0.7671176 -3.428624 7.644932 0.7258058 -3.426407 7.628776 0.7063906 -3.427794 7.664686 0.7605365 -3.446215 7.649599 0.7144187 -3.452542 7.630672 0.6963237 -3.458969 7.668636 0.7602316 -3.46654 7.657788 0.7187201 -3.473246 7.641342 0.6986703 -3.479711 7.671734 0.7624059 -3.486583 7.662924 0.7282538 -3.492805 7.653161 0.7124531 -3.497477 0 0 0 0 0 0
40 7.431858 0.9500198 -3.564148 7.358644 0.9292909 -3.632146 7.510964 0.929808 -3.502933 7.326894 0.4824024 -3.572471 7.51044 0.4852821 -3.416099 7.42186 0.09794482 -3.637435 7.583949 0.09452393 -3.476372 7.431339 1.121248 -3.564222 7.42906 1.258501 -3.566921 7.405205 1.4893 -3.547123 7.374681 1.57861 -3.516489 7.367361 1.426077 -3.609792 7.477592 1.429995 -3.522637 7.292789 1.39526 -3.693506 7.576551 1.400581 -3.469153 7.277432 1.111752 -3.737216 7.649176 1.123224 -3.487092 7.246784 0.8597339 -3.734363 7.67202 0.8718644 -3.459575 7.298752 0.01802816 -3.547642 7.547176 0.01469155 -3.328454 7.305612 1.659159 -3.482285 7.354861 1.65933 -3.442193 0 0 0 7.233262 0.8358175 -3.706661 7.229675 0.8093462 -3.672336 7.233354 0.7825876 -3.655632 7.215326 0.7652422 -3.69732 7.209497 0.72344 -3.692258 7.210816 0.6995869 -3.683941 7.227169 0.7567718 -3.712827 7.227198 0.7083585 -3.705708 7.232096 0.683359 -3.696877 7.244294 0.7545218 -3.724249 7.244027 0.7113716 -3.719366 7.248015 0.6859971 -3.711985 7.26166 0.7547957 -3.734946 7.26217 0.7191948 -3.731072 7.264072 0.7004334 -3.727724 7.652728 0.8455583 -3.438172 7.622156 0.8184146 -3.423328 7.60715 0.7904253 -3.423246 7.655098 0.7740744 -3.421611 7.641869 0.7336804 -3.42104 7.622976 0.7171552 -3.424184 7.665745 0.7671126 -3.43866 7.647477 0.7224262 -3.446654 7.625947 0.708249 -3.454554 7.670277 0.7661551 -3.458842 7.65634 0.7259156 -3.467352 7.636542 0.7098029 -3.475268 7.673883 0.767662 -3.478862 7.663012 0.7343976 -3.486475 7.650811 0.720771 -3.492157 0 0 0 0 0 0
41 7.433616 0.9510933 -3.565327 7.361933 0.930022 -3.634834 7.511648 0.9312944 -3.502615 7.325845 0.4838823 -3.573519 7.511541 0.4868625 -3.415582 7.421487 0.09956148 -3.63722 7.584788 0.09626593 -3.476894 7.431745 1.122311 -3.564856 7.428455 1.259565 -3.566104 7.40058 1.489927 -3.546466 7.36773 1.578716 -3.516738 7.365932 1.426396 -3.610655 7.472887 1.431574 -3.519569 7.294878 1.394834 -3.697105 7.570369 1.403459 -3.462778 7.283513 1.111423 -3.742627 7.647149 1.127094 -3.478604 7.255493 0.8590838 -3.742064 7.673544 0.8759956 -3.451895 7.298294 0.01931044 -3.547843 7.547585 0.0164909 -3.329052 7.299973 1.660114 -3.481926 7.35042 1.660839 -3.443358 0 0 0 7.241438 0.8347259 -3.715019 7.237228 0.8084516 -3.680613 7.240911 0.7817976 -3.663744 7.22448 0.763772 -3.706789 7.222008 0.7220961 -3.698786 7.225862 0.6998317 -3.687414 7.237018 0.7556299 -3.721921 7.240989 0.7079555 -3.711631 7.248856 0.6852864 -3.699335 7.254574 0.7537732 -3.732743 7.2583 0.7111607 -3.725248 7.265606 0.6878833 -3.714337 7.2723 0.7544388 -3.742813 7.275989 0.7192944 -3.736986 7.280329 0.7015592 -3.731202 7.654501 0.8490869 -3.431025 7.62411 0.8212672 -3.417088 7.609681 0.792979 -3.417474 7.65843 0.7776205 -3.414688 7.644659 0.7374192 -3.4158 7.62522 0.7218482 -3.420222 7.669635 0.7710221 -3.431522 7.651021 0.7267911 -3.441094 7.629001 0.7140207 -3.449983 7.674635 0.7702753 -3.451603 7.660303 0.7304864 -3.461465 7.639768 0.7158228 -3.470273 7.67864 0.7719665 -3.471531 7.667515 0.7390591 -3.480249 7.654711 0.7263066 -3.486594 0 0 0 0 0 0
42 7.441221 0.9525949 -3.555341 7.371964 0.9316415 -3.6273 7.51698 0.9326634 -3.489943 7.326735 0.4855982 -3.572313 7.510552 0.4868148 -3.411509 7.417796 0.1009473 -3.640117 7.582275 0.09731521 -3.480362 7.439675 1.123816 -3.554983 7.436779 1.26108 -3.556038 7.4091 1.491465 -3.53638 7.375185 1.580563 -3.508853 7.376126 1.42828 -3.60178 7.480401 1.432772 -3.507605 7.307602 1.397272 -3.690446 7.575894 1.403703 -3.447984 7.296412 1.114172 -3.737904 7.652966 1.127487 -3.464949 7.267566 0.8619447 -3.741074 7.675699 0.8760568 -3.437994 7.294408 0.02070906 -3.550997 7.544676 0.0178419 -3.332459 7.308352 1.662234 -3.472914 7.36019 1.663837 -3.436265 0 0 0 7.252475 0.8371065 -3.715044 7.247053 0.8106335 -3.680962 7.250137 0.783774 -3.664299 7.234974 0.7660758 -3.708865 7.234158 0.7248446 -3.698553 7.239344 0.7043016 -3.684733 7.248009 0.7581867 -3.723708 7.253892 0.7113391 -3.710856 7.263289 0.6910914 -3.695733 7.26593 0.7564722 -3.73394 7.271941 0.7145819 -3.724196 7.281111 0.6936663 -3.710314 7.284002 0.7572634 -3.743364 7.289516 0.7227171 -3.735692 7.295311 0.7063067 -3.727696 7.656273 0.8490418 -3.417622 7.62599 0.8208288 -3.404251 7.611957 0.7923474 -3.404924 7.660175 0.7775977 -3.401181 7.649089 0.7365614 -3.400808 7.631519 0.7187461 -3.404523 7.671848 0.7710624 -3.417718 7.656171 0.7254129 -3.425773 7.636015 0.7096452 -3.434262 7.67737 0.7703441 -3.437663 7.665567 0.7293416 -3.445748 7.647235 0.7117165 -3.453967 7.68188 0.7720582 -3.457482 7.672549 0.7382631 -3.464797 7.661389 0.7238209 -3.470602 0 0 0 0 0 0
43 7.455481 0.9540543 -3.535535 7.388399 0.9327126 -3.609415 7.52914 0.9344419 -3.467687 7.332797 0.4866618 -3.564875 7.513351 0.4865751 -3.403251 7.413776 0.1016155 -3.642577 7.578386 0.09801879 -3.483241 7.454436 1.125277 -3.536587 7.453365 1.262567 -3.53765 7.428101 1.493213 -3.517809 7.3956 1.582605 -3.48954 7.395882 1.430664 -3.584189 7.497974 1.433537 -3.48759 7.329059 1.400828 -3.674539 7.591442 1.402665 -3.42571 7.316424 1.117816 -3.72216 7.666687 1.126054 -3.444359 7.284994 0.8658966 -3.725265 7.683663 0.874177 -3.417329 7.290418 0.02115532 -3.553616 7.540763 0.01870271 -3.335259 7.327024 1.663527 -3.455228 7.377031 1.664394 -3.416095 0 0 0 7.268788 0.8410403 -3.699931 7.26201 0.8143691 -3.666248 7.264221 0.7873276 -3.649743 7.250072 0.7702245 -3.69497 7.248055 0.7290674 -3.684528 7.25239 0.7085512 -3.67038 7.263414 0.7622827 -3.709508 7.267861 0.715384 -3.69627 7.276364 0.6951473 -3.680613 7.281598 0.760397 -3.719234 7.2865 0.7184969 -3.708928 7.294844 0.6976438 -3.694444 7.299947 0.7610067 -3.728122 7.304625 0.7265155 -3.719686 7.309917 0.7102389 -3.711091 7.663721 0.8470477 -3.397618 7.633395 0.8186429 -3.38476 7.619351 0.7901844 -3.385978 7.666618 0.7752876 -3.382389 7.658197 0.733662 -3.380539 7.642862 0.7137148 -3.383148 7.678373 0.7689006 -3.398926 7.665362 0.7221558 -3.405262 7.647479 0.7034203 -3.412753 7.684081 0.7684621 -3.418827 7.674639 0.7265227 -3.424973 7.659019 0.7060099 -3.432011 7.688805 0.7704654 -3.438568 7.68096 0.7360136 -3.444417 7.671658 0.7200165 -3.449354 0 0 0 0 0 0
44 7.469304 0.9538799 -3.523267 7.403445 0.9319508 -3.598069 7.541603 0.9347419 -3.453839 7.334806 0.4873553 -3.560296 7.517965 0.4861162 -3.397928 7.411256 0.1027439 -3.64337 7.576872 0.0982727 -3.485581 7.469303 1.125077 -3.526579 7.468471 1.26237 -3.527377 7.44389 1.493148 -3.508223 7.410871 1.582684 -3.481029 7.412861 1.430715 -3.575275 7.512779 1.433153 -3.476417 7.347961 1.401264 -3.667141 7.604554 1.401426 -3.412471 7.336864 1.118062 -3.714013 7.677057 1.124049 -3.430601 7.306076 0.8660738 -3.717847 7.690441 0.8720016 -3.40315 7.287777 0.02205398 -3.554786 7.53932 0.01941123 -3.337338 7.342723 1.663376 -3.445348 7.393548 1.664481 -3.407289 0 0 0 7.289758 0.8406865 -3.693119 7.282552 0.8128965 -3.660445 7.284722 0.7855443 -3.644454 7.272256 0.7694942 -3.689228 7.267134 0.7277019 -3.683381 7.268564 0.7046259 -3.673118 7.286076 0.7619364 -3.703523 7.286619 0.7137895 -3.694801 7.291733 0.6900192 -3.683149 7.304511 0.7604777 -3.71284 7.305402 0.7176005 -3.706013 7.310069 0.6934409 -3.695583 7.323045 0.761509 -3.721295 7.324702 0.726309 -3.714899 7.327523 0.7083412 -3.708898 7.669615 0.8448069 -3.384469 7.63891 0.8164516 -3.372425 7.624438 0.7882648 -3.374576 7.670368 0.7725194 -3.371673 7.664378 0.730528 -3.368867 7.651542 0.7087929 -3.370512 7.682032 0.7663592 -3.38836 7.671355 0.7188631 -3.393322 7.656104 0.6975679 -3.399716 7.687841 0.7664297 -3.408236 7.68034 0.7238665 -3.412474 7.667777 0.7009398 -3.418025 7.692736 0.7689624 -3.427874 7.685813 0.734107 -3.432331 7.678363 0.7169058 -3.43626 0 0 0 0 0 0
46 7.474021 0.9506029 -3.490986 7.453621 0.9299341 -3.588814 7.502908 0.9302778 -3.395246 7.371552 0.4858443 -3.600152 7.447764 0.4816896 -3.370627 7.46711 0.1003337 -3.656187 7.531408 0.09446039 -3.43828 7.474668 1.12183 -3.491455 7.474572 1.259126 -3.492292 7.444201 1.489815 -3.482823 7.404825 1.580257 -3.472043 7.448371 1.428719 -3.557701 7.489861 1.428668 -3.423384 7.433921 1.401351 -3.669776 7.539159 1.393012 -3.324304 7.450966 1.118921 -3.719436 7.621856 1.118341 -3.308808 7.427705 0.8670437 -3.741283 7.624177 0.8666622 -3.275444 7.31605 0.01939639 -3.640856 7.425968 0.01571187 -3.327436 7.328813 1.661235 -3.462393 7.361794 1.660824 -3.408125 0 0 0 7.398854 0.8435408 -3.729557 7.373856 0.8157116 -3.707366 7.365141 0.7879037 -3.694743 7.374741 0.7749423 -3.739685 7.363048 0.7346932 -3.746779 7.356762 0.710241 -3.745211 7.392994 0.7659298 -3.745853 7.383475 0.7180143 -3.748682 7.379219 0.6916413 -3.745035 7.413374 0.7623595 -3.745011 7.405142 0.7198465 -3.748289 7.40087 0.6935433 -3.74625 7.43366 0.7612396 -3.743199 7.427183 0.7260378 -3.744457 7.424328 0.7070994 -3.74439 7.598726 0.8377079 -3.269432 7.567727 0.8074736 -3.273526 7.55752 0.7789893 -3.283172 7.597632 0.7647565 -3.261265 7.59497 0.7223355 -3.260644 7.587047 0.699091 -3.26671 7.615817 0.760068 -3.271254 7.612874 0.7120227 -3.280056 7.605169 0.6888716 -3.291529 7.629848 0.7616581 -3.2864 7.62925 0.7187405 -3.293001 7.624122 0.6942219 -3.302318 7.642822 0.7656633 -3.301621 7.641932 0.7304943 -3.308332 7.639596 0.7124432 -3.314291 0 0 0 0 0 0
47 7.468229 0.9498856 -3.500528 7.44405 0.9291477 -3.597476 7.500746 0.9296145 -3.405947 7.372667 0.4828485 -3.596924 7.447853 0.4812729 -3.372774 7.470537 0.09759691 -3.652148 7.532887 0.09308799 -3.432982 7.469114 1.121111 -3.501207 7.470706 1.258399 -3.501843 7.443562 1.48946 -3.491672 7.405343 1.580394 -3.48087 7.444295 1.428228 -3.566551 7.490551 1.427819 -3.433801 7.425364 1.400825 -3.677948 7.542023 1.391086 -3.33623 7.43494 1.118342 -3.729278 7.62405 1.115957 -3.326294 7.405811 0.8669764 -3.749959 7.618366 0.8638955 -3.296401 7.319356 0.01694473 -3.636513 7.427367 0.01377203 -3.322621 7.330726 1.662166 -3.467677 7.366822 1.662014 -3.415428 0 0 0 7.378197 0.8434835 -3.735543 7.355033 0.8163905 -3.710618 7.347716 0.7891681 -3.695991 7.355646 0.7737905 -3.740454 7.345122 0.7328339 -3.744794 7.339817 0.7083003 -3.74166 7.37386 0.7648997 -3.746907 7.366025 0.716598 -3.746692 7.362938 0.690314 -3.741537 7.394352 0.7619206 -3.746791 7.387634 0.7190234 -3.747541 7.384492 0.6927111 -3.744071 7.414722 0.7614428 -3.74585 7.409607 0.7259995 -3.745307 7.407522 0.7069832 -3.744386 7.592249 0.8354631 -3.290766 7.560281 0.8063185 -3.295291 7.549046 0.7784853 -3.305666 7.589306 0.7623484 -3.284817 7.584781 0.720111 -3.286406 7.575408 0.6978046 -3.293787 7.607159 0.757486 -3.29531 7.602274 0.7101611 -3.306756 7.593108 0.6883487 -3.319685 7.620933 0.7591694 -3.310681 7.618934 0.7167827 -3.319914 7.612406 0.6933694 -3.331026 7.633715 0.7632965 -3.326031 7.631874 0.7285942 -3.334694 7.628674 0.7111326 -3.341882 0 0 0 0 0 0
48 7.45822 0.9494551 -3.522544 7.431131 0.9286391 -3.618704 7.49343 0.9292291 -3.428923 7.368049 0.481161 -3.606803 7.443822 0.4814746 -3.384001 7.472174 0.09598496 -3.650461 7.53289 0.09227373 -3.430641 7.459681 1.120675 -3.523556 7.462489 1.257931 -3.525467 7.438301 1.48928 -3.514414 7.402208 1.58093 -3.502413 7.435397 1.428016 -3.589215 7.486868 1.427148 -3.4584 7.411573 1.400699 -3.69969 7.541677 1.389879 -3.362873 7.414472 1.118012 -3.750704 7.620435 1.113669 -3.357536 7.380058 0.8670628 -3.768055 7.612708 0.8616288 -3.327926 7.320771 0.01575669 -3.634786 7.427401 0.01248779 -3.32059 7.328198 1.663373 -3.489997 7.363865 1.663019 -3.437455 0 0 0 7.353469 0.8440295 -3.751181 7.332086 0.8176131 -3.724038 7.325758 0.7907235 -3.70837 7.33024 0.7744117 -3.753076 7.3196 0.7333271 -3.755499 7.314668 0.7089006 -3.751151 7.347876 0.7652792 -3.760695 7.340392 0.7169643 -3.758655 7.337903 0.6908504 -3.752423 7.368302 0.7621641 -3.762047 7.361892 0.7192186 -3.761364 7.359251 0.6930059 -3.756871 7.388683 0.7615656 -3.762613 7.383935 0.7260939 -3.761232 7.3821 0.7070847 -3.759784 7.586189 0.8338822 -3.320918 7.553423 0.8054529 -3.324074 7.541265 0.777687 -3.33355 7.581955 0.7610105 -3.31307 7.575614 0.7190149 -3.31485 7.564716 0.6975039 -3.322491 7.59943 0.7555291 -3.32389 7.592571 0.7085311 -3.335666 7.58178 0.6877241 -3.348992 7.612829 0.756554 -3.339645 7.609342 0.7143878 -3.349428 7.601169 0.6918326 -3.361207 7.625288 0.7600423 -3.355414 7.62245 0.7254758 -3.364347 7.618227 0.7084158 -3.371958 0 0 0 0 0 0
49 7.451344 0.9492527 -3.545516 7.421701 0.9285114 -3.640935 7.489077 0.9289628 -3.452898 7.363809 0.4807615 -3.617891 7.442645 0.4823522 -3.394017 7.473685 0.09585579 -3.647686 7.53302 0.0919477 -3.42716 7.452613 1.120475 -3.546382 7.455127 1.257735 -3.548427 7.431084 1.489137 -3.538215 7.396647 1.580747 -3.521838 7.426806 1.427457 -3.612606 7.480702 1.427328 -3.482769 7.401325 1.399503 -3.722551 7.538059 1.391415 -3.388222 7.402336 1.116565 -3.772233 7.613672 1.114332 -3.382699 7.366804 0.8657157 -3.788746 7.609571 0.8621452 -3.353615 7.32208 0.01594337 -3.632358 7.427367 0.01165887 -3.317633 7.321372 1.662971 -3.520719 7.346482 1.660642 -3.462436 0 0 0 7.340247 0.84264 -3.77188 7.319018 0.8160434 -3.744791 7.312669 0.788972 -3.729449 7.316311 0.7732915 -3.774651 7.305649 0.7322082 -3.776995 7.300823 0.7078139 -3.772356 7.33374 0.7641287 -3.782697 7.326422 0.7157847 -3.780746 7.324157 0.6897164 -3.774244 7.354113 0.7608433 -3.784414 7.347861 0.7178715 -3.783957 7.345421 0.6916807 -3.779229 7.374476 0.760061 -3.785301 7.369932 0.7245482 -3.784365 7.368235 0.7055255 -3.782924 7.582867 0.8348704 -3.345539 7.549661 0.8068634 -3.347727 7.537019 0.7790363 -3.356353 7.578039 0.7623054 -3.335498 7.57035 0.7205402 -3.337386 7.558317 0.6997719 -3.345371 7.595356 0.7563415 -3.346315 7.587162 0.70961 -3.358296 7.575202 0.6897544 -3.372068 7.608612 0.7567739 -3.362219 7.60405 0.7147886 -3.372333 7.594578 0.6930816 -3.384716 7.620948 0.759677 -3.378201 7.617397 0.7252103 -3.387264 7.612337 0.7085558 -3.395254 0 0 0 0 0 0
50 7.447285 0.9494339 -3.563185 7.416996 0.9288445 -3.658434 7.485745 0.9290188 -3.470893 7.361488 0.481331 -3.626587 7.441006 0.4833494 -3.403305 7.474786 0.09666219 -3.644112 7.533873 0.09256598 -3.424039 7.448126 1.12066 -3.563653 7.449741 1.257925 -3.566207 7.42302 1.489118 -3.558124 7.384632 1.579698 -3.545162 7.419375 1.4267 -3.631931 7.473417 1.428409 -3.502166 7.394125 1.397395 -3.741577 7.532631 1.395722 -3.407594 7.397295 1.11425 -3.789971 7.605109 1.118015 -3.395402 7.364789 0.8629061 -3.805142 7.605949 0.8659448 -3.365061 7.323058 0.01703217 -3.628537 7.428023 0.01249935 -3.314538 7.307669 1.660207 -3.550006 7.329601 1.659713 -3.490411 0 0 0 7.339019 0.8392979 -3.787799 7.318706 0.8126248 -3.760091 7.31325 0.7856728 -3.744204 7.31727 0.7691944 -3.789315 7.308264 0.7276605 -3.790234 7.304468 0.7033201 -3.784487 7.334956 0.760448 -3.797263 7.329669 0.7119277 -3.793749 7.328567 0.6861105 -3.786055 7.355417 0.7577757 -3.798991 7.351001 0.7146101 -3.797233 7.34973 0.6885783 -3.791317 7.375792 0.7576187 -3.799932 7.372804 0.721978 -3.798062 7.371962 0.7029704 -3.795866 7.578661 0.839371 -3.356608 7.544878 0.8120641 -3.358814 7.531796 0.7842699 -3.36687 7.572498 0.767288 -3.344124 7.56286 0.725996 -3.347142 7.549515 0.7066408 -3.356476 7.589945 0.7606886 -3.354348 7.579979 0.7145993 -3.367423 7.566753 0.6965834 -3.382505 7.603538 0.7603598 -3.369967 7.597438 0.718872 -3.381254 7.586366 0.6988987 -3.395138 7.616251 0.7625108 -3.385771 7.611695 0.7283742 -3.395602 7.605533 0.7126144 -3.404572 0 0 0 0 0 0
51 7.447477 0.9500402 -3.573111 7.418112 0.9293047 -3.668617 7.485348 0.9298369 -3.480529 7.360683 0.4824353 -3.632772 7.441486 0.4853289 -3.405492 7.475418 0.0979813 -3.641412 7.5353 0.094574 -3.420879 7.447019 1.121268 -3.573431 7.446338 1.258521 -3.576904 7.415683 1.48931 -3.571761 7.373863 1.578592 -3.560528 7.414315 1.426068 -3.644942 7.466118 1.430038 -3.514316 7.391676 1.395216 -3.754734 7.52504 1.400691 -3.418474 7.400356 1.1117 -3.800191 7.59693 1.123353 -3.397524 7.372494 0.8596663 -3.812979 7.603072 0.8720104 -3.362172 7.323915 0.01804932 -3.625199 7.429499 0.01473524 -3.311166 7.296964 1.659159 -3.565411 7.319606 1.659338 -3.50608 0 0 0 7.34693 0.8357492 -3.795753 7.326652 0.809295 -3.767811 7.321486 0.782546 -3.751489 7.326756 0.7651655 -3.796606 7.319209 0.7233611 -3.795034 7.31621 0.6995359 -3.787081 7.344773 0.756698 -3.804098 7.341282 0.7082965 -3.797804 7.34113 0.6833383 -3.787605 7.365317 0.7544556 -3.805414 7.362691 0.711312 -3.801217 7.362482 0.6859726 -3.792724 7.385704 0.7547371 -3.805981 7.38425 0.7191424 -3.802294 7.384246 0.7003961 -3.798371 7.575671 0.8456981 -3.353277 7.541782 0.8185436 -3.355717 7.528758 0.7905458 -3.363138 7.569469 0.7742248 -3.33769 7.557704 0.7338483 -3.343881 7.542899 0.7173824 -3.356111 7.587224 0.7672636 -3.347114 7.575384 0.7226058 -3.363238 7.560671 0.7085102 -3.380896 7.60125 0.7662999 -3.362317 7.593418 0.7260875 -3.376721 7.580199 0.7100597 -3.393533 7.614392 0.7677996 -3.377843 7.608776 0.7345545 -3.389922 7.601027 0.7209764 -3.400986 0 0 0 0 0 0
56 7.440997 0.9494472 -3.54607 7.537835 0.9286302 -3.521521 7.342301 0.9292217 -3.562316 7.558744 0.4811375 -3.582111 7.327898 0.4814874 -3.627828 7.544157 0.09596559 -3.470134 7.323425 0.09225883 -3.527484 7.441144 1.120667 -3.544293 7.441398 1.257923 -3.540888 7.443901 1.489276 -3.567321 7.451399 1.580943 -3.604569 7.510156 1.428007 -3.532492 7.371118 1.427142 -3.553229 7.617764 1.400684 -3.497958 7.260981 1.38988 -3.553455 7.660506 1.117987 -3.470046 7.217064 1.113648 -3.487954 7.692706 0.8670427 -3.491276 7.195235 0.8616102 -3.50943 7.606294 0.01574709 -3.609091 7.280875 0.01246157 -3.673864 7.477834 1.663392 -3.674796 7.414482 1.662995 -3.670395 0 0 0 7.691369 0.844029 -3.522753 7.678536 0.8176262 -3.554847 7.668135 0.7907378 -3.568167 7.704654 0.7744334 -3.541983 7.712077 0.7333559 -3.550018 7.710773 0.7089338 -3.556479 7.702462 0.7652869 -3.522904 7.704445 0.7169765 -3.530433 7.70029 0.6908655 -3.535715 7.693442 0.762153 -3.504529 7.696067 0.7192115 -3.510445 7.693495 0.6930011 -3.51499 7.683762 0.7615361 -3.486586 7.684955 0.7260667 -3.491401 7.684622 0.7070583 -3.493723 7.202385 0.8338751 -3.535923 7.221466 0.8054505 -3.562752 7.235726 0.7776771 -3.568572 7.197634 0.7610129 -3.543561 7.202345 0.719021 -3.548197 7.214422 0.6975227 -3.55384 7.198274 0.7555169 -3.523022 7.211901 0.7085192 -3.523109 7.228852 0.6877274 -3.525818 7.205229 0.7565221 -3.503543 7.215448 0.7143556 -3.501698 7.229753 0.6918134 -3.502913 7.21267 0.7599908 -3.484871 7.221821 0.7254222 -3.482881 7.230535 0.7083675 -3.482749 0 0 0 0 0 0
57 7.464207 0.9492525 -3.540501 7.561673 0.9285157 -3.518499 7.365126 0.9289587 -3.554093 7.570421 0.4807672 -3.580202 7.337058 0.4823761 -3.623829 7.540949 0.09586736 -3.470218 7.32031 0.09195068 -3.529111 7.464318 1.120475 -3.538984 7.464849 1.257735 -3.535797 7.468073 1.489134 -3.561751 7.471138 1.580727 -3.599801 7.53463 1.427443 -3.528268 7.395236 1.427342 -3.54648 7.642586 1.399467 -3.495382 7.28466 1.391486 -3.544024 7.685088 1.116527 -3.469662 7.242053 1.11438 -3.481412 7.717148 0.8656732 -3.492139 7.218897 0.8621868 -3.499385 7.603482 0.01595744 -3.609175 7.278291 0.01165368 -3.675371 7.508018 1.662907 -3.665488 7.445008 1.660593 -3.673061 0 0 0 7.715813 0.8425815 -3.52356 7.702957 0.8159707 -3.555473 7.692842 0.7888929 -3.568627 7.730178 0.7732241 -3.542872 7.737521 0.7321338 -3.550916 7.735898 0.7077383 -3.557405 7.728438 0.7640708 -3.523751 7.730386 0.715722 -3.531038 7.725868 0.6896547 -3.536238 7.719745 0.7607942 -3.505244 7.722458 0.7178183 -3.510862 7.719565 0.6916273 -3.515327 7.710336 0.7600206 -3.487163 7.711787 0.7245041 -3.491542 7.711377 0.7054805 -3.493721 7.22526 0.8349205 -3.526556 7.243767 0.8069285 -3.554229 7.257566 0.7791076 -3.560873 7.218988 0.7623569 -3.535777 7.224512 0.7205991 -3.541504 7.237477 0.6998538 -3.54794 7.219699 0.7563876 -3.515373 7.234219 0.7096708 -3.516489 7.252159 0.6898469 -3.519969 7.226844 0.7568159 -3.495942 7.237927 0.714842 -3.494841 7.253427 0.6931638 -3.496863 7.234517 0.7597153 -3.477267 7.244173 0.7252572 -3.475813 7.253649 0.708618 -3.476207 0 0 0 0 0 0
58 7.481402 0.9494438 -3.535243 7.579033 0.9288543 -3.513845 7.382245 0.9290295 -3.548084 7.579044 0.4813489 -3.577896 7.346023 0.4833741 -3.620686 7.537313 0.09668519 -3.471096 7.317164 0.09260108 -3.529964 7.48139 1.12067 -3.534296 7.48284 1.257935 -3.531634 7.489296 1.489122 -3.558846 7.497356 1.579665 -3.598637 7.555007 1.426682 -3.52508 7.415609 1.428444 -3.543184 7.66257 1.397339 -3.492099 7.304076 1.395842 -3.539179 7.702792 1.114184 -3.465103 7.257106 1.11813 -3.482673 7.732064 0.8628213 -3.485614 7.230237 0.8660761 -3.497077 7.599674 0.01706149 -3.610295 7.275255 0.01255103 -3.67639 7.540079 1.660151 -3.662865 7.477503 1.659687 -3.673675 0 0 0 7.729911 0.8392071 -3.516598 7.716047 0.812542 -3.54804 7.704991 0.7855988 -3.560704 7.742032 0.7690874 -3.534655 7.747274 0.7275442 -3.541984 7.744158 0.7032078 -3.548141 7.740061 0.7603477 -3.515363 7.739597 0.7118261 -3.521683 7.733443 0.6860179 -3.526481 7.731322 0.7576888 -3.496779 7.731951 0.7145208 -3.501469 7.727421 0.6884955 -3.505523 7.721947 0.7575455 -3.478664 7.721776 0.7219039 -3.482176 7.720267 0.7028982 -3.483999 7.236553 0.8395217 -3.524956 7.255361 0.8122329 -3.553123 7.268867 0.7844381 -3.560446 7.228766 0.7674555 -3.536603 7.236282 0.7261842 -3.543473 7.251113 0.7068899 -3.550376 7.228881 0.7608382 -3.516388 7.245267 0.7147785 -3.51851 7.265013 0.696844 -3.522436 7.2356 0.7604862 -3.496804 7.248504 0.7190228 -3.496463 7.266149 0.6991284 -3.499132 7.242922 0.762614 -3.477885 7.253766 0.7284941 -3.476928 7.264675 0.712776 -3.477796 0 0 0 0 0 0
59 7.489645 0.9500601 -3.530094 7.587028 0.9293184 -3.507731 7.390534 0.9298654 -3.543621 7.58471 0.482469 -3.575492 7.347395 0.4853744 -3.619164 7.53471 0.09801795 -3.471866 7.313757 0.09462377 -3.530236 7.490172 1.121288 -3.530369 7.493542 1.258541 -3.529271 7.50453 1.489317 -3.558441 7.515776 1.578572 -3.600318 7.568542 1.426059 -3.522979 7.429529 1.430081 -3.543519 7.674908 1.395171 -3.487612 7.317049 1.400799 -3.540471 7.709806 1.111647 -3.457294 7.262795 1.123484 -3.488741 7.734713 0.8595992 -3.474968 7.228969 0.8721569 -3.501039 7.596414 0.0180709 -3.611172 7.271645 0.01477864 -3.676716 7.55842 1.659156 -3.664474 7.49571 1.659343 -3.674492 0 0 0 7.732579 0.8356775 -3.505717 7.718514 0.8092365 -3.537258 7.706949 0.7824957 -3.549897 7.743369 0.7650834 -3.522741 7.745673 0.723276 -3.530081 7.740198 0.6994786 -3.536683 7.740831 0.7566213 -3.503392 7.737004 0.7082312 -3.509577 7.728146 0.6833145 -3.514836 7.731686 0.7543885 -3.484948 7.729251 0.7112517 -3.489325 7.721893 0.6859478 -3.493778 7.721972 0.7546799 -3.467014 7.719419 0.7190915 -3.470116 7.715949 0.7003602 -3.472096 7.234957 0.8458374 -3.529212 7.254019 0.8186715 -3.557327 7.266943 0.7906646 -3.564888 7.224497 0.7743741 -3.542379 7.235813 0.7340146 -3.549455 7.253867 0.7176067 -3.556143 7.223761 0.7674145 -3.522292 7.24371 0.7227848 -3.524462 7.266411 0.7087694 -3.528363 7.2299 0.7664453 -3.502539 7.246356 0.7262601 -3.5021 7.267589 0.7103158 -3.505139 7.236764 0.7679392 -3.48339 7.25008 0.7347131 -3.482196 7.263584 0.7211828 -3.483375 0 0 0 0 0 0
60 7.488256 0.9511528 -3.528452 7.585058 0.9300722 -3.503984 7.389338 0.9313641 -3.543859 7.586004 0.4839566 -3.575221 7.346156 0.4868992 -3.61921 7.535111 0.09963592 -3.47222 7.313542 0.09631767 -3.529376 7.489662 1.122371 -3.529805 7.493115 1.259624 -3.53043 7.507494 1.489978 -3.561411 7.521225 1.578775 -3.603518 7.569527 1.426457 -3.523021 7.431404 1.431629 -3.548669 7.674219 1.394904 -3.483493 7.318591 1.403497 -3.549308 7.706845 1.111514 -3.449602 7.259952 1.127153 -3.497169 7.730942 0.8591754 -3.463938 7.223725 0.8760566 -3.507128 7.597136 0.01938143 -3.611207 7.271868 0.01654931 -3.676023 7.562463 1.660187 -3.667549 7.499479 1.660964 -3.675633 0 0 0 7.729648 0.8347965 -3.494372 7.716136 0.8085245 -3.526294 7.704526 0.7818686 -3.539071 7.740252 0.7638323 -3.50991 7.738212 0.7221764 -3.518135 7.729032 0.7000031 -3.526132 7.736926 0.7557035 -3.490537 7.728135 0.7080754 -3.497523 7.714994 0.6855366 -3.504324 7.727099 0.7538587 -3.472403 7.719921 0.7112835 -3.477061 7.707939 0.6881285 -3.482937 7.716752 0.7545357 -3.454838 7.710483 0.719422 -3.458066 7.703685 0.7017521 -3.46096 7.229816 0.8491283 -3.534696 7.249192 0.8212805 -3.561915 7.261876 0.7929807 -3.568758 7.218232 0.7776599 -3.546856 7.230616 0.7374219 -3.552738 7.249605 0.7217692 -3.558589 7.216909 0.7710744 -3.526674 7.237703 0.7267891 -3.527643 7.261166 0.7139137 -3.53091 7.222586 0.770337 -3.506773 7.239828 0.7305048 -3.505369 7.261953 0.7157402 -3.507961 7.229049 0.772037 -3.487502 7.242967 0.739098 -3.485493 7.257177 0.7262875 -3.48637 0 0 0 0 0 0
61 7.476135 0.9526746 -3.533649 7.572049 0.9317132 -3.505814 7.377856 0.9327492 -3.552567 7.584326 0.4856706 -3.575931 7.344836 0.4868006 -3.62336 7.539908 0.1010015 -3.471525 7.317574 0.09735515 -3.527534 7.4773 1.123896 -3.534695 7.480259 1.261162 -3.535197 7.494333 1.491555 -3.566026 7.509981 1.58068 -3.606748 7.555569 1.428395 -3.525805 7.41821 1.432827 -3.555393 7.659205 1.397432 -3.48315 7.305724 1.403687 -3.559433 7.692677 1.114339 -3.447643 7.24753 1.127467 -3.506146 7.719319 0.862118 -3.459292 7.214583 0.8760136 -3.518241 7.60221 0.02075621 -3.610393 7.276192 0.01789119 -3.67443 7.549812 1.662366 -3.671318 7.486587 1.663988 -3.67704 0 0 0 7.71945 0.8372639 -3.489367 7.707176 0.81078 -3.521612 7.696214 0.7839098 -3.534512 7.731601 0.7662358 -3.503408 7.7271 0.7250221 -3.512799 7.715646 0.7045364 -3.522234 7.727705 0.7583536 -3.484039 7.716126 0.7115309 -3.492289 7.700366 0.6913612 -3.500759 7.717269 0.75664 -3.466236 7.707116 0.7147746 -3.47172 7.692159 0.6939395 -3.479232 7.706297 0.757431 -3.449059 7.69762 0.7229066 -3.452991 7.68854 0.7065446 -3.457073 7.221248 0.8489945 -3.545587 7.240794 0.8207642 -3.572286 7.253277 0.7922751 -3.578699 7.20966 0.7775485 -3.557875 7.21892 0.7364777 -3.563745 7.235884 0.7185544 -3.569301 7.2078 0.7710162 -3.537717 7.225239 0.7253038 -3.538587 7.246833 0.7093866 -3.541292 7.212971 0.7703011 -3.517679 7.227078 0.7292438 -3.516602 7.246936 0.7114725 -3.518629 7.218955 0.7720179 -3.498255 7.230582 0.7381831 -3.496605 7.243057 0.723661 -3.497145 0 0 0 0 0 0
62 7.45397 0.9540555 -3.543469 7.548977 0.9326954 -3.512954 7.356277 0.9344556 -3.565503 7.575412 0.4866834 -3.579314 7.33821 0.4865518 -3.629049 7.544415 0.1016497 -3.471434 7.322217 0.09803244 -3.527075 7.455396 1.125278 -3.542959 7.456806 1.262568 -3.542546 7.468727 1.493225 -3.572294 7.482784 1.582629 -3.612985 7.529793 1.430685 -3.530864 7.393114 1.433524 -3.563625 7.6328 1.400876 -3.485924 7.28125 1.402601 -3.570613 7.667534 1.117855 -3.45105 7.225523 1.125951 -3.516927 7.696331 0.8659384 -3.464069 7.197477 0.8740593 -3.53192 7.606786 0.02120473 -3.610155 7.280797 0.01872262 -3.674042 7.52498 1.663536 -3.677032 7.462098 1.664415 -3.685866 0 0 0 7.697688 0.8410553 -3.494089 7.686731 0.8143409 -3.526618 7.676546 0.7872967 -3.539787 7.711304 0.7702036 -3.50767 7.708054 0.7290012 -3.517612 7.697435 0.7083371 -3.527618 7.70698 0.7622851 -3.488407 7.696758 0.7153158 -3.497567 7.681795 0.694878 -3.506806 7.696071 0.7604336 -3.470903 7.686903 0.7184775 -3.477347 7.672677 0.6974331 -3.485653 7.684606 0.7610779 -3.454046 7.676488 0.7265515 -3.459018 7.667766 0.710178 -3.463776 7.204957 0.8469182 -3.558932 7.224827 0.8185151 -3.585205 7.237653 0.7900744 -3.591138 7.195025 0.7751171 -3.570583 7.201263 0.7334679 -3.576368 7.215713 0.7134181 -3.581762 7.193138 0.7687486 -3.550376 7.207444 0.7219639 -3.551394 7.226537 0.7030845 -3.553839 7.198153 0.7683478 -3.530289 7.209281 0.726375 -3.529723 7.22616 0.7057243 -3.531431 7.203934 0.7703899 -3.510835 7.213589 0.7359188 -3.50973 7.224009 0.7198532 -3.510106 0 0 0 0 0 0
63 7.435696 0.9538581 -3.547098 7.530108 0.9318948 -3.515198 7.338382 0.9347504 -3.571149 7.571337 0.4873923 -3.582332 7.331491 0.4860892 -3.631208 7.547161 0.1028162 -3.471979 7.324825 0.09826782 -3.525721 7.437381 1.125053 -3.544135 7.438488 1.262347 -3.543907 7.450189 1.493123 -3.572804 7.465259 1.582669 -3.612814 7.510557 1.430705 -3.530185 7.37463 1.433116 -3.565967 7.612649 1.401282 -3.48296 7.263196 1.401347 -3.57556 7.645598 1.118083 -3.447809 7.209581 1.123947 -3.523621 7.674174 0.8660884 -3.459763 7.184387 0.8718914 -3.54077 7.609848 0.02210166 -3.610401 7.28323 0.01944079 -3.672899 7.506385 1.663368 -3.677812 7.443333 1.664484 -3.685298 0 0 0 7.675959 0.8406751 -3.489314 7.665895 0.8128363 -3.521182 7.656031 0.7854697 -3.533922 7.689149 0.7694667 -3.501362 7.690849 0.7276605 -3.508871 7.68465 0.7045041 -3.516948 7.684307 0.7619274 -3.48207 7.679687 0.713745 -3.489254 7.669625 0.6898631 -3.496696 7.672984 0.7604885 -3.464792 7.668994 0.7175844 -3.470196 7.659943 0.6933233 -3.476808 7.661146 0.761539 -3.448215 7.656653 0.7263166 -3.452893 7.651345 0.7082964 -3.456625 7.193144 0.8446895 -3.567333 7.213754 0.8163283 -3.593076 7.227393 0.7881492 -3.598413 7.186206 0.772384 -3.577991 7.189892 0.7303802 -3.583387 7.201729 0.7085823 -3.588349 7.184439 0.7662364 -3.557704 7.196064 0.7187148 -3.558723 7.212358 0.6973316 -3.560778 7.189328 0.7663289 -3.537582 7.197838 0.7237445 -3.537667 7.211357 0.700736 -3.539114 7.194888 0.768884 -3.518125 7.203048 0.7340135 -3.517736 7.21138 0.7167711 -3.518044 0 0 0 0 0 0
64 7.416617 0.9529045 -3.545589 7.510694 0.9306834 -3.512887 7.319435 0.9340798 -3.570387 7.566972 0.4888084 -3.584606 7.322797 0.4853915 -3.630355 7.554679 0.104146 -3.473397 7.331064 0.09772267 -3.524507 7.41886 1.124098 -3.542938 7.419909 1.261377 -3.544985 7.431509 1.491867 -3.576118 7.446664 1.581623 -3.615623 7.49157 1.42999 -3.532292 7.355985 1.431803 -3.569389 7.593319 1.401292 -3.483899 7.244902 1.39915 -3.580006 7.625566 1.118498 -3.445024 7.191969 1.122087 -3.525623 7.655042 0.8664731 -3.453693 7.16736 0.8699397 -3.54226 7.616568 0.02006843 -3.610167 7.289282 0.01886078 -3.671613 7.48589 1.662253 -3.681869 7.422642 1.66344 -3.687438 0 0 0 7.658014 0.8406006 -3.482745 7.6495 0.8117042 -3.514119 7.640536 0.783884 -3.52654 7.672441 0.7693798 -3.493198 7.678114 0.7275728 -3.498396 7.675338 0.7032238 -3.504665 7.667128 0.7620981 -3.473931 7.666936 0.7134402 -3.479116 7.66069 0.687841 -3.484828 7.655319 0.760798 -3.456971 7.655413 0.7175507 -3.460912 7.650339 0.6917724 -3.465811 7.642984 0.7619687 -3.440768 7.641605 0.7263822 -3.444561 7.639002 0.7075862 -3.447159 7.176797 0.8422601 -3.568086 7.197764 0.8133628 -3.592928 7.211654 0.7851538 -3.597389 7.171023 0.7696322 -3.577122 7.172788 0.7273968 -3.581604 7.182826 0.7045661 -3.585832 7.169126 0.7639322 -3.556717 7.178841 0.7159727 -3.556827 7.193234 0.6932101 -3.558108 7.173795 0.7645639 -3.536553 7.180383 0.7216427 -3.536067 7.191624 0.697406 -3.536755 7.179106 0.767652 -3.517103 7.185982 0.7325118 -3.516336 7.19282 0.7146226 -3.516164 0 0 0 0 0 0
65 7.405208 0.9514477 -3.5437 7.499588 0.9301109 -3.511283 7.308041 0.9317788 -3.567894 7.564955 0.4896989 -3.58472 7.316967 0.4834221 -3.629317 7.560328 0.1039101 -3.476647 7.334577 0.09595104 -3.524085 7.406295 1.122668 -3.542332 7.406641 1.259929 -3.545523 7.416488 1.490179 -3.578949 7.429779 1.579723 -3.619591 7.477473 1.429061 -3.535336 7.341411 1.429749 -3.570678 7.580098 1.401411 -3.488195 7.230629 1.395661 -3.579843 7.611687 1.119026 -3.445956 7.175282 1.120304 -3.519527 7.642191 0.8670681 -3.452853 7.147279 0.8683367 -3.533281 7.620062 0.01699283 -3.612597 7.291923 0.01683112 -3.670802 7.464934 1.659039 -3.689601 7.401474 1.65975 -3.69186 0 0 0 7.647522 0.8423431 -3.48256 7.641837 0.8134688 -3.514587 7.635453 0.7852709 -3.527729 7.668035 0.7729213 -3.494792 7.679023 0.7321824 -3.499955 7.680037 0.7075888 -3.505787 7.663255 0.7646916 -3.475769 7.66926 0.7164295 -3.481173 7.667243 0.6900613 -3.486427 7.651505 0.7619291 -3.458942 7.65725 0.7190944 -3.463191 7.656527 0.6927505 -3.467634 7.639026 0.7616035 -3.442811 7.642268 0.7261734 -3.446922 7.642753 0.7071667 -3.44923 7.156306 0.8398071 -3.558317 7.176784 0.810011 -3.582497 7.190538 0.781627 -3.586205 7.150387 0.7669219 -3.564838 7.151174 0.7245377 -3.567999 7.16038 0.7012522 -3.571589 7.148811 0.7619054 -3.544227 7.157619 0.7137904 -3.542858 7.1712 0.6905065 -3.54347 7.153798 0.7632056 -3.524171 7.159513 0.7202013 -3.522215 7.169835 0.6955498 -3.522028 7.159416 0.7669364 -3.504921 7.165586 0.7317105 -3.502983 7.17176 0.7135991 -3.502159 0 0 0 0 0 0
