Hips LeftUpperLeg RightUpperLeg LeftLowerLeg RightLowerLeg LeftFoot RightFoot Spine Chest Neck Head LeftShoulder RightShoulder LeftUpperArm RightUpperArm LeftLowerArm RightLowerArm LeftHand RightHand LeftToes RightToes LeftEye RightEye Jaw LeftThumbProximal LeftThumbIntermediate LeftThumbDistal LeftIndexProximal LeftIndexIntermediate LeftIndexDistal LeftMiddleProximal LeftMiddleIntermediate LeftMiddleDistal LeftRingProximal LeftRingIntermediate LeftRingDistal LeftLittleProximal LeftLittleIntermediate LeftLittleDistal RightThumbProximal RightThumbIntermediate RightThumbDistal RightIndexProximal RightIndexIntermediate RightIndexDistal RightMiddleProximal RightMiddleIntermediate RightMiddleDistal RightRingProximal RightRingIntermediate RightRingDistal RightLittleProximal RightLittleIntermediate RightLittleDistal UpperChest LastBone
0 6.188727 0.9672863 -3.499964 6.134192 0.9642015 -3.434868 6.243261 0.970371 -3.565061 6.242578 0.5661064 -3.353007 6.394631 0.5861256 -3.485243 6.04787 0.1606279 -3.537117 6.274963 0.1299095 -3.602577 6.180784 1.07655 -3.501441 6.190451 1.227459 -3.495015 6.191609 1.473478 -3.496762 6.196688 1.551573 -3.491444 6.162027 1.42049 -3.466937 6.215366 1.419789 -3.530309 6.089675 1.398727 -3.386344 6.282939 1.399233 -3.615251 6.027316 1.163174 -3.370498 6.299809 1.162923 -3.674395 6.038415 0.9293259 -3.326061 6.329791 0.9282997 -3.703311 6.09611 0.01218941 -3.494625 6.359519 0.005807184 -3.542445 0 0 0 0 0 0 0 0 0 6.059733 0.9214728 -3.319322 6.08399 0.8903168 -3.313217 6.095163 0.8537816 -3.31426 6.049507 0.8585712 -3.293152 6.046101 0.8236362 -3.282417 6.049351 0.8039181 -3.282315 6.027487 0.8550673 -3.298517 6.02389 0.8151387 -3.292721 6.027811 0.792726 -3.296586 0 0 0 0 0 0 0 0 0 0 0 0 0 0 0 0 0 0 6.339205 0.9164999 -3.685043 6.345914 0.8812096 -3.667553 6.344443 0.8435249 -3.661352 6.359669 0.8556823 -3.710115 6.365917 0.8213025 -3.721353 6.364001 0.8014103 -3.72132 6.350817 0.8564021 -3.731258 6.353039 0.8174875 -3.742284 6.348032 0.7949755 -3.741406 0 0 0 0 0 0 0 0 0 0 0 0 0 0 0 0 0 0 0 0 0 0 0 0
1 6.24359 0.976082 -3.320443 6.165756 0.9699137 -3.286904 6.321424 0.9822504 -3.353983 6.236526 0.5941791 -3.111566 6.361788 0.5625603 -3.316978 6.257017 0.1226411 -3.227552 6.323525 0.09448664 -3.453414 6.235146 1.085317 -3.319951 6.24083 1.236013 -3.307038 6.238231 1.481976 -3.30206 6.239137 1.560033 -3.294366 6.198522 1.42802 -3.292881 6.27679 1.429396 -3.319969 6.095147 1.408678 -3.25907 6.380236 1.414339 -3.355689 6.015973 1.180871 -3.297285 6.453749 1.182228 -3.374274 5.982924 0.9465378 -3.269384 6.519226 0.9542418 -3.351514 6.275937 0.01319559 -3.109949 6.379291 -0.006167851 -3.339723 0 0 0 0 0 0 0 0 0 5.996851 0.9363573 -3.253139 6.011478 0.9024875 -3.237802 6.018507 0.865004 -3.235281 5.969224 0.8745601 -3.240337 5.957713 0.84024 -3.23426 5.958393 0.8202998 -3.233119 5.953027 0.8735061 -3.256538 5.94333 0.8341849 -3.255731 5.946379 0.8114401 -3.258184 0 0 0 0 0 0 0 0 0 0 0 0 0 0 0 0 0 0 6.51624 0.9450326 -3.329885 6.515447 0.9120889 -3.307292 6.51649 0.8750088 -3.298088 6.558207 0.8905095 -3.326395 6.577004 0.8590277 -3.324712 6.579903 0.8393968 -3.322345 6.5654 0.8890586 -3.348123 6.581747 0.8520198 -3.349449 6.582121 0.8289548 -3.348744 0 0 0 0 0 0 0 0 0 0 0 0 0 0 0 0 0 0 0 0 0 0 0 0
2 6.201892 0.9505996 -3.079136 6.117458 0.9436049 -3.072566 6.286325 0.9575943 -3.085707 6.140177 0.6009157 -2.82855 6.297798 0.5372391 -3.131156 6.191311 0.1191209 -2.781252 6.278178 0.1146658 -3.37589 6.192581 1.059709 -3.082631 6.186938 1.210499 -3.070841 6.172907 1.456125 -3.070688 6.168797 1.534335 -3.066297 6.134781 1.400528 -3.075933 6.217408 1.405245 -3.07246 6.026563 1.378797 -3.080438 6.326978 1.395048 -3.062759 5.983267 1.152589 -3.161558 6.419971 1.1721 -3.027098 5.942216 0.9178607 -3.162004 6.4742 0.9605686 -2.931723 6.145587 0.0590966 -2.638168 6.310102 -0.003987469 -3.27068 0 0 0 0 0 0 0 0 0 5.948519 0.903349 -3.144362 5.954712 0.8658041 -3.132181 5.959509 0.8279349 -3.134096 5.918575 0.8427872 -3.157841 5.90415 0.8095405 -3.163661 5.902676 0.7897987 -3.166391 5.910267 0.8465393 -3.178885 5.900065 0.8090615 -3.190381 5.902419 0.7869 -3.196378 0 0 0 0 0 0 0 0 0 0 0 0 0 0 0 0 0 0 6.462296 0.9561124 -2.911723 6.454339 0.9298002 -2.882728 6.454278 0.8968775 -2.863316 6.50178 0.9130629 -2.8752 6.520238 0.8887036 -2.854872 6.524164 0.8720496 -2.844547 6.518221 0.9081461 -2.890413 6.536798 0.876682 -2.872927 6.539892 0.8554222 -2.864495 0 0 0 0 0 0 0 0 0 0 0 0 0 0 0 0 0 0 0 0 0 0 0 0
3 6.184434 0.9578443 -2.782606 6.105512 0.9576649 -2.814107 6.263356 0.9580238 -2.751104 6.057533 0.5751383 -2.645508 6.243007 0.563031 -2.607945 6.157341 0.1005873 -2.680556 6.37784 0.2271489 -2.932328 6.187001 1.067149 -2.789659 6.174621 1.217898 -2.784193 6.159371 1.463171 -2.795936 6.15263 1.541315 -2.794908 6.127452 1.406763 -2.815213 6.201062 1.413133 -2.777762 6.032611 1.380161 -2.865224 6.297408 1.402524 -2.724764 6.020189 1.145508 -2.93162 6.3702 1.172895 -2.684805 5.983278 0.9107448 -2.914105 6.39208 0.9457609 -2.616145 6.068579 0.002092322 -2.58789 6.406524 0.06803308 -2.927214 0 0 0 0 0 0 0 0 0 5.982985 0.9009247 -2.89254 5.983735 0.8675157 -2.870641 5.98826 0.8304336 -2.862566 5.95884 0.8369623 -2.901022 5.947469 0.8021631 -2.903667 5.947496 0.7822469 -2.902018 5.958303 0.8354266 -2.923898 5.952673 0.7956719 -2.929255 5.95711 0.7730281 -2.928794 0 0 0 0 0 0 0 0 0 0 0 0 0 0 0 0 0 0 6.373891 0.9374865 -2.603406 6.356857 0.9056064 -2.586381 6.351065 0.8690373 -2.5769 6.3988 0.8849378 -2.566469 6.409418 0.8552774 -2.547633 6.40974 0.8363685 -2.541173 6.419774 0.882739 -2.575479 6.431687 0.8469462 -2.560721 6.432096 0.8241367 -2.55723 0 0 0 0 0 0 0 0 0 0 0 0 0 0 0 0 0 0 0 0 0 0 0 0
4 6.003894 0.985853 -2.620095 5.955408 0.9875572 -2.689861 6.05238 0.9841487 -2.550328 5.890533 0.5720038 -2.648568 5.954688 0.5927981 -2.431044 6.010013 0.1000914 -2.686968 6.047774 0.1394658 -2.57952 6.012084 1.095066 -2.623118 6.005557 1.245857 -2.611799 6.010018 1.491815 -2.608068 6.00359 1.569894 -2.604153 5.989711 1.439402 -2.645655 6.034255 1.437535 -2.575841 5.936127 1.417487 -2.739741 6.095477 1.412981 -2.487226 5.930765 1.182354 -2.805381 6.155892 1.177168 -2.468063 5.873551 0.9511606 -2.813052 6.180136 0.9413942 -2.443451 5.882522 0.002245806 -2.668555 6.038467 0.01438459 -2.477369 0 0 0 0 0 0 0 0 0 5.859453 0.9439233 -2.795433 5.843779 0.9134868 -2.774835 5.839397 0.8772863 -2.763386 5.838025 0.8808039 -2.812836 5.828908 0.8460509 -2.820346 5.827222 0.8262897 -2.81789 5.850962 0.8766714 -2.831315 5.845964 0.8368108 -2.836509 5.847392 0.8142863 -2.831688 0 0 0 0 0 0 0 0 0 0 0 0 0 0 0 0 0 0 6.16045 0.9291298 -2.438593 6.142142 0.8936664 -2.436717 6.136508 0.8561196 -2.441103 6.181375 0.8667497 -2.418174 6.191553 0.8321676 -2.411261 6.192624 0.8123145 -2.413284 6.203821 0.867894 -2.422734 6.214903 0.8290519 -2.419683 6.215966 0.8065776 -2.424823 0 0 0 0 0 0 0 0 0 0 0 0 0 0 0 0 0 0 0 0 0 0 0 0
5 5.835864 0.9921017 -2.540021 5.801596 0.993102 -2.617776 5.870132 0.9911014 -2.462266 5.746479 0.5739067 -2.597329 5.742068 0.6083316 -2.343883 5.872165 0.1023588 -2.63009 5.890473 0.1584993 -2.452728 5.844223 1.10132 -2.5423 5.834 1.25214 -2.534717 5.837541 1.498036 -2.527507 5.830889 1.576133 -2.524423 5.822722 1.446076 -2.568163 5.857149 1.443373 -2.49287 5.783267 1.422928 -2.668717 5.907442 1.415836 -2.398445 5.782214 1.187022 -2.731741 5.965467 1.179818 -2.374917 5.739985 0.9535294 -2.75367 5.989586 0.9441419 -2.349265 5.745726 0.002015598 -2.619547 5.827173 0.03767566 -2.365771 0 0 0 0 0 0 0 0 0 5.723496 0.9454706 -2.738679 5.706502 0.9141979 -2.720526 5.702395 0.8778394 -2.709482 5.708814 0.8813433 -2.759129 5.704097 0.8462701 -2.768872 5.703621 0.8263466 -2.76739 5.724925 0.8779894 -2.775102 5.723075 0.8381519 -2.782201 5.724678 0.8154459 -2.778392 0 0 0 0 0 0 0 0 0 0 0 0 0 0 0 0 0 0 5.969535 0.9321008 -2.345453 5.95021 0.8971338 -2.345055 5.944342 0.8597972 -2.350739 5.988667 0.8689199 -2.325748 5.997948 0.8336383 -2.321702 5.998147 0.8141888 -2.326291 6.011286 0.8697926 -2.329423 6.021087 0.8304891 -2.329244 6.020885 0.8088273 -2.337204 0 0 0 0 0 0 0 0 0 0 0 0 0 0 0 0 0 0 0 0 0 0 0 0
6 5.809586 0.9987697 -2.518053 5.783302 0.9985871 -2.598864 5.835869 0.9989523 -2.437243 5.720727 0.5804968 -2.577962 5.757596 0.5884485 -2.381007 5.838414 0.1069595 -2.611154 5.887363 0.1195247 -2.406681 5.81623 1.108103 -2.520462 5.803824 1.258876 -2.515755 5.804682 1.504894 -2.513811 5.797845 1.583034 -2.513277 5.794261 1.451913 -2.554514 5.821306 1.4512 -2.476222 5.765373 1.426322 -2.658023 5.862951 1.423881 -2.377616 5.77274 1.189345 -2.716439 5.917255 1.187719 -2.347556 5.748522 0.9540575 -2.745356 5.937634 0.952264 -2.317083 5.714659 0.003181122 -2.602127 5.808195 0.01086792 -2.316721 0 0 0 0 0 0 0 0 0 5.730926 0.9446774 -2.732552 5.714136 0.9121934 -2.716452 5.711269 0.8756313 -2.705693 5.723973 0.879706 -2.75438 5.724473 0.8440818 -2.763209 5.726139 0.824344 -2.76056 5.742203 0.877683 -2.768147 5.745144 0.8377454 -2.774244 5.748543 0.8155012 -2.769117 0 0 0 0 0 0 0 0 0 0 0 0 0 0 0 0 0 0 5.917095 0.9406212 -2.31504 5.896654 0.9063451 -2.316951 5.890776 0.8693153 -2.324367 5.93335 0.8764352 -2.296012 5.941323 0.8406324 -2.294641 5.940782 0.8219662 -2.301758 5.956185 0.8768495 -2.298084 5.964641 0.8373353 -2.300911 5.963583 0.8170171 -2.311805 0 0 0 0 0 0 0 0 0 0 0 0 0 0 0 0 0 0 0 0 0 0 0 0
7 5.801085 1.003326 -2.503065 5.779575 1.002944 -2.585274 5.822595 1.003707 -2.420856 5.718338 0.5834493 -2.571688 5.771128 0.5832731 -2.389488 5.820078 0.1058299 -2.613286 5.877613 0.1042859 -2.398721 5.807155 1.112699 -2.505162 5.794554 1.263484 -2.501501 5.794973 1.509511 -2.501909 5.788988 1.587713 -2.503111 5.786947 1.45612 -2.542619 5.80951 1.456214 -2.462917 5.764273 1.429853 -2.647498 5.84532 1.428255 -2.362221 5.7746 1.192381 -2.703402 5.899922 1.192321 -2.330937 5.758873 0.9568527 -2.735988 5.914883 0.9563974 -2.300946 5.694433 0.004413031 -2.603549 5.777894 0.004686974 -2.31933 0 0 0 0 0 0 0 0 0 5.740884 0.9467225 -2.724353 5.724138 0.913611 -2.709538 5.721575 0.8768714 -2.69932 5.737173 0.8819748 -2.747592 5.739719 0.8461471 -2.755155 5.742176 0.826719 -2.75117 5.756199 0.8807451 -2.760338 5.76092 0.8408108 -2.765216 5.764915 0.8190923 -2.758509 0 0 0 0 0 0 0 0 0 0 0 0 0 0 0 0 0 0 5.894166 0.944961 -2.299683 5.873527 0.9108381 -2.302129 5.868183 0.8737812 -2.309808 5.909065 0.8805719 -2.280235 5.917168 0.8448848 -2.277397 5.917147 0.8259079 -2.283662 5.931964 0.880757 -2.281473 5.940679 0.8412256 -2.282938 5.940411 0.8204088 -2.292899 0 0 0 0 0 0 0 0 0 0 0 0 0 0 0 0 0 0 0 0 0 0 0 0
8 5.801942 1.00454 -2.485056 5.783253 1.003785 -2.567949 5.820632 1.005296 -2.402163 5.719794 0.5837142 -2.568648 5.772147 0.5831847 -2.382484 5.80979 0.1036943 -2.618184 5.873011 0.1025695 -2.401983 5.80875 1.113861 -2.487587 5.79589 1.264616 -2.483567 5.796514 1.510641 -2.484147 5.790972 1.588879 -2.485141 5.789795 1.457225 -2.525059 5.809714 1.457364 -2.444655 5.770636 1.431157 -2.630686 5.842023 1.428349 -2.343078 5.780835 1.193335 -2.685102 5.89794 1.192496 -2.313555 5.765875 0.9576874 -2.717188 5.911686 0.95622 -2.285851 5.682964 0.004288755 -2.604025 5.772979 0.004688762 -2.320867 0 0 0 0 0 0 0 0 0 5.747591 0.9474453 -2.706128 5.730952 0.9139357 -2.692107 5.728387 0.8771443 -2.682078 5.745203 0.8825899 -2.729239 5.747481 0.8473994 -2.739424 5.749393 0.8275566 -2.738017 5.764656 0.8814774 -2.741333 5.768616 0.84192 -2.749102 5.771717 0.8193136 -2.745642 0 0 0 0 0 0 0 0 0 0 0 0 0 0 0 0 0 0 5.891002 0.9446754 -2.285159 5.870799 0.9103929 -2.288744 5.866234 0.8735512 -2.297833 5.906041 0.8795551 -2.268447 5.915147 0.8442673 -2.264071 5.916227 0.8248501 -2.268673 5.928944 0.8798646 -2.269589 5.938628 0.8405322 -2.2695 5.939745 0.818877 -2.277402 0 0 0 0 0 0 0 0 0 0 0 0 0 0 0 0 0 0 0 0 0 0 0 0
9 5.809348 1.004468 -2.465451 5.793747 1.002957 -2.54897 5.824949 1.00598 -2.381932 5.721345 0.5847551 -2.562307 5.773768 0.5838148 -2.36999 5.80616 0.1050086 -2.620519 5.869451 0.1026685 -2.401302 5.816643 1.113736 -2.468791 5.802235 1.264335 -2.464243 5.801554 1.510359 -2.465143 5.796594 1.58862 -2.46702 5.796962 1.456859 -2.506239 5.813262 1.457202 -2.425025 5.782915 1.43114 -2.612751 5.84085 1.427434 -2.32228 5.79596 1.193003 -2.665148 5.898997 1.192083 -2.293056 5.784273 0.9572347 -2.697702 5.912487 0.9557199 -2.265977 5.678449 0.005826317 -2.616125 5.769759 0.005256139 -2.319209 0 0 0 0 0 0 0 0 0 5.765541 0.9467638 -2.687652 5.74893 0.9126682 -2.675086 5.74629 0.8757104 -2.66571 5.764885 0.8820564 -2.711287 5.767411 0.8480785 -2.72494 5.769032 0.8282507 -2.72684 5.784935 0.8811904 -2.722385 5.788692 0.8425315 -2.733884 5.791173 0.8195954 -2.734528 0 0 0 0 0 0 0 0 0 0 0 0 0 0 0 0 0 0 5.891947 0.943906 -2.266273 5.872578 0.9093241 -2.2713 5.869294 0.8726757 -2.281638 5.907375 0.8784232 -2.251438 5.917464 0.8436254 -2.245551 5.919703 0.824021 -2.248716 5.930295 0.8790529 -2.251924 5.941109 0.840044 -2.250432 5.943717 0.817962 -2.256613 0 0 0 0 0 0 0 0 0 0 0 0 0 0 0 0 0 0 0 0 0 0 0 0
11 5.818668 0.9659336 -2.487311 5.802643 0.9662779 -2.570763 5.834692 0.9655891 -2.403859 5.641717 0.579268 -2.532332 5.705864 0.5670444 -2.365214 5.719329 0.09926244 -2.541758 6.026997 0.2093172 -2.436809 5.822804 1.075417 -2.487653 5.806978 1.225917 -2.484901 5.797844 1.471763 -2.487269 5.788992 1.549668 -2.484947 5.796834 1.417956 -2.528208 5.809681 1.419221 -2.446386 5.781877 1.398799 -2.635972 5.828138 1.402086 -2.338824 5.83557 1.167738 -2.693875 5.889703 1.170858 -2.290158 5.820876 0.932331 -2.727792 5.858623 0.9388907 -2.245348 5.591736 0.0005752668 -2.529613 6.016928 0.04798933 -2.430588 0 0 0 0 0 0 0 0 0 5.803439 0.9200678 -2.717442 5.791676 0.8839048 -2.705187 5.791679 0.8467174 -2.696363 5.806775 0.8564036 -2.743553 5.80895 0.824037 -2.760728 5.810471 0.8050028 -2.766624 5.826353 0.8575132 -2.755446 5.833797 0.8193868 -2.766926 5.838704 0.7968419 -2.767462 0 0 0 0 0 0 0 0 0 0 0 0 0 0 0 0 0 0 5.837379 0.9295352 -2.250118 5.814215 0.8975092 -2.255955 5.803797 0.8611273 -2.2613 5.836851 0.867314 -2.220548 5.836566 0.8329791 -2.207573 5.835049 0.8130527 -2.207483 5.858716 0.8653795 -2.213907 5.86118 0.8261133 -2.204267 5.861097 0.8032919 -2.207705 0 0 0 0 0 0 0 0 0 0 0 0 0 0 0 0 0 0 0 0 0 0 0 0
12 5.574099 0.9766536 -2.453227 5.56363 0.9782389 -2.537542 5.584567 0.9750682 -2.368912 5.509869 0.5603544 -2.514471 5.379 0.6113994 -2.319768 5.674923 0.101615 -2.508679 5.450645 0.1311139 -2.340097 5.57577 1.086187 -2.451374 5.557553 1.236426 -2.449171 5.542905 1.481974 -2.444631 5.528918 1.559013 -2.439902 5.542935 1.42932 -2.487055 5.556081 1.428592 -2.405273 5.526181 1.41585 -2.595414 5.574588 1.414169 -2.297324 5.539744 1.1804 -2.658691 5.687786 1.199785 -2.268152 5.468445 0.9546104 -2.685492 5.737091 0.9673002 -2.250753 5.550161 -0.0007207841 -2.497337 5.335112 0.02740399 -2.294676 0 0 0 0 0 0 0 0 0 5.449484 0.9491892 -2.672352 5.428875 0.9181356 -2.657954 5.417875 0.8827324 -2.648662 5.425245 0.8897753 -2.697423 5.411236 0.8597838 -2.713283 5.403868 0.842005 -2.718669 5.441842 0.8841016 -2.712197 5.430811 0.8464245 -2.722176 5.426016 0.8238848 -2.720906 0 0 0 0 0 0 0 0 0 0 0 0 0 0 0 0 0 0 5.721201 0.9508228 -2.256883 5.712299 0.9129771 -2.266092 5.715652 0.8759506 -2.274955 5.745724 0.8909354 -2.233256 5.758544 0.8577376 -2.224265 5.764642 0.8388086 -2.226236 5.766671 0.8971613 -2.226299 5.784099 0.8609843 -2.220977 5.792624 0.8404006 -2.226999 0 0 0 0 0 0 0 0 0 0 0 0 0 0 0 0 0 0 0 0 0 0 0 0
13 5.226275 0.9329206 -2.39221 5.21823 0.9320839 -2.476802 5.234321 0.9337573 -2.307619 5.24924 0.5126222 -2.481091 4.992119 0.5889992 -2.28057 5.5754 0.1536156 -2.51198 4.916354 0.1070793 -2.281681 5.229789 1.042417 -2.393627 5.212913 1.192668 -2.386685 5.203872 1.438231 -2.374595 5.190047 1.515333 -2.370452 5.20167 1.386876 -2.418528 5.216826 1.383429 -2.337164 5.181147 1.376905 -2.526616 5.238059 1.366692 -2.230053 5.157433 1.143708 -2.595036 5.370817 1.162292 -2.21519 5.040291 0.9382155 -2.623907 5.455179 0.9397302 -2.203692 5.508149 0.006989144 -2.499951 4.773408 0.03452089 -2.260037 0 0 0 0 0 0 0 0 0 5.021467 0.9397615 -2.609595 4.995024 0.9168618 -2.590289 4.975277 0.886973 -2.576967 4.976609 0.8924631 -2.631882 4.953461 0.867075 -2.644801 4.941134 0.8515462 -2.647308 4.989265 0.8813375 -2.647438 4.96641 0.8487352 -2.654891 4.955498 0.8287988 -2.650878 0 0 0 0 0 0 0 0 0 0 0 0 0 0 0 0 0 0 5.443244 0.9197616 -2.208206 5.44364 0.8813593 -2.219226 5.455148 0.8469185 -2.231149 5.484997 0.8680549 -2.190062 5.506693 0.8390183 -2.184277 5.516803 0.8222113 -2.18811 5.504462 0.8793859 -2.185745 5.530855 0.8486922 -2.184272 5.543039 0.8309996 -2.192708 0 0 0 0 0 0 0 0 0 0 0 0 0 0 0 0 0 0 0 0 0 0 0 0
14 4.802757 1.003875 -2.338615 4.786867 1.003753 -2.422093 4.818646 1.003997 -2.255137 4.732807 0.582753 -2.399216 4.770687 0.5837004 -2.207922 4.83052 0.1018149 -2.41895 4.870361 0.1027109 -2.183228 4.808044 1.113302 -2.339782 4.792851 1.263893 -2.339757 4.790341 1.509811 -2.346639 4.784234 1.587913 -2.350621 4.785654 1.455292 -2.386362 4.802919 1.457734 -2.305383 4.770693 1.427077 -2.492115 4.832472 1.431001 -2.202351 4.782148 1.18811 -2.540984 4.894525 1.197657 -2.165951 4.775143 0.9520876 -2.573037 4.914138 0.9627344 -2.13117 4.702728 0.00292667 -2.411384 4.766541 0.004333161 -2.107663 0 0 0 0 0 0 0 0 0 4.756862 0.9419311 -2.561892 4.740321 0.9086551 -2.547215 4.737575 0.8720944 -2.536419 4.754731 0.8767784 -2.584178 4.758598 0.8411475 -2.5921 4.761443 0.8216324 -2.588868 4.774219 0.8755719 -2.596208 4.7798 0.8358406 -2.601786 4.783883 0.8138068 -2.596265 0 0 0 0 0 0 0 0 0 0 0 0 0 0 0 0 0 0 4.893526 0.9510704 -2.130368 4.872913 0.9169661 -2.133255 4.868685 0.8798167 -2.141181 4.908632 0.8869933 -2.110069 4.916497 0.8511404 -2.109968 4.915854 0.8332821 -2.118915 4.931552 0.8874323 -2.110706 4.940378 0.8481935 -2.115529 4.939388 0.8293521 -2.12882 0 0 0 0 0 0 0 0 0 0 0 0 0 0 0 0 0 0 0 0 0 0 0 0
15 4.802279 1.005657 -2.313709 4.789154 1.005083 -2.397664 4.815404 1.00623 -2.229753 4.734426 0.583509 -2.387907 4.767603 0.5846083 -2.197392 4.828493 0.1026317 -2.42421 4.869085 0.1035557 -2.188647 4.808146 1.115048 -2.315373 4.794375 1.265775 -2.314902 4.793741 1.511755 -2.319697 4.788435 1.589976 -2.322174 4.78961 1.457612 -2.359993 4.804981 1.459238 -2.278613 4.776982 1.43041 -2.466314 4.831609 1.431017 -2.17518 4.788035 1.191572 -2.515901 4.893635 1.197409 -2.140472 4.779778 0.9556994 -2.548749 4.908772 0.961817 -2.108063 4.700881 0.003506862 -2.416707 4.765066 0.005354606 -2.113127 0 0 0 0 0 0 0 0 0 4.761061 0.9454477 -2.538446 4.743644 0.9121407 -2.524896 4.740175 0.8754204 -2.514878 4.759182 0.8808284 -2.562256 4.762769 0.8449911 -2.569335 4.765235 0.8256207 -2.565082 4.779049 0.87973 -2.573661 4.784229 0.8398272 -2.578326 4.787822 0.8180907 -2.571452 0 0 0 0 0 0 0 0 0 0 0 0 0 0 0 0 0 0 4.888175 0.9501068 -2.10766 4.867982 0.9157751 -2.11081 4.864298 0.8786008 -2.118888 4.903119 0.8858822 -2.087711 4.911724 0.8503242 -2.084726 4.912124 0.8314847 -2.091381 4.926045 0.8863708 -2.088014 4.935672 0.8470648 -2.089804 4.936084 0.8265871 -2.100441 0 0 0 0 0 0 0 0 0 0 0 0 0 0 0 0 0 0 0 0 0 0 0 0
16 4.805662 1.005718 -2.294928 4.794212 1.004656 -2.379124 4.817111 1.006781 -2.210732 4.734469 0.5838429 -2.380981 4.767865 0.5849023 -2.186713 4.827086 0.1036419 -2.426006 4.869017 0.1038788 -2.191144 4.813131 1.114999 -2.297323 4.799942 1.265778 -2.296851 4.8011 1.511761 -2.301321 4.796219 1.590009 -2.303863 4.797504 1.457698 -2.341774 4.811056 1.459118 -2.260067 4.787058 1.430815 -2.448412 4.835072 1.430193 -2.156191 4.798107 1.19169 -2.496604 4.894461 1.195802 -2.122153 4.790197 0.9557312 -2.528909 4.90617 0.9598461 -2.090996 4.699542 0.004407249 -2.418831 4.764846 0.005991243 -2.115426 0 0 0 0 0 0 0 0 0 4.771447 0.9451784 -2.518976 4.754892 0.911181 -2.506075 4.752183 0.8743539 -2.496217 4.771519 0.8803229 -2.542211 4.774976 0.8455526 -2.553452 4.777102 0.8256825 -2.553268 4.791683 0.8795431 -2.553108 4.796373 0.8403568 -2.562233 4.799384 0.8175478 -2.56041 0 0 0 0 0 0 0 0 0 0 0 0 0 0 0 0 0 0 4.885481 0.9482903 -2.091095 4.865441 0.9139869 -2.095336 4.861926 0.8771209 -2.104785 4.899948 0.8831061 -2.074128 4.909165 0.8479592 -2.068929 4.910576 0.8284874 -2.073198 4.922876 0.8834296 -2.074448 4.932946 0.8441991 -2.073814 4.934634 0.8224919 -2.081468 0 0 0 0 0 0 0 0 0 0 0 0 0 0 0 0 0 0 0 0 0 0 0 0
17 4.813132 1.005107 -2.276516 4.802593 1.00336 -2.360819 4.823672 1.006854 -2.192213 4.734959 0.5842776 -2.374045 4.771475 0.5850009 -2.176177 4.824169 0.1051023 -2.431145 4.86832 0.1035888 -2.197209 4.821074 1.114332 -2.279772 4.806416 1.264973 -2.278765 4.80675 1.510972 -2.282454 4.802494 1.589243 -2.285346 4.803923 1.457023 -2.323122 4.816309 1.458235 -2.241227 4.795155 1.43053 -2.430008 4.838756 1.428546 -2.137215 4.808665 1.191498 -2.478028 4.898124 1.193978 -2.104381 4.802817 0.9555687 -2.510987 4.90841 0.9578502 -2.074033 4.697853 0.004276238 -2.424435 4.763881 0.006068788 -2.121386 0 0 0 0 0 0 0 0 0 4.783884 0.9447567 -2.501703 4.767629 0.9101911 -2.489984 4.765152 0.8731574 -2.480867 4.785183 0.8801472 -2.525578 4.788767 0.8467074 -2.540283 4.79077 0.8270573 -2.543322 4.805656 0.8796497 -2.5359 4.810224 0.841486 -2.548687 4.812938 0.8186674 -2.550828 0 0 0 0 0 0 0 0 0 0 0 0 0 0 0 0 0 0 4.887802 0.9461704 -2.074706 4.868332 0.9116669 -2.079882 4.865493 0.8749807 -2.090218 4.902504 0.8806236 -2.059422 4.912437 0.8459438 -2.052644 4.914758 0.8262745 -2.055309 4.925432 0.8811022 -2.059459 4.936232 0.8421239 -2.057247 4.939062 0.819939 -2.062945 0 0 0 0 0 0 0 0 0 0 0 0 0 0 0 0 0 0 0 0 0 0 0 0
18 4.822384 1.003581 -2.264282 4.811943 1.002847 -2.348612 4.832826 1.004315 -2.179952 4.736475 0.5854763 -2.373724 4.775146 0.5833147 -2.167239 4.815239 0.1052663 -2.438655 4.866892 0.1019939 -2.201998 4.829662 1.112885 -2.266134 4.812785 1.263285 -2.264318 4.810505 1.509298 -2.26567 4.805879 1.58758 -2.267548 4.807849 1.455708 -2.306819 4.821017 1.456279 -2.22504 4.797939 1.430137 -2.413831 4.844348 1.425206 -2.121629 4.81462 1.191509 -2.462856 4.909047 1.191958 -2.089472 4.810327 0.955757 -2.497284 4.922759 0.9561087 -2.058323 4.693521 -0.0008736029 -2.429385 4.763254 0.003912888 -2.1258 0 0 0 0 0 0 0 0 0 4.790867 0.9451964 -2.488836 4.773342 0.9105327 -2.479475 4.769429 0.8731307 -2.472654 4.789981 0.8820252 -2.516308 4.792376 0.8503149 -2.534639 4.793606 0.8312637 -2.540547 4.810555 0.8812999 -2.526414 4.813664 0.8445978 -2.543269 4.815422 0.8222972 -2.548947 0 0 0 0 0 0 0 0 0 0 0 0 0 0 0 0 0 0 4.902468 0.943882 -2.058918 4.883996 0.9088562 -2.064239 4.882157 0.8722171 -2.07496 4.919116 0.8785689 -2.044664 4.930262 0.8443589 -2.037402 4.933375 0.8247251 -2.039451 4.942021 0.8796718 -2.044952 4.954176 0.8411188 -2.04235 4.957965 0.8189049 -2.047331 0 0 0 0 0 0 0 0 0 0 0 0 0 0 0 0 0 0 0 0 0 0 0 0
20 4.824968 0.9840195 -2.316506 4.811076 0.9839525 -2.40034 4.838861 0.9840863 -2.232672 4.71144 0.5750981 -2.367956 4.675379 0.5992826 -2.186544 4.818222 0.09931221 -2.375787 4.908097 0.1754015 -2.235411 4.82834 1.093527 -2.317152 4.811837 1.243953 -2.314276 4.801895 1.489778 -2.313555 4.792181 1.567529 -2.309913 4.800396 1.436459 -2.355114 4.814552 1.436792 -2.273498 4.783596 1.418769 -2.462856 4.835302 1.418749 -2.166505 4.816683 1.184123 -2.521775 4.919632 1.192454 -2.130393 4.78348 0.9499644 -2.550931 4.926029 0.9562786 -2.099356 4.691279 -0.0003903285 -2.36521 4.84972 0.03031059 -2.194089 0 0 0 0 0 0 0 0 0 4.765451 0.9399652 -2.539248 4.748177 0.9056325 -2.528329 4.742202 0.8685588 -2.521216 4.758675 0.8765396 -2.565274 4.753631 0.8453026 -2.583878 4.751098 0.8270788 -2.591679 4.777284 0.8752124 -2.578611 4.777595 0.8366511 -2.591011 4.778627 0.8136656 -2.592812 0 0 0 0 0 0 0 0 0 0 0 0 0 0 0 0 0 0 4.906723 0.9432969 -2.103864 4.890021 0.9076625 -2.110758 4.886688 0.8702867 -2.118018 4.919636 0.880497 -2.078654 4.926553 0.8459062 -2.068509 4.928824 0.8261089 -2.07002 4.941799 0.8824301 -2.073084 4.952208 0.843793 -2.066787 4.956242 0.8217154 -2.072167 0 0 0 0 0 0 0 0 0 0 0 0 0 0 0 0 0 0 0 0 0 0 0 0
21 4.53934 0.9614316 -2.261616 4.523688 0.9661722 -2.345005 4.554992 0.9566908 -2.178228 4.517603 0.5447168 -2.354008 4.31743 0.6142597 -2.117448 4.743906 0.1140736 -2.379343 4.269892 0.1300216 -2.126934 4.543953 1.070765 -2.256267 4.531051 1.221522 -2.252453 4.525662 1.467355 -2.244312 4.516102 1.545046 -2.239244 4.519237 1.415247 -2.286923 4.541131 1.413082 -2.207064 4.488761 1.402497 -2.392338 4.571308 1.395023 -2.102341 4.454266 1.171447 -2.463408 4.683976 1.179073 -2.085111 4.359207 0.9541272 -2.486186 4.734631 0.9468108 -2.068645 4.630242 -0.0007601753 -2.371564 4.127697 0.09595772 -2.057745 0 0 0 0 0 0 0 0 0 4.341958 0.9511558 -2.470211 4.318968 0.923802 -2.452335 4.30382 0.8902135 -2.442181 4.302601 0.8998321 -2.493938 4.281396 0.8726948 -2.506635 4.27099 0.8557827 -2.508886 4.315088 0.8925391 -2.511738 4.296116 0.8581049 -2.521494 4.287974 0.836559 -2.520041 0 0 0 0 0 0 0 0 0 0 0 0 0 0 0 0 0 0 4.71826 0.9300066 -2.071988 4.709319 0.8917138 -2.079062 4.713707 0.8547595 -2.087773 4.74692 0.8709893 -2.050972 4.761187 0.8379917 -2.04356 4.766851 0.8190921 -2.046737 4.76857 0.8776245 -2.047342 4.787235 0.8417748 -2.044647 4.794929 0.8213776 -2.052224 0 0 0 0 0 0 0 0 0 0 0 0 0 0 0 0 0 0 0 0 0 0 0 0
22 4.23463 0.935625 -2.134803 4.207889 0.9306068 -2.215307 4.261371 0.9406431 -2.054299 4.132436 0.516964 -2.203694 4.049562 0.582948 -1.989952 4.490806 0.2149944 -2.33256 4.061897 0.09962634 -2.039922 4.237023 1.044896 -2.142409 4.224733 1.194795 -2.125451 4.227152 1.440295 -2.10952 4.219474 1.518038 -2.102449 4.213617 1.389756 -2.152356 4.246038 1.384502 -2.076312 4.168816 1.381375 -2.252986 4.289232 1.363932 -1.976739 4.131986 1.148427 -2.316261 4.399236 1.145944 -1.979096 4.029154 0.9335637 -2.322773 4.444732 0.9122719 -1.968585 4.529448 0.05857476 -2.346925 3.945503 0.003350522 -1.982042 0 0 0 0 0 0 0 0 0 4.013625 0.9312985 -2.305016 3.993482 0.9034112 -2.284697 3.980327 0.8696902 -2.272425 3.972131 0.8791533 -2.322486 3.950467 0.8514289 -2.332941 3.940143 0.8343721 -2.334305 3.982752 0.8711011 -2.341149 3.964957 0.8351914 -2.347036 3.958834 0.8133346 -2.342861 0 0 0 0 0 0 0 0 0 0 0 0 0 0 0 0 0 0 4.428077 0.8954396 -1.969499 4.418028 0.8573722 -1.976299 4.420103 0.8206205 -1.986582 4.459992 0.8361887 -1.954775 4.475204 0.8030982 -1.950199 4.480398 0.7842122 -1.954164 4.481928 0.8428804 -1.954666 4.500717 0.8070015 -1.955375 4.507154 0.7866219 -1.964087 0 0 0 0 0 0 0 0 0 0 0 0 0 0 0 0 0 0 0 0 0 0 0 0
23 3.873218 0.9892372 -1.948013 3.840074 0.9872001 -2.026233 3.906363 0.9912742 -1.869792 3.706467 0.5927449 -1.96722 3.825089 0.5774114 -1.840091 3.890676 0.1553267 -2.071875 3.917163 0.101294 -1.899372 3.878445 1.098557 -1.953074 3.868367 1.249382 -1.945416 3.869879 1.495394 -1.943179 3.864169 1.573535 -1.939383 3.855936 1.442502 -1.982931 3.889524 1.441607 -1.907218 3.814345 1.423121 -2.083421 3.93658 1.416894 -1.810374 3.807987 1.186157 -2.142006 4.00187 1.182676 -1.787911 3.7751 0.9513394 -2.165717 3.997397 0.9471779 -1.751809 3.795536 0.02486236 -2.062178 3.81728 0.002966203 -1.818615 0 0 0 0 0 0 0 0 0 3.760589 0.9415283 -2.149756 3.748275 0.9074841 -2.132854 3.746709 0.8703253 -2.124049 3.745278 0.8788384 -2.173874 3.739834 0.8446202 -2.185988 3.73943 0.8246556 -2.186785 3.759582 0.8773494 -2.191738 3.758295 0.8380056 -2.20129 3.761137 0.8152043 -2.199129 0 0 0 0 0 0 0 0 0 0 0 0 0 0 0 0 0 0 3.976048 0.9371243 -1.749642 3.95348 0.9041541 -1.749696 3.945048 0.8672529 -1.754983 3.98738 0.8727896 -1.727761 3.992468 0.8372297 -1.720217 3.991107 0.8174846 -1.722984 4.010212 0.8714882 -1.729465 4.016479 0.8315579 -1.726789 4.015242 0.8095185 -1.733525 0 0 0 0 0 0 0 0 0 0 0 0 0 0 0 0 0 0 0 0 0 0 0 0
24 3.796319 0.9958609 -1.9159 3.759889 0.9946895 -1.992664 3.832749 0.9970322 -1.839136 3.675697 0.5835329 -1.940011 3.782 0.5801795 -1.78458 3.759075 0.1032388 -1.975116 3.878957 0.10364 -1.838623 3.800418 1.105286 -1.919515 3.782296 1.255553 -1.919734 3.774476 1.501434 -1.922974 3.76747 1.579525 -1.920581 3.760196 1.447116 -1.960629 3.798317 1.449297 -1.887119 3.7156 1.421791 -2.058473 3.852877 1.426063 -1.793915 3.728175 1.184106 -2.112992 3.91514 1.192093 -1.762195 3.724982 0.9477528 -2.143158 3.903313 0.959183 -1.713244 3.628375 0.009446867 -1.95817 3.806094 0.01021329 -1.72849 0 0 0 0 0 0 0 0 0 3.712193 0.9354606 -2.127445 3.704645 0.9000847 -2.110477 3.708536 0.8631666 -2.101385 3.708694 0.8711261 -2.151836 3.709702 0.8365995 -2.164254 3.712909 0.8168967 -2.165199 3.723323 0.8722685 -2.169461 3.7274 0.8335044 -2.180486 3.732807 0.8110717 -2.180083 0 0 0 0 0 0 0 0 0 0 0 0 0 0 0 0 0 0 3.881526 0.951079 -1.708636 3.856396 0.9202185 -1.705106 3.845222 0.8838273 -1.708507 3.88958 0.8865552 -1.685878 3.893585 0.8511137 -1.677208 3.891044 0.8313488 -1.678712 3.91193 0.8832328 -1.689797 3.915707 0.8431277 -1.685535 3.912603 0.8207861 -1.690419 0 0 0 0 0 0 0 0 0 0 0 0 0 0 0 0 0 0 0 0 0 0 0 0
25 3.751955 0.9947514 -1.929511 3.706126 0.9945115 -2.00107 3.797784 0.994991 -1.857951 3.665864 0.5761114 -1.94107 3.761372 0.5864601 -1.758567 3.772619 0.09746299 -1.954999 3.851252 0.1124302 -1.829302 3.756207 1.104187 -1.9326 3.730889 1.253355 -1.936659 3.717734 1.498943 -1.943178 3.710468 1.576952 -1.939323 3.697412 1.443546 -1.976201 3.749177 1.448032 -1.911688 3.636119 1.41444 -2.063376 3.823062 1.426564 -1.832418 3.644814 1.176228 -2.116332 3.901094 1.196344 -1.809283 3.645695 0.9405212 -2.151323 3.905398 0.9652094 -1.751481 3.642744 0.001048818 -1.956879 3.844087 0.008974858 -1.705155 0 0 0 0 0 0 0 0 0 3.635957 0.9278248 -2.133843 3.631638 0.8921912 -2.116296 3.637414 0.8552239 -2.108496 3.629536 0.8636791 -2.158137 3.629392 0.8293222 -2.171055 3.632972 0.8097355 -2.172762 3.640963 0.8652834 -2.177957 3.643801 0.826681 -2.189899 3.649586 0.804351 -2.19064 0 0 0 0 0 0 0 0 0 0 0 0 0 0 0 0 0 0 3.886103 0.9571901 -1.740302 3.863814 0.9264118 -1.727965 3.853346 0.8896927 -1.726271 3.902122 0.8942375 -1.717356 3.909286 0.8592333 -1.70895 3.906665 0.8394223 -1.70912 3.92246 0.8908986 -1.727414 3.928102 0.8510547 -1.722781 3.923954 0.8285545 -1.725808 0 0 0 0 0 0 0 0 0 0 0 0 0 0 0 0 0 0 0 0 0 0 0 0
26 3.733677 0.9959387 -1.940712 3.672029 0.9959534 -1.999198 3.795325 0.9959239 -1.882226 3.654882 0.574393 -1.947047 3.77413 0.5836121 -1.790904 3.760612 0.09709699 -1.995031 3.837369 0.1062631 -1.873641 3.738551 1.105273 -1.945822 3.718363 1.255273 -1.945035 3.710049 1.501071 -1.951628 3.704704 1.579229 -1.947663 3.680723 1.445995 -1.977681 3.747131 1.449566 -1.928297 3.599339 1.417074 -2.046557 3.837907 1.424776 -1.870428 3.585782 1.178168 -2.095192 3.917308 1.193878 -1.872909 3.569422 0.9420998 -2.123244 3.939517 0.9612601 -1.826231 3.634208 -0.002130359 -1.976516 3.846568 0.004572041 -1.748177 0 0 0 0 0 0 0 0 0 3.56351 0.9305024 -2.103442 3.561705 0.8955818 -2.084112 3.56736 0.8585344 -2.076611 3.548357 0.8661503 -2.122814 3.54284 0.8319407 -2.13492 3.544307 0.8121741 -2.137471 3.554807 0.8665132 -2.144819 3.551919 0.8278376 -2.156511 3.555245 0.805109 -2.158744 0 0 0 0 0 0 0 0 0 0 0 0 0 0 0 0 0 0 3.924078 0.9519358 -1.810861 3.906093 0.9197407 -1.795487 3.896645 0.8827274 -1.794262 3.94583 0.8877422 -1.798527 3.955224 0.8523878 -1.795507 3.952732 0.8325942 -1.796679 3.962584 0.8856821 -1.814051 3.969497 0.845774 -1.814678 3.964813 0.8234848 -1.818404 0 0 0 0 0 0 0 0 0 0 0 0 0 0 0 0 0 0 0 0 0 0 0 0
28 3.729059 0.9629882 -1.959821 3.658894 0.9658729 -2.007671 3.799224 0.9601033 -1.91197 3.660469 0.544749 -1.991692 3.686563 0.6116805 -1.704713 3.8016 0.113564 -2.168563 3.692025 0.1256097 -1.695549 3.734175 1.072427 -1.960725 3.724068 1.222943 -1.948427 3.721588 1.468717 -1.93756 3.715446 1.54614 -1.926567 3.688279 1.41616 -1.964028 3.759521 1.415011 -1.921779 3.59534 1.40044 -2.021637 3.854832 1.396116 -1.869221 3.539921 1.164964 -2.054873 3.945763 1.181121 -1.940869 3.468253 0.9422502 -2.009652 4.001165 0.9528651 -1.98103 3.734306 0.0008477122 -2.074048 3.629974 0.08516072 -1.551742 0 0 0 0 0 0 0 0 0 3.466038 0.9401591 -1.986151 3.464135 0.9138951 -1.956103 3.464021 0.8811868 -1.936332 3.428785 0.883199 -1.975484 3.407899 0.8532496 -1.971726 3.399953 0.8354854 -1.96718 3.427764 0.8745363 -1.996694 3.410897 0.8382092 -1.990639 3.407473 0.8164634 -1.983708 0 0 0 0 0 0 0 0 0 0 0 0 0 0 0 0 0 0 3.988302 0.9352591 -1.971749 3.976722 0.8970248 -1.972351 3.972656 0.8608351 -1.98395 4.023842 0.8774194 -1.98348 4.038327 0.8452607 -1.993646 4.03862 0.8273305 -2.002465 4.040508 0.8851655 -1.997197 4.054104 0.8505549 -2.013263 4.051897 0.8315747 -2.026206 0 0 0 0 0 0 0 0 0 0 0 0 0 0 0 0 0 0 0 0 0 0 0 0
29 3.61478 0.9566779 -1.728377 3.5556 0.9499416 -1.788986 3.673961 0.963414 -1.667769 3.4887 0.5456229 -1.694229 3.575727 0.5785495 -1.529001 3.729285 0.194228 -1.928453 3.658882 0.101163 -1.568247 3.613987 1.065649 -1.739714 3.607458 1.216749 -1.733838 3.611761 1.462659 -1.740072 3.605771 1.540869 -1.739525 3.582804 1.409061 -1.769413 3.643578 1.409424 -1.713128 3.50206 1.389921 -1.842336 3.721407 1.392493 -1.63658 3.485095 1.151121 -1.890412 3.791408 1.15941 -1.616659 3.437291 0.9195527 -1.860848 3.817266 0.9249621 -1.582767 3.745375 0.03444084 -1.909065 3.581655 -0.001679815 -1.470134 0 0 0 0 0 0 0 0 0 3.433917 0.9119962 -1.838643 3.4305 0.8806834 -1.814063 3.431917 0.8443511 -1.802286 3.406236 0.8491274 -1.843875 3.393385 0.8147544 -1.84468 3.392294 0.7951055 -1.841201 3.408102 0.8453273 -1.866414 3.40101 0.8054993 -1.868478 3.404601 0.7829576 -1.865069 0 0 0 0 0 0 0 0 0 0 0 0 0 0 0 0 0 0 3.799066 0.9113106 -1.576136 3.784613 0.8742362 -1.572541 3.782769 0.8361904 -1.575684 3.82666 0.8523728 -1.553529 3.838737 0.8190404 -1.544022 3.840529 0.7991398 -1.54439 3.848642 0.8552318 -1.559408 3.863259 0.8176585 -1.555477 3.865822 0.7951739 -1.560005 0 0 0 0 0 0 0 0 0 0 0 0 0 0 0 0 0 0 0 0 0 0 0 0
30 3.372565 0.9730785 -1.616926 3.310395 0.9694759 -1.674745 3.434736 0.9766809 -1.559107 3.155696 0.6044245 -1.534268 3.352182 0.5639526 -1.529817 3.261684 0.1558991 -1.688579 3.410197 0.09989103 -1.6675 3.373627 1.082346 -1.624876 3.373362 1.233024 -1.610574 3.381603 1.478771 -1.602213 3.378671 1.556563 -1.592585 3.352476 1.427475 -1.635268 3.411989 1.423524 -1.577786 3.272028 1.417142 -1.710268 3.490871 1.40262 -1.503326 3.247124 1.18462 -1.780539 3.550483 1.165846 -1.500278 3.203264 0.9505584 -1.789171 3.528406 0.9358746 -1.441891 3.172744 0.02752652 -1.646428 3.330005 0.001462959 -1.567262 0 0 0 0 0 0 0 0 0 3.19807 0.9395259 -1.768851 3.195418 0.9040807 -1.750605 3.197867 0.8664913 -1.744141 3.17207 0.8782246 -1.786521 3.159395 0.844914 -1.795297 3.157072 0.8251057 -1.796568 3.175989 0.8780965 -1.809117 3.169541 0.8394243 -1.819301 3.172586 0.8165668 -1.820246 0 0 0 0 0 0 0 0 0 0 0 0 0 0 0 0 0 0 3.506841 0.9291108 -1.434768 3.481213 0.8997826 -1.425859 3.466535 0.8646081 -1.423014 3.514895 0.8671727 -1.405701 3.516384 0.8331119 -1.392101 3.512281 0.8136622 -1.39004 3.53676 0.8626382 -1.410922 3.538788 0.8231567 -1.402093 3.534104 0.8006392 -1.404008 0 0 0 0 0 0 0 0 0 0 0 0 0 0 0 0 0 0 0 0 0 0 0 0
31 3.319567 0.9861098 -1.306554 3.245509 0.9843264 -1.348188 3.393625 0.987893 -1.264921 3.152113 0.5973063 -1.210383 3.369099 0.5675137 -1.225817 3.163502 0.1141808 -1.26904 3.414604 0.1034271 -1.371894 3.320225 1.095513 -1.31241 3.31271 1.24613 -1.299508 3.31122 1.492129 -1.296143 3.307849 1.570247 -1.289877 3.276974 1.438905 -1.319948 3.349476 1.438797 -1.279885 3.183481 1.418459 -1.375126 3.4458 1.41493 -1.23135 3.159027 1.18346 -1.436791 3.508003 1.178925 -1.238917 3.133677 0.947414 -1.457345 3.514264 0.9470899 -1.184179 3.078699 0.03547569 -1.155988 3.398299 0.005423337 -1.244238 0 0 0 0 0 0 0 0 0 3.132077 0.9348935 -1.437289 3.135271 0.8990176 -1.419997 3.142831 0.8618156 -1.415569 3.112484 0.8715134 -1.455868 3.102959 0.8378971 -1.467116 3.102681 0.818197 -1.470463 3.114028 0.8729157 -1.478707 3.108113 0.8348528 -1.491239 3.110503 0.8122412 -1.495194 0 0 0 0 0 0 0 0 0 0 0 0 0 0 0 0 0 0 3.497251 0.9401516 -1.169213 3.47671 0.9104596 -1.152102 3.464538 0.8746206 -1.146795 3.514356 0.8765399 -1.149036 3.522219 0.8418943 -1.139808 3.519902 0.822167 -1.137607 3.532038 0.8720859 -1.162944 3.537772 0.8323552 -1.157517 3.533481 0.8096843 -1.158018 0 0 0 0 0 0 0 0 0 0 0 0 0 0 0 0 0 0 0 0 0 0 0 0
32 3.27447 1.002854 -1.160484 3.197777 1.00208 -1.197073 3.351163 1.003627 -1.123895 3.142274 0.5833017 -1.150487 3.331038 0.5822504 -1.070152 3.129192 0.1039924 -1.256551 3.349587 0.1007289 -1.166334 3.27667 1.112174 -1.167404 3.270471 1.262805 -1.153977 3.270071 1.508832 -1.153515 3.267285 1.587158 -1.150331 3.233474 1.455472 -1.173155 3.309586 1.455535 -1.140467 3.137615 1.430523 -1.222065 3.408935 1.423328 -1.104464 3.105018 1.191982 -1.262814 3.472546 1.190823 -1.143451 3.073599 0.9562191 -1.277368 3.508169 0.9552595 -1.138563 3.06658 0.002683703 -1.147084 3.357223 0.003001902 -1.037656 0 0 0 0 0 0 0 0 0 3.070005 0.9461598 -1.256215 3.067084 0.9118637 -1.235928 3.069071 0.8744338 -1.228456 3.043357 0.8839215 -1.268958 3.027128 0.8531145 -1.280569 3.02138 0.834448 -1.2848 3.045619 0.8827155 -1.291748 3.030729 0.8468096 -1.303144 3.025145 0.8248941 -1.307745 0 0 0 0 0 0 0 0 0 0 0 0 0 0 0 0 0 0 3.49708 0.9426679 -1.121828 3.483008 0.9073433 -1.109562 3.473055 0.8707503 -1.11432 3.518194 0.8775757 -1.129788 3.530389 0.8435313 -1.136077 3.530379 0.8239656 -1.140147 3.529943 0.8790992 -1.149424 3.538733 0.8407908 -1.159224 3.536613 0.8186918 -1.16553 0 0 0 0 0 0 0 0 0 0 0 0 0 0 0 0 0 0 0 0 0 0 0 0
33 3.270153 1.001828 -1.159092 3.192519 1.001733 -1.193646 3.347788 1.001922 -1.124538 3.153915 0.5799054 -1.151536 3.331418 0.5806242 -1.069436 3.136847 0.09998204 -1.25788 3.355015 0.09925626 -1.164894 3.272812 1.111177 -1.165364 3.267144 1.262002 -1.154035 3.268064 1.508023 -1.155387 3.266175 1.586425 -1.153791 3.230549 1.454727 -1.173398 3.30771 1.454604 -1.14327 3.132949 1.429899 -1.218801 3.407588 1.421419 -1.109701 3.096585 1.19151 -1.257181 3.469938 1.189399 -1.153334 3.062444 0.9560118 -1.269749 3.502312 0.9534032 -1.146929 3.073157 0.0005946793 -1.14728 3.363046 0.001243327 -1.036459 0 0 0 0 0 0 0 0 0 3.059785 0.9464889 -1.248213 3.057948 0.9126747 -1.22701 3.060529 0.8754545 -1.218719 3.033144 0.8837534 -1.25824 3.016431 0.8528278 -1.268804 3.010351 0.834183 -1.272647 3.034495 0.8819628 -1.281064 3.019148 0.8459325 -1.291414 3.01313 0.8240589 -1.295654 0 0 0 0 0 0 0 0 0 0 0 0 0 0 0 0 0 0 3.49161 0.940852 -1.129915 3.477188 0.9057282 -1.117479 3.466224 0.8694218 -1.122213 3.511051 0.875438 -1.139357 3.521672 0.8410562 -1.146595 3.520514 0.821583 -1.150933 3.522073 0.8769432 -1.159411 3.529065 0.8385667 -1.170329 3.525553 0.8167529 -1.176997 0 0 0 0 0 0 0 0 0 0 0 0 0 0 0 0 0 0 0 0 0 0 0 0
34 3.252249 1.001186 -1.162689 3.173457 1.000905 -1.194516 3.33104 1.001466 -1.130862 3.149049 0.5779949 -1.151952 3.323747 0.5801066 -1.073022 3.141331 0.09764047 -1.257804 3.358943 0.09805803 -1.162299 3.254559 1.110519 -1.169371 3.249927 1.261493 -1.159682 3.252613 1.507475 -1.163544 3.250297 1.585877 -1.162738 3.214001 1.4543 -1.179475 3.292324 1.453868 -1.152514 3.114291 1.429695 -1.220172 3.392947 1.419891 -1.122113 3.07286 1.191357 -1.253388 3.450345 1.186959 -1.167646 3.036084 0.9560108 -1.259903 3.477435 0.9503915 -1.158433 3.077946 -0.001463708 -1.146775 3.366929 -0.0004160516 -1.034214 0 0 0 0 0 0 0 0 0 3.035623 0.9467182 -1.238108 3.037831 0.9132741 -1.216361 3.043825 0.8765145 -1.207783 3.013232 0.8819798 -1.245432 2.99846 0.8496634 -1.254638 2.993735 0.8305253 -1.25792 3.013168 0.8798706 -1.268268 3.000201 0.8425921 -1.277378 2.995778 0.8202451 -1.281078 0 0 0 0 0 0 0 0 0 0 0 0 0 0 0 0 0 0 3.466929 0.9383406 -1.140941 3.451877 0.9038417 -1.12754 3.439798 0.8677819 -1.131353 3.48458 0.8723589 -1.14994 3.493005 0.8373877 -1.157245 3.490174 0.8180451 -1.161394 3.495064 0.8733169 -1.170314 3.499617 0.8346139 -1.181368 3.494089 0.8131701 -1.187867 0 0 0 0 0 0 0 0 0 0 0 0 0 0 0 0 0 0 0 0 0 0 0 0
35 3.227217 1.000821 -1.171238 3.147494 1.000516 -1.200653 3.30694 1.001126 -1.141823 3.134801 0.5775073 -1.154875 3.309866 0.5799334 -1.080611 3.143415 0.0966282 -1.257812 3.360726 0.09740208 -1.160895 3.229333 1.110147 -1.178109 3.224775 1.261165 -1.169109 3.227999 1.507106 -1.17479 3.228886 1.585539 -1.174202 3.188772 1.453933 -1.18915 3.267887 1.453463 -1.164608 3.087888 1.429292 -1.226818 3.369451 1.419696 -1.137254 3.044753 1.190753 -1.256194 3.423418 1.185899 -1.182548 3.007149 0.955457 -1.258385 3.450681 0.9493204 -1.17418 3.079782 -0.002087053 -1.146578 3.368409 -0.001475226 -1.033102 0 0 0 0 0 0 0 0 0 3.00753 0.9465055 -1.236447 3.010184 0.9134097 -1.214222 3.015952 0.8766932 -1.205312 2.98367 0.8820911 -1.241699 2.968434 0.8496985 -1.249815 2.963689 0.8304815 -1.252565 2.982514 0.8796382 -1.264471 2.969069 0.8422989 -1.272586 2.964659 0.8198676 -1.275753 0 0 0 0 0 0 0 0 0 0 0 0 0 0 0 0 0 0 3.440787 0.9375808 -1.156129 3.426579 0.9033025 -1.141315 3.415094 0.8669258 -1.143679 3.459813 0.871773 -1.163442 3.467492 0.8365189 -1.170187 3.463736 0.8172353 -1.173849 3.469893 0.872338 -1.184034 3.473626 0.8333895 -1.194517 3.466895 0.8121355 -1.200485 0 0 0 0 0 0 0 0 0 0 0 0 0 0 0 0 0 0 0 0 0 0 0 0
36 3.206998 1.000702 -1.180854 3.126757 1.00062 -1.208826 3.28724 1.000783 -1.152881 3.12243 0.5780964 -1.158481 3.299415 0.5800517 -1.087967 3.147096 0.09702881 -1.257111 3.363843 0.09740399 -1.159103 3.209181 1.110044 -1.187434 3.204395 1.261019 -1.177836 3.205501 1.506987 -1.183111 3.20571 1.58541 -1.181463 3.16657 1.453512 -1.197148 3.245943 1.453663 -1.173451 3.065579 1.428063 -1.233984 3.348683 1.421872 -1.148205 3.022803 1.189414 -1.262994 3.402512 1.187379 -1.189919 2.985505 0.954079 -1.266025 3.431592 0.9509031 -1.185844 3.083201 -0.001522239 -1.145883 3.371175 -0.001762401 -1.031514 0 0 0 0 0 0 0 0 0 2.986208 0.9447571 -1.24425 2.989347 0.9113714 -1.222527 2.995439 0.8745604 -1.214245 2.962573 0.8803297 -1.250296 2.948015 0.8477219 -1.258787 2.943911 0.8283857 -1.261726 2.961135 0.8782595 -1.27309 2.94847 0.8407716 -1.281756 2.944855 0.8182362 -1.285181 0 0 0 0 0 0 0 0 0 0 0 0 0 0 0 0 0 0 3.421694 0.9394687 -1.1676 3.407418 0.9055477 -1.152047 3.395985 0.8691098 -1.15357 3.441179 0.8736523 -1.173487 3.447765 0.8381146 -1.17989 3.442933 0.8190385 -1.183374 3.451346 0.8738641 -1.194042 3.453948 0.8347345 -1.204189 3.445909 0.8138822 -1.209951 0 0 0 0 0 0 0 0 0 0 0 0 0 0 0 0 0 0 0 0 0 0 0 0
37 3.193588 1.001024 -1.188395 3.113338 1.001138 -1.216343 3.273839 1.00091 -1.160448 3.113716 0.5792411 -1.161594 3.288211 0.580383 -1.094118 3.150408 0.09807678 -1.255316 3.367489 0.09875731 -1.157424 3.19588 1.110389 -1.19453 3.18958 1.261276 -1.184423 3.186948 1.507249 -1.188846 3.18302 1.585543 -1.186105 3.148938 1.453233 -1.203331 3.228137 1.454517 -1.179093 3.048657 1.426359 -1.241083 3.331871 1.425807 -1.15422 3.008966 1.187357 -1.271539 3.389779 1.191188 -1.189228 2.975102 0.9515326 -1.276338 3.424768 0.9554974 -1.186269 3.086944 -0.0002823435 -1.143671 3.374857 3.193691E-05 -1.029495 0 0 0 0 0 0 0 0 0 2.975948 0.9420827 -1.254623 2.980106 0.908752 -1.232987 2.987443 0.8721431 -1.22482 2.954605 0.8769237 -1.26132 2.941962 0.8436069 -1.270121 2.939204 0.82404 -1.273105 2.953427 0.8749706 -1.284139 2.942914 0.8369064 -1.293163 2.940931 0.8141748 -1.296623 0 0 0 0 0 0 0 0 0 0 0 0 0 0 0 0 0 0 3.414701 0.9444398 -1.167886 3.400581 0.9109374 -1.151317 3.389977 0.8742186 -1.151523 3.436505 0.8791465 -1.170615 3.440799 0.8431732 -1.176513 3.433554 0.8248685 -1.17995 3.447281 0.878917 -1.190858 3.447662 0.8395515 -1.2004 3.436736 0.8200049 -1.205984 0 0 0 0 0 0 0 0 0 0 0 0 0 0 0 0 0 0 0 0 0 0 0 0
38 3.189827 1.001886 -1.193372 3.110007 1.001844 -1.222526 3.269647 1.001928 -1.164218 3.109468 0.5806831 -1.163845 3.289012 0.5821977 -1.094785 3.152049 0.09966351 -1.254527 3.37007 0.1009273 -1.157699 3.191701 1.111304 -1.19866 3.183703 1.261981 -1.186784 3.177045 1.507904 -1.189401 3.171279 1.58603 -1.185401 3.140339 1.453382 -1.205286 3.218848 1.455787 -1.178975 3.041577 1.425156 -1.245943 3.322689 1.429438 -1.152024 3.00629 1.185788 -1.278851 3.385519 1.195595 -1.18356 2.976285 0.9494991 -1.28592 3.425882 0.9607506 -1.182123 3.088952 0.0008463301 -1.143079 3.377324 0.002179671 -1.029781 0 0 0 0 0 0 0 0 0 2.976691 0.939796 -1.264304 2.980924 0.9065312 -1.242581 2.988777 0.8700302 -1.234409 2.956656 0.8743773 -1.272368 2.947444 0.8399127 -1.281007 2.947561 0.8200654 -1.28334 2.956142 0.8726879 -1.295233 2.949405 0.8337508 -1.304141 2.951016 0.8108808 -1.306789 0 0 0 0 0 0 0 0 0 0 0 0 0 0 0 0 0 0 3.415706 0.9494486 -1.16395 3.401822 0.9158266 -1.147423 3.392119 0.878859 -1.147438 3.439947 0.8849829 -1.16558 3.441794 0.8489562 -1.17236 3.432121 0.8319624 -1.176486 3.451295 0.8850197 -1.185509 3.449312 0.845887 -1.195782 3.435539 0.8283904 -1.201849 0 0 0 0 0 0 0 0 0 0 0 0 0 0 0 0 0 0 0 0 0 0 0 0
39 3.195163 1.003252 -1.191457 3.116159 1.003108 -1.222756 3.274166 1.003395 -1.160158 3.109554 0.5822271 -1.163563 3.290811 0.583472 -1.09206 3.149685 0.1012994 -1.254873 3.368278 0.1023047 -1.158893 3.196942 1.112685 -1.19645 3.188567 1.263254 -1.183521 3.180943 1.509157 -1.1852 3.174331 1.587248 -1.181866 3.145052 1.454562 -1.202621 3.22258 1.457165 -1.173564 3.047922 1.426144 -1.246912 3.325404 1.430784 -1.142985 3.013391 1.187075 -1.282663 3.38997 1.19743 -1.174641 2.983261 0.9509287 -1.293156 3.430979 0.9627012 -1.172811 3.086172 0.002394024 -1.14374 3.37485 0.003796685 -1.030753 0 0 0 0 0 0 0 0 0 2.982907 0.940984 -1.27165 2.986519 0.907827 -1.249652 2.99426 0.871345 -1.241291 2.963226 0.8756508 -1.281153 2.957744 0.840193 -1.288898 2.961134 0.8205234 -1.289896 2.963527 0.8742179 -1.30404 2.960875 0.8345806 -1.311957 2.966628 0.8122489 -1.312873 0 0 0 0 0 0 0 0 0 0 0 0 0 0 0 0 0 0 3.42045 0.9510674 -1.155053 3.4066 0.9170757 -1.139271 3.397401 0.8799857 -1.139961 3.445492 0.8869106 -1.156766 3.448699 0.8510068 -1.16369 3.43993 0.8336175 -1.168174 3.457374 0.8873153 -1.176377 3.456885 0.8481718 -1.186788 3.444133 0.8300686 -1.193292 0 0 0 0 0 0 0 0 0 0 0 0 0 0 0 0 0 0 0 0 0 0 0 0
40 3.211085 1.005037 -1.180554 3.133212 1.004704 -1.214566 3.288958 1.00537 -1.146542 3.116238 0.5834208 -1.160164 3.295299 0.5842492 -1.085468 3.1441 0.1025158 -1.256321 3.363478 0.1032851 -1.161843 3.212991 1.114447 -1.185989 3.205495 1.265121 -1.17375 3.199832 1.511075 -1.175677 3.193486 1.589221 -1.173249 3.163976 1.456754 -1.194004 3.240749 1.458764 -1.162964 3.06784 1.429072 -1.240857 3.342354 1.431194 -1.129496 3.032812 1.19017 -1.277238 3.40614 1.197754 -1.162083 3.001258 0.9542698 -1.289003 3.44351 0.9624462 -1.157985 3.080511 0.003506962 -1.145324 3.369775 0.005013812 -1.033508 0 0 0 0 0 0 0 0 0 3.000034 0.9440093 -1.267677 3.002475 0.910708 -1.245736 3.009448 0.8740536 -1.237454 2.979618 0.8791658 -1.278838 2.975781 0.8433567 -1.285929 2.980728 0.8239942 -1.285926 2.98065 0.8780732 -1.301722 2.979734 0.8382162 -1.308893 2.987471 0.8164765 -1.308484 0 0 0 0 0 0 0 0 0 0 0 0 0 0 0 0 0 0 3.43272 0.9507372 -1.140433 3.419138 0.9164632 -1.125033 3.41044 0.8792623 -1.12612 3.457996 0.8866654 -1.14187 3.464253 0.8509801 -1.147761 3.458 0.8324524 -1.151883 3.470206 0.8871542 -1.161276 3.472982 0.8478441 -1.170649 3.463212 0.8279014 -1.176933 0 0 0 0 0 0 0 0 0 0 0 0 0 0 0 0 0 0 0 0 0 0 0 0
41 3.231009 1.005762 -1.169479 3.154019 1.004909 -1.205436 3.308 1.006615 -1.133522 3.125041 0.5836765 -1.155816 3.304171 0.5848106 -1.077931 3.141161 0.1031686 -1.256612 3.36039 0.1037769 -1.162398 3.233013 1.115089 -1.176363 3.226258 1.265864 -1.164986 3.222882 1.51185 -1.168015 3.218071 1.590092 -1.165191 3.186954 1.457778 -1.186929 3.263025 1.459226 -1.154175 3.091607 1.430833 -1.23578 3.363478 1.430507 -1.118286 3.056558 1.191832 -1.271481 3.425155 1.196388 -1.150056 3.024715 0.9559273 -1.282346 3.458611 0.9605424 -1.143706 3.077393 0.004067246 -1.145801 3.366776 0.005693067 -1.033924 0 0 0 0 0 0 0 0 0 3.023044 0.9454906 -1.261137 3.025029 0.9117555 -1.239822 3.03185 0.8749895 -1.231917 3.003197 0.8806472 -1.273283 2.996964 0.8454112 -1.28146 2.999604 0.825625 -1.282412 3.004766 0.8797427 -1.296145 3.001156 0.8402187 -1.304247 3.006016 0.8176673 -1.304924 0 0 0 0 0 0 0 0 0 0 0 0 0 0 0 0 0 0 3.447419 0.9489409 -1.126336 3.433179 0.9146434 -1.111597 3.423619 0.8776881 -1.113508 3.470334 0.8840218 -1.128892 3.478905 0.8487064 -1.134055 3.475179 0.8294184 -1.137725 3.482533 0.8843913 -1.148308 3.487697 0.8451117 -1.156752 3.481048 0.8237818 -1.162537 0 0 0 0 0 0 0 0 0 0 0 0 0 0 0 0 0 0 0 0 0 0 0 0
42 3.250084 1.005446 -1.163662 3.17366 1.003879 -1.200784 3.326508 1.007013 -1.12654 3.130871 0.5840459 -1.151978 3.314048 0.5850211 -1.074235 3.136952 0.1045829 -1.257005 3.356608 0.1038105 -1.165005 3.251963 1.114663 -1.172141 3.245015 1.265393 -1.160279 3.24212 1.511382 -1.163456 3.237189 1.589638 -1.161291 3.20647 1.457365 -1.18304 3.281898 1.458695 -1.148828 3.11209 1.430673 -1.233869 3.381444 1.429347 -1.110972 3.079001 1.191512 -1.27037 3.441426 1.194679 -1.141929 3.048184 0.9555334 -1.282496 3.472594 0.9585746 -1.133799 3.072891 0.004857603 -1.146924 3.362837 0.006330762 -1.036065 0 0 0 0 0 0 0 0 0 3.045911 0.9447939 -1.261495 3.04726 0.9104031 -1.241202 3.053824 0.8734499 -1.233981 3.026727 0.8800498 -1.275143 3.017309 0.8461164 -1.285493 3.016767 0.826335 -1.288282 3.028997 0.8794723 -1.297956 3.021823 0.8409202 -1.30811 3.022654 0.8180276 -1.310917 0 0 0 0 0 0 0 0 0 0 0 0 0 0 0 0 0 0 3.460858 0.9469931 -1.116778 3.445943 0.9126084 -1.102937 3.435778 0.8758776 -1.105814 3.481951 0.8815001 -1.120225 3.492468 0.8466371 -1.124838 3.490914 0.8270054 -1.128238 3.494401 0.8818635 -1.139481 3.501576 0.8427683 -1.147287 3.49764 0.8206957 -1.152759 0 0 0 0 0 0 0 0 0 0 0 0 0 0 0 0 0 0 0 0 0 0 0 0
44 3.241299 0.9589241 -1.184281 3.163361 0.9589815 -1.218145 3.319237 0.9588665 -1.150417 3.095355 0.5809118 -1.046545 3.286062 0.5532348 -1.04416 3.124346 0.09951265 -1.107713 3.410633 0.203075 -1.357355 3.243009 1.068408 -1.188029 3.236649 1.218919 -1.17338 3.229162 1.46476 -1.167459 3.226473 1.542688 -1.158914 3.195085 1.41089 -1.19002 3.269527 1.412282 -1.153715 3.098144 1.391881 -1.239463 3.368451 1.395601 -1.107461 3.084915 1.161669 -1.319787 3.442573 1.163625 -1.125292 3.050515 0.9261661 -1.331532 3.459691 0.9342308 -1.063097 3.063818 0.0007560514 -0.9947958 3.40324 0.04148478 -1.356511 0 0 0 0 0 0 0 0 0 3.048798 0.9131604 -1.311797 3.052996 0.8766496 -1.296123 3.06131 0.8395802 -1.29194 3.031169 0.8497623 -1.332193 3.019441 0.8175126 -1.345219 3.016094 0.7985502 -1.350568 3.033163 0.8517174 -1.354956 3.028845 0.8140067 -1.369102 3.031432 0.7916681 -1.374291 0 0 0 0 0 0 0 0 0 0 0 0 0 0 0 0 0 0 3.443646 0.926204 -1.047614 3.425063 0.895561 -1.029951 3.414016 0.8598034 -1.022198 3.466682 0.8648651 -1.02633 3.476753 0.8309846 -1.016432 3.47561 0.8112108 -1.013774 3.484418 0.8616322 -1.040505 3.493181 0.8225611 -1.03438 3.489846 0.7997264 -1.034687 0 0 0 0 0 0 0 0 0 0 0 0 0 0 0 0 0 0 0 0 0 0 0 0
45 3.136363 0.9799452 -0.9772427 3.060213 0.9807771 -1.014947 3.212512 0.9791132 -0.9395381 3.04301 0.5660002 -0.9397633 3.140601 0.6135274 -0.7443367 3.129751 0.1010651 -1.057863 3.187483 0.1483999 -0.877299 3.138059 1.089489 -0.9782511 3.12998 1.239655 -0.9611189 3.124624 1.485188 -0.946485 3.120895 1.562249 -0.9323227 3.089707 1.432401 -0.9702898 3.164796 1.431955 -0.935317 2.99059 1.418607 -1.017078 3.264555 1.41795 -0.8899771 2.951388 1.183595 -1.070532 3.350714 1.201048 -0.961776 2.893256 0.9552107 -1.035257 3.389275 0.96675 -0.9817812 3.069736 -0.0003868788 -0.9470825 3.16957 0.02512268 -0.7741069 0 0 0 0 0 0 0 0 0 2.893265 0.9481972 -1.012621 2.89318 0.9156452 -0.9894545 2.894731 0.8794668 -0.9772283 2.860775 0.887459 -1.011446 2.840464 0.8568863 -1.011657 2.832046 0.8388114 -1.010312 2.858433 0.8832536 -1.033868 2.845966 0.8447135 -1.034159 2.845614 0.8217815 -1.031583 0 0 0 0 0 0 0 0 0 0 0 0 0 0 0 0 0 0 3.374943 0.9510136 -0.9713644 3.361892 0.9135139 -0.9669175 3.355923 0.8761714 -0.972456 3.407047 0.8902082 -0.9756304 3.421068 0.856509 -0.9795125 3.422742 0.8372603 -0.9846174 3.424696 0.8954666 -0.9892969 3.4382 0.8585052 -0.9989065 3.437904 0.8373843 -1.008205 0 0 0 0 0 0 0 0 0 0 0 0 0 0 0 0 0 0 0 0 0 0 0 0
46 2.992478 0.9360781 -0.6540395 2.917659 0.9373201 -0.694308 3.067298 0.9348361 -0.6137708 2.931857 0.5179039 -0.7237409 2.95739 0.5934886 -0.3902082 3.081201 0.1400405 -0.9905792 2.909631 0.114067 -0.3108485 2.995532 1.045573 -0.6563356 2.989965 1.195837 -0.6390668 2.992594 1.441326 -0.623011 2.988103 1.518274 -0.6084607 2.955498 1.38979 -0.6462533 3.031345 1.386808 -0.6130877 2.854576 1.379567 -0.6899999 3.132024 1.370735 -0.5705541 2.784173 1.146478 -0.708383 3.219355 1.16799 -0.6749218 2.695936 0.940918 -0.6262728 3.276806 0.9468505 -0.7425957 3.04526 0.004963659 -0.9091588 2.845972 0.06742897 -0.1696427 0 0 0 0 0 0 0 0 0 2.69777 0.9425902 -0.6027058 2.699412 0.9202339 -0.5696328 2.699662 0.8907576 -0.5453049 2.654631 0.8955279 -0.5768162 2.630829 0.8707418 -0.5639168 2.621596 0.8555894 -0.5547231 2.648389 0.8843105 -0.59582 2.629291 0.8522199 -0.580127 2.62642 0.8325232 -0.5684464 0 0 0 0 0 0 0 0 0 0 0 0 0 0 0 0 0 0 3.266482 0.9267998 -0.7353202 3.257642 0.8884264 -0.7420784 3.25428 0.8540862 -0.7585166 3.305158 0.8753875 -0.7599587 3.322241 0.8465061 -0.7748362 3.324739 0.8297644 -0.785459 3.319581 0.8868476 -0.7736181 3.335734 0.8563401 -0.7948127 3.335562 0.8387358 -0.8097358 0 0 0 0 0 0 0 0 0 0 0 0 0 0 0 0 0 0 0 0 0 0 0 0
47 2.79796 1.003328 -0.2770536 2.719222 1.003198 -0.3090141 2.876698 1.003458 -0.2450931 2.711797 0.5823046 -0.2500057 2.892515 0.583498 -0.177104 2.752176 0.1013659 -0.3411522 2.970197 0.1023579 -0.2437794 2.799798 1.112761 -0.2820258 2.791303 1.26333 -0.2691624 2.783772 1.509235 -0.2709064 2.7771 1.587325 -0.2676623 2.747999 1.454651 -0.288604 2.8253 1.457229 -0.2589469 2.651214 1.426265 -0.3336647 2.927865 1.430798 -0.2275553 2.616871 1.187213 -0.3697124 2.992593 1.197433 -0.2588 2.586761 0.9510797 -0.3805487 3.033426 0.9626764 -0.2565708 2.68792 0.002464004 -0.2304442 2.975907 0.003866784 -0.1155856 0 0 0 0 0 0 0 0 0 2.586256 0.9410992 -0.3590615 2.589708 0.9079186 -0.3370738 2.597382 0.871424 -0.3287072 2.56661 0.8757913 -0.368809 2.561304 0.840311 -0.3765733 2.56482 0.8206608 -0.3775115 2.567067 0.8743965 -0.3916955 2.564602 0.8347479 -0.3996167 2.570514 0.8124543 -0.4004433 0 0 0 0 0 0 0 0 0 0 0 0 0 0 0 0 0 0 3.022768 0.9510462 -0.2388868 3.008822 0.9170487 -0.2232015 2.999646 0.8799546 -0.2239568 3.047823 0.8868896 -0.2404041 3.051209 0.8509874 -0.2472517 3.042574 0.8335412 -0.2517738 3.059848 0.8872904 -0.2599282 3.059567 0.8481318 -0.2702901 3.046977 0.8299417 -0.2768674 0 0 0 0 0 0 0 0 0 0 0 0 0 0 0 0 0 0 0 0 0 0 0 0
48 2.814364 1.005123 -0.2656534 2.736765 1.004769 -0.3002839 2.891964 1.005476 -0.2310228 2.718879 0.5834499 -0.2463765 2.897264 0.5842958 -0.1702976 2.746579 0.1025484 -0.3426607 2.965332 0.1033274 -0.2467065 2.816305 1.114531 -0.2711189 2.808772 1.265212 -0.2589929 2.803268 1.511169 -0.2609699 2.797027 1.589324 -0.2585659 2.767525 1.456868 -0.2795737 2.844055 1.458835 -0.2479372 2.671733 1.42924 -0.3271585 2.945373 1.431188 -0.2136734 2.636901 1.190345 -0.3637719 3.0093 1.197735 -0.2458906 2.60537 0.9544492 -0.3756881 3.046429 0.9623958 -0.2414367 2.682268 0.003525563 -0.2320924 2.97078 0.005064242 -0.1183262 0 0 0 0 0 0 0 0 0 2.603975 0.9441836 -0.3543754 2.606217 0.9108782 -0.3324199 2.613089 0.8742154 -0.3240907 2.583571 0.8793663 -0.3657103 2.579783 0.8435517 -0.3727996 2.584743 0.8241926 -0.3727336 2.584773 0.8782795 -0.3885863 2.583906 0.8384168 -0.3957307 2.59166 0.8166854 -0.3952312 0 0 0 0 0 0 0 0 0 0 0 0 0 0 0 0 0 0 3.035508 0.9506832 -0.223969 3.02182 0.9163983 -0.2086883 3.013128 0.8791987 -0.2098653 3.06076 0.8865989 -0.2252591 3.067179 0.8509294 -0.2310705 3.061067 0.8323601 -0.2352173 3.073108 0.8870913 -0.2445774 3.076076 0.8477812 -0.2538919 3.066484 0.8277687 -0.260227 0 0 0 0 0 0 0 0 0 0 0 0 0 0 0 0 0 0 0 0 0 0 0 0
49 2.834 1.005761 -0.2548361 2.75728 1.004887 -0.2913663 2.91072 1.006634 -0.2183061 2.727346 0.5836998 -0.2420235 2.906171 0.5848232 -0.1628733 2.743785 0.1032228 -0.3428576 2.962412 0.103793 -0.2472944 2.836066 1.115082 -0.2617874 2.829224 1.265859 -0.2504709 2.82592 1.511844 -0.2535875 2.821106 1.590087 -0.250807 2.790128 1.457775 -0.2727621 2.865946 1.459215 -0.2394285 2.695148 1.430841 -0.3223317 2.96611 1.430467 -0.202765 2.660406 1.191823 -0.3582273 3.027899 1.196309 -0.2340271 2.628702 0.9559104 -0.3693094 3.061174 0.9604469 -0.2273417 2.679284 0.004109569 -0.232481 2.967955 0.005727999 -0.1187668 0 0 0 0 0 0 0 0 0 2.626859 0.9454685 -0.3481166 2.628679 0.911709 -0.3268254 2.635447 0.8749398 -0.3188903 2.607158 0.8806145 -0.3604424 2.600813 0.8454302 -0.3687551 2.603287 0.8256258 -0.3697739 2.60892 0.8797157 -0.3832903 2.605174 0.8402268 -0.3915017 2.609819 0.8176325 -0.3922451 0 0 0 0 0 0 0 0 0 0 0 0 0 0 0 0 0 0 3.049844 0.9488567 -0.2100544 3.03547 0.9145634 -0.1954362 3.025879 0.8776211 -0.1974423 3.072658 0.8838974 -0.2124901 3.081365 0.8486004 -0.2175529 3.07778 0.8292857 -0.2212224 3.084989 0.8842552 -0.2318225 3.090317 0.8449783 -0.2401767 3.083855 0.8235946 -0.2459748 0 0 0 0 0 0 0 0 0 0 0 0 0 0 0 0 0 0 0 0 0 0 0 0
51 2.834221 0.9944823 -0.3038297 2.750829 0.9884735 -0.3190217 2.917613 1.000491 -0.2886376 2.765243 0.5652875 -0.2635064 2.98439 0.6034296 -0.1607158 2.848048 0.08223625 -0.3209403 3.03405 0.1222321 -0.226105 2.825033 1.10341 -0.2964787 2.787142 1.243286 -0.2528052 2.764163 1.485765 -0.2180853 2.763547 1.563959 -0.2119009 2.727764 1.429383 -0.2263553 2.809979 1.437945 -0.2317405 2.621932 1.398251 -0.2205307 2.917964 1.426173 -0.2518473 2.594474 1.160801 -0.270416 3.008858 1.212347 -0.3269596 2.586184 0.9246641 -0.3012948 3.093676 0.9898835 -0.3368988 2.788555 0.001625203 -0.1939394 3.125858 0.02987298 -0.1301472 0 0 0 0 0 0 0 0 0 2.599028 0.9127471 -0.2853389 2.616364 0.8785046 -0.2742376 2.629177 0.8425689 -0.2765198 2.57981 0.846813 -0.2907677 2.573335 0.8113054 -0.2974443 2.57714 0.7922885 -0.3022668 2.566494 0.8476012 -0.3094225 2.562514 0.8082533 -0.318182 2.568662 0.7869259 -0.3245041 0 0 0 0 0 0 0 0 0 0 0 0 0 0 0 0 0 0 3.094693 0.9781612 -0.316329 3.098278 0.943741 -0.296361 3.099586 0.905689 -0.2930303 3.131319 0.9211283 -0.3286536 3.14571 0.8882312 -0.3362684 3.145736 0.8682764 -0.337353 3.133409 0.9220504 -0.3514726 3.144469 0.884115 -0.3603852 3.14148 0.8612824 -0.3619258 0 0 0 0 0 0 0 0 0 0 0 0 0 0 0 0 0 0 0 0 0 0 0 0
52 2.777679 0.9908679 -0.3680217 2.726419 0.9844468 -0.3005512 2.828939 0.997289 -0.4354923 2.759155 0.5580905 -0.2920263 2.965336 0.5981854 -0.4542148 2.776319 0.07854351 -0.4101996 2.915836 0.1242135 -0.5584724 2.7766 1.100006 -0.3584554 2.78847 1.242818 -0.3097484 2.796906 1.487154 -0.2822196 2.804549 1.565183 -0.2797701 2.77613 1.430689 -0.2513597 2.807593 1.438195 -0.3276181 2.733168 1.399981 -0.1543295 2.838054 1.42384 -0.432831 2.673453 1.163248 -0.1583805 2.815459 1.205739 -0.5402837 2.636915 0.9280379 -0.1695232 2.860465 0.9833103 -0.6129689 2.77188 0.0005387291 -0.2685583 3.018658 0.02083638 -0.6285267 0 0 0 0 0 0 0 0 0 2.657105 0.9160814 -0.1728361 2.675242 0.8818231 -0.1825185 2.679504 0.8459128 -0.1948895 2.642727 0.8501417 -0.1590054 2.633637 0.8146492 -0.156781 2.631279 0.7956546 -0.1625273 2.61993 0.8509782 -0.1566489 2.610253 0.8116563 -0.1576328 2.607745 0.7903596 -0.1661646 0 0 0 0 0 0 0 0 0 0 0 0 0 0 0 0 0 0 2.880828 0.9732912 -0.6061476 2.903493 0.9406744 -0.6018145 2.91024 0.9030555 -0.60158 2.887894 0.916449 -0.6444249 2.888987 0.8834436 -0.6604483 2.889663 0.8634734 -0.6607747 2.867517 0.9156095 -0.6549128 2.866588 0.8773919 -0.6683073 2.865957 0.8544379 -0.6659939 0 0 0 0 0 0 0 0 0 0 0 0 0 0 0 0 0 0 0 0 0 0 0 0
53 2.829957 0.9525845 -0.4409263 2.865379 0.9599962 -0.3640406 2.794535 0.9451727 -0.5178124 2.912854 0.5448197 -0.3134811 2.995361 0.5946891 -0.635108 2.703301 0.1073143 -0.2783329 3.022932 0.1171179 -0.5491656 2.827448 1.061716 -0.4502904 2.847025 1.211797 -0.4512718 2.85636 1.457268 -0.4649156 2.864645 1.535067 -0.4705448 2.87358 1.405367 -0.4251411 2.829225 1.403167 -0.4950655 2.929278 1.391214 -0.3307965 2.766616 1.38249 -0.5837013 2.959969 1.160894 -0.2557247 2.665434 1.161149 -0.6035793 3.027131 0.9335604 -0.2314026 2.62292 0.9299049 -0.6423326 2.809361 -0.01445244 -0.268791 3.071303 0.04582354 -0.6860747 0 0 0 0 0 0 0 0 0 3.040162 0.9259496 -0.2496741 3.057037 0.8951036 -0.2686498 3.06689 0.8590706 -0.276731 3.077865 0.8735119 -0.2256975 3.094826 0.8430653 -0.2141824 3.099896 0.8237363 -0.2139366 3.068734 0.8706563 -0.2048552 3.082655 0.8345655 -0.1928353 3.085037 0.811615 -0.1933262 0 0 0 0 0 0 0 0 0 0 0 0 0 0 0 0 0 0 2.641734 0.9180071 -0.6504596 2.658448 0.8821747 -0.6562021 2.661838 0.8441356 -0.654687 2.617202 0.859408 -0.6771142 2.60574 0.8264748 -0.6885741 2.604192 0.8065932 -0.6898768 2.595259 0.8603876 -0.6705222 2.582676 0.8224478 -0.677086 2.581583 0.7995731 -0.6742234 0 0 0 0 0 0 0 0 0 0 0 0 0 0 0 0 0 0 0 0 0 0 0 0
54 2.903876 0.9470636 -0.6817319 2.968707 0.9464013 -0.6267989 2.839045 0.947726 -0.7366652 3.037153 0.5334017 -0.6677203 2.981391 0.5825245 -0.8895322 2.807653 0.2039475 -0.3938401 3.003536 0.1010148 -0.8264614 2.900641 1.056457 -0.676595 2.898673 1.2068 -0.6939595 2.883429 1.452181 -0.7031993 2.883888 1.530318 -0.7100778 2.918362 1.401958 -0.6743958 2.851071 1.395973 -0.7223299 3.009566 1.392631 -0.6127635 2.762797 1.371211 -0.7839588 3.08814 1.163668 -0.5807151 2.682432 1.144526 -0.7417644 3.175825 0.9448383 -0.6154695 2.652503 0.9082324 -0.7490089 2.815712 0.04247328 -0.3885636 3.058228 0.003873132 -0.9436753 0 0 0 0 0 0 0 0 0 3.179549 0.9404747 -0.6384621 3.188054 0.9120416 -0.6652116 3.195127 0.8775291 -0.6800311 3.226338 0.8899721 -0.6409714 3.250148 0.862121 -0.6431391 3.258343 0.8444474 -0.6475949 3.227723 0.8841124 -0.6188426 3.247927 0.8490348 -0.6203173 3.252301 0.826885 -0.6251042 0 0 0 0 0 0 0 0 0 0 0 0 0 0 0 0 0 0 2.668806 0.8937098 -0.758222 2.683448 0.8567125 -0.7618434 2.688347 0.8194374 -0.7549639 2.639461 0.8314462 -0.7610949 2.627485 0.796752 -0.7606711 2.627424 0.7772669 -0.756233 2.619975 0.8351982 -0.7495989 2.607941 0.7971764 -0.7425011 2.609108 0.7760128 -0.7333698 0 0 0 0 0 0 0 0 0 0 0 0 0 0 0 0 0 0 0 0 0 0 0 0
55 3.062479 0.9891132 -0.9626151 3.12842 0.9871652 -0.9090517 2.996537 0.9910612 -1.016179 3.214994 0.5919382 -1.024068 3.056544 0.5788773 -1.088137 3.093291 0.1636179 -0.8292592 3.003769 0.1014781 -0.9994985 3.060332 1.098454 -0.9559966 3.06556 1.249246 -0.9679478 3.062775 1.495254 -0.9692807 3.066048 1.573434 -0.9747612 3.094146 1.442421 -0.9410529 3.028382 1.441404 -0.9914078 3.178545 1.422672 -0.8725649 2.940624 1.415839 -1.053445 3.215746 1.185688 -0.8269614 2.870736 1.182461 -1.036853 3.259346 0.9514332 -0.8244417 2.85141 0.9463376 -1.062448 3.164205 0.02794208 -0.8815085 3.048786 0.003193043 -1.119833 0 0 0 0 0 0 0 0 0 3.264786 0.9422659 -0.845606 3.268245 0.9088535 -0.8672388 3.266149 0.8718565 -0.8765978 3.291245 0.879888 -0.8331561 3.301767 0.8454139 -0.8262191 3.302193 0.8254374 -0.826582 3.287169 0.8777505 -0.8106893 3.293023 0.8382018 -0.8041711 3.289245 0.8154871 -0.8057218 0 0 0 0 0 0 0 0 0 0 0 0 0 0 0 0 0 0 2.868548 0.9353335 -1.074561 2.88729 0.9014447 -1.084391 2.896189 0.8643283 -1.082408 2.846065 0.8711179 -1.085376 2.837352 0.8355184 -1.087393 2.839825 0.8159078 -1.084446 2.827101 0.8708341 -1.072483 2.819724 0.831116 -1.069499 2.824109 0.8094334 -1.062921 0 0 0 0 0 0 0 0 0 0 0 0 0 0 0 0 0 0 0 0 0 0 0 0
56 3.18968 0.9989857 -1.088783 3.25728 0.9973724 -1.037317 3.122081 1.000599 -1.14025 3.317208 0.5849239 -1.106136 3.151379 0.5806548 -1.193197 3.270382 0.1103638 -1.002016 3.08928 0.1028763 -1.102566 3.186864 1.108279 -1.081658 3.195777 1.259049 -1.091527 3.197702 1.505064 -1.089914 3.202417 1.583277 -1.09356 3.228611 1.451306 -1.062951 3.161843 1.45215 -1.11197 3.312138 1.427222 -0.9947832 3.072217 1.425667 -1.170873 3.335684 1.188968 -0.9467698 3.00649 1.190699 -1.161119 3.362947 0.9528545 -0.9297369 2.988147 0.955165 -1.192263 3.362031 0.007388137 -1.086652 3.124131 0.005452774 -1.226908 0 0 0 0 0 0 0 0 0 3.368311 0.9417534 -0.9499743 3.369651 0.907102 -0.9698189 3.364081 0.8701037 -0.97762 3.385309 0.8773252 -0.9324765 3.392138 0.8428795 -0.9217935 3.391276 0.823006 -0.9198763 3.379687 0.8771433 -0.9102435 3.383354 0.8382031 -0.8997059 3.3801 0.8154078 -0.898146 0 0 0 0 0 0 0 0 0 0 0 0 0 0 0 0 0 0 3.004739 0.9452605 -1.20598 3.024162 0.9124783 -1.217998 3.034555 0.8757285 -1.216523 2.985206 0.879865 -1.215362 2.97613 0.8443617 -1.217468 2.978179 0.8245797 -1.215508 2.967537 0.8783893 -1.200817 2.960658 0.83852 -1.198828 2.964666 0.8163049 -1.194026 0 0 0 0 0 0 0 0 0 0 0 0 0 0 0 0 0 0 0 0 0 0 0 0
57 3.192563 1.00143 -1.109778 3.261827 1.000292 -1.06056 3.1233 1.002568 -1.158996 3.327945 0.5859318 -1.119372 3.148251 0.5823883 -1.214276 3.306452 0.1061449 -1.024345 3.102534 0.1032857 -1.119417 3.189797 1.110768 -1.103359 3.20127 1.261204 -1.115437 3.205444 1.507196 -1.11558 3.210339 1.585438 -1.118254 3.237162 1.453328 -1.089801 3.16808 1.454474 -1.135495 3.322951 1.427755 -1.025073 3.075724 1.426061 -1.189037 3.345865 1.189406 -0.9772217 3.009177 1.191836 -1.170732 3.371239 0.9534256 -0.9559559 2.983752 0.9559892 -1.19338 3.391376 0.00600668 -1.118827 3.113789 0.006170712 -1.248292 0 0 0 0 0 0 0 0 0 3.376672 0.942055 -0.9760249 3.37824 0.9069878 -0.9951078 3.372786 0.8698218 -1.002157 3.393502 0.8778357 -0.957621 3.402215 0.8446507 -0.9445775 3.403198 0.8250778 -0.9406654 3.387787 0.8779503 -0.9354115 3.394159 0.8400444 -0.9226296 3.393811 0.8173144 -0.9186454 0 0 0 0 0 0 0 0 0 0 0 0 0 0 0 0 0 0 2.998783 0.9451726 -1.208166 3.016397 0.9114006 -1.220229 3.026182 0.8745746 -1.217249 2.978034 0.8795838 -1.211868 2.966674 0.8446806 -1.211668 2.96717 0.824837 -1.209353 2.961956 0.8790944 -1.195521 2.953251 0.839735 -1.191532 2.955619 0.8172854 -1.186732 0 0 0 0 0 0 0 0 0 0 0 0 0 0 0 0 0 0 0 0 0 0 0 0
59 3.219625 0.9910602 -1.083014 3.280455 0.9974235 -1.024019 3.158795 0.9846967 -1.142009 3.418566 0.5984767 -1.024998 3.191008 0.5582843 -1.155203 3.385351 0.1246498 -0.9138733 3.225519 0.07820603 -1.042448 3.217423 1.100187 -1.092515 3.222133 1.242788 -1.143024 3.226586 1.487037 -1.17221 3.233779 1.565069 -1.1757 3.243899 1.438187 -1.128781 3.201374 1.430517 -1.199451 3.289625 1.424188 -1.029197 3.144463 1.399694 -1.288976 3.284138 1.206437 -0.9188379 3.086269 1.162908 -1.275911 3.33946 0.9843649 -0.852458 3.052547 0.9276059 -1.25921 3.498107 0.02248641 -0.8589616 3.203657 0.0007770881 -1.182782 0 0 0 0 0 0 0 0 0 3.358544 0.974295 -0.862253 3.38024 0.9416306 -0.8699123 3.386805 0.9039983 -0.8711255 3.371174 0.9174731 -0.8254042 3.374599 0.8844795 -0.8096883 3.375283 0.8645083 -0.8094449 3.352606 0.9166878 -0.8119681 3.353629 0.8784839 -0.7985427 3.352621 0.855529 -0.80071 0 0 0 0 0 0 0 0 0 0 0 0 0 0 0 0 0 0 3.073035 0.915702 -1.258931 3.092487 0.881491 -1.252036 3.098621 0.8455979 -1.240425 3.056929 0.8497155 -1.270442 3.047698 0.8141992 -1.271277 3.046264 0.7952046 -1.265234 3.034033 0.8504941 -1.269383 3.024707 0.81115 -1.266955 3.023541 0.7898555 -1.258134 0 0 0 0 0 0 0 0 0 0 0 0 0 0 0 0 0 0 0 0 0 0 0 0
60 3.163882 0.9886501 -1.122537 3.126621 0.9933736 -1.046312 3.201144 0.9839267 -1.198763 3.209719 0.5901678 -0.9523213 3.246373 0.5669714 -1.240843 3.154134 0.1081502 -1.003708 3.077137 0.11288 -1.192174 3.166277 1.098042 -1.128145 3.202577 1.244648 -1.138017 3.218731 1.490121 -1.141403 3.226012 1.568055 -1.136291 3.187745 1.439142 -1.10957 3.237148 1.434976 -1.17593 3.11663 1.418101 -1.027695 3.295513 1.406364 -1.265252 3.016682 1.195541 -1.017593 3.270213 1.17013 -1.321633 2.984011 0.964572 -0.9689212 3.250703 0.9356099 -1.359081 3.144289 0.002668735 -0.881465 3.171 -0.007345263 -1.246047 0 0 0 0 0 0 0 0 0 3.001127 0.9529192 -0.9573959 3.017637 0.9184295 -0.9458116 3.021889 0.8804469 -0.9457461 2.973758 0.8925844 -0.9385095 2.961325 0.8584219 -0.9334443 2.961581 0.8385495 -0.9355407 2.953672 0.8931774 -0.9495621 2.942328 0.8543102 -0.9483485 2.944064 0.8318577 -0.9533997 0 0 0 0 0 0 0 0 0 0 0 0 0 0 0 0 0 0 3.260032 0.9227273 -1.341515 3.263484 0.8873163 -1.323336 3.256716 0.8506412 -1.314976 3.264387 0.858244 -1.36537 3.261703 0.8233009 -1.376282 3.256083 0.8041244 -1.376066 3.253014 0.8600789 -1.385199 3.247464 0.8211613 -1.394971 3.239543 0.7995409 -1.393408 0 0 0 0 0 0 0 0 0 0 0 0 0 0 0 0 0 0 0 0 0 0 0 0
61 3.134512 0.9479139 -1.021612 3.051032 0.9456412 -1.005895 3.217992 0.9501866 -1.037328 3.112458 0.5394665 -0.9154675 3.292004 0.5962127 -0.8224962 3.108351 0.1460113 -1.200769 3.27076 0.1434805 -0.9980031 3.130774 1.057338 -1.025642 3.131112 1.208028 -1.011475 3.129467 1.45388 -1.00235 3.130674 1.531756 -0.9930267 3.088474 1.40015 -1.000141 3.169893 1.401259 -1.015349 2.98112 1.378663 -0.9854089 3.276049 1.384382 -1.040839 2.922579 1.143311 -1.013816 3.325659 1.15033 -1.08966 2.909619 0.9108388 -0.9631033 3.369683 0.9166993 -1.105825 3.128251 0.01162806 -1.112952 3.264441 0.008008808 -0.9098313 0 0 0 0 0 0 0 0 0 2.921736 0.9059342 -0.9433372 2.938323 0.877492 -0.9207047 2.949313 0.8422921 -0.910658 2.898208 0.8451141 -0.9211235 2.888896 0.8113387 -0.9101776 2.890812 0.7921079 -0.9050907 2.884877 0.8388351 -0.9386958 2.878607 0.7995567 -0.9310323 2.883957 0.7772762 -0.9282769 0 0 0 0 0 0 0 0 0 0 0 0 0 0 0 0 0 0 3.366612 0.9051039 -1.085387 3.36264 0.8700235 -1.066681 3.359659 0.8322548 -1.061642 3.402808 0.8467489 -1.090926 3.415203 0.8126263 -1.096341 3.412552 0.7928507 -1.097467 3.408953 0.8474266 -1.113011 3.417626 0.8084403 -1.119769 3.411586 0.7862356 -1.121531 0 0 0 0 0 0 0 0 0 0 0 0 0 0 0 0 0 0 0 0 0 0 0 0
62 2.99067 0.9804044 -0.8295561 2.907134 0.9745109 -0.8439859 3.074205 0.9862978 -0.8151261 2.876687 0.6028379 -0.6494089 3.086715 0.5698722 -0.740407 2.971416 0.1784405 -0.8665124 3.128807 0.09528031 -0.8507597 2.984187 1.089547 -0.8365996 2.980179 1.24067 -0.8292303 2.976925 1.486537 -0.8374631 2.972305 1.564722 -0.8331263 2.937824 1.43231 -0.8475966 3.018872 1.433953 -0.8305633 2.830948 1.413637 -0.868396 3.125104 1.419684 -0.8038306 2.795007 1.18026 -0.9305915 3.198431 1.18747 -0.7858059 2.763843 0.9452013 -0.9069456 3.238888 0.9584892 -0.7337104 2.956798 0.03064271 -0.8024123 3.12517 -0.006388105 -0.7249938 0 0 0 0 0 0 0 0 0 2.770323 0.934921 -0.8866012 2.777461 0.9008428 -0.8670039 2.783647 0.8635137 -0.8616176 2.743531 0.8714656 -0.8879007 2.731494 0.8367944 -0.887342 2.731876 0.8168506 -0.8861322 2.73563 0.8704324 -0.9094051 2.728456 0.8307666 -0.9134017 2.733104 0.8082023 -0.9147799 0 0 0 0 0 0 0 0 0 0 0 0 0 0 0 0 0 0 3.225015 0.9474265 -0.7180028 3.213814 0.9124531 -0.7022632 3.211497 0.8746155 -0.6973948 3.260063 0.8917971 -0.697433 3.275754 0.8603936 -0.6867129 3.277989 0.8407971 -0.6834939 3.277837 0.8921525 -0.7119201 3.293821 0.855312 -0.7066163 3.295363 0.8322882 -0.7070135 0 0 0 0 0 0 0 0 0 0 0 0 0 0 0 0 0 0 0 0 0 0 0 0
63 2.886565 0.9527329 -0.5166261 2.805295 0.9447017 -0.5401185 2.967834 0.960764 -0.4931338 2.718301 0.6127942 -0.2947619 2.973356 0.5386604 -0.5326358 2.714322 0.1344088 -0.2015393 3.016812 0.1027533 -0.7519552 2.877107 1.06179 -0.5211889 2.876867 1.212563 -0.5079248 2.870935 1.458435 -0.5015016 2.866271 1.536114 -0.491649 2.835078 1.404723 -0.5215428 2.911949 1.405772 -0.4906985 2.733398 1.389463 -0.5619391 3.013202 1.394234 -0.4480548 2.716524 1.167505 -0.6623123 3.087492 1.164257 -0.4131782 2.67922 0.9326717 -0.6779561 3.091092 0.9527968 -0.3033841 2.635038 0.1070585 -0.06321836 2.992505 -0.003651306 -0.632565 0 0 0 0 0 0 0 0 0 2.680853 0.918291 -0.6591921 2.687824 0.8813021 -0.6457926 2.696726 0.8441435 -0.644922 2.658712 0.8566093 -0.6804332 2.648599 0.8229498 -0.6910193 2.648742 0.8033128 -0.6947262 2.656607 0.8601841 -0.7029881 2.652094 0.8225276 -0.717217 2.657402 0.8006691 -0.7223812 0 0 0 0 0 0 0 0 0 0 0 0 0 0 0 0 0 0 3.072599 0.9498149 -0.2888689 3.051717 0.9260018 -0.264513 3.039721 0.8949333 -0.2457621 3.092185 0.9028803 -0.2423971 3.099593 0.8763946 -0.2180877 3.097958 0.859378 -0.2077372 3.112254 0.8960735 -0.2511625 3.119663 0.8628994 -0.2291303 3.116786 0.8415149 -0.2209413 0 0 0 0 0 0 0 0 0 0 0 0 0 0 0 0 0 0 0 0 0 0 0 0
64 2.858053 0.9762341 -0.1577871 2.778985 0.9743496 -0.188863 2.937122 0.9781182 -0.1267111 2.706972 0.586367 -0.04168987 2.922346 0.5609725 -0.07473803 2.722468 0.1043144 -0.1065285 2.976121 0.1347204 -0.3019838 2.857758 1.085637 -0.1636684 2.853821 1.236396 -0.1508305 2.850157 1.482394 -0.1498466 2.847322 1.560617 -0.1447408 2.814591 1.428603 -0.1701908 2.890158 1.429592 -0.1362746 2.717756 1.406488 -0.218538 2.989927 1.406826 -0.09466171 2.694642 1.173024 -0.2862496 3.05894 1.172645 -0.09925699 2.661656 0.9372095 -0.2955494 3.084677 0.9406026 -0.05153942 2.644181 0.006321318 -0.004375935 2.980392 0.008025981 -0.2014997 0 0 0 0 0 0 0 0 0 2.65912 0.9257023 -0.2749894 2.658887 0.8905495 -0.2560012 2.663519 0.8531026 -0.2499144 2.63687 0.8625233 -0.2910962 2.624184 0.8296605 -0.3014112 2.621418 0.8101056 -0.3044662 2.63887 0.8628119 -0.3139403 2.630585 0.8247716 -0.3251259 2.630953 0.8019443 -0.3285043 0 0 0 0 0 0 0 0 0 0 0 0 0 0 0 0 0 0 3.070173 0.9317994 -0.03499579 3.054003 0.8997429 -0.01746702 3.045215 0.8629163 -0.01223993 3.095159 0.8696719 -0.01880956 3.107293 0.8357753 -0.01166177 3.107302 0.815877 -0.009810209 3.111479 0.8671762 -0.03472686 3.121845 0.82818 -0.03116608 3.12007 0.8051776 -0.03178859 0 0 0 0 0 0 0 0 0 0 0 0 0 0 0 0 0 0 0 0 0 0 0 0
