Hips LeftUpperLeg RightUpperLeg LeftLowerLeg RightLowerLeg LeftFoot RightFoot Spine Chest Neck Head LeftShoulder RightShoulder LeftUpperArm RightUpperArm LeftLowerArm RightLowerArm LeftHand RightHand LeftToes RightToes LeftEye RightEye Jaw LeftThumbProximal LeftThumbIntermediate LeftThumbDistal LeftIndexProximal LeftIndexIntermediate LeftIndexDistal LeftMiddleProximal LeftMiddleIntermediate LeftMiddleDistal LeftRingProximal LeftRingIntermediate LeftRingDistal LeftLittleProximal LeftLittleIntermediate LeftLittleDistal RightThumbProximal RightThumbIntermediate RightThumbDistal RightIndexProximal RightIndexIntermediate RightIndexDistal RightMiddleProximal RightMiddleIntermediate RightMiddleDistal RightRingProximal RightRingIntermediate RightRingDistal RightLittleProximal RightLittleIntermediate RightLittleDistal UpperChest LastBone
0 15.96637 0.8843933 -7.080443 15.95865 0.8622943 -7.17977 15.98428 0.8658376 -6.981708 15.7025 0.4950526 -7.138556 15.98735 0.4162125 -6.984109 15.74084 0.09903314 -7.105563 16.31114 0.1956087 -7.060798 15.96074 1.055514 -7.082777 15.95859 1.192781 -7.080789 15.91504 1.421525 -7.083798 15.86479 1.506894 -7.07795 15.94232 1.360531 -7.153741 15.94608 1.363095 -7.013235 15.95137 1.342882 -7.268306 15.96263 1.35094 -6.898793 16.06074 1.081141 -7.313626 16.01164 1.075508 -6.833541 16.05038 0.8311903 -7.356965 15.91375 0.8458866 -6.787146 15.58842 0.01920923 -7.106423 16.30268 0.02467533 -7.078556 15.7802 1.576839 -7.097451 15.79023 1.577624 -7.034749 0 0 0 16.02913 0.7987707 -7.352561 16.01081 0.7632146 -7.335472 16.0073 0.7337161 -7.324243 16.03145 0.7274032 -7.369622 16.03011 0.6858093 -7.378293 16.0291 0.6605337 -7.378312 16.05249 0.7252455 -7.371831 16.05853 0.6768281 -7.368104 16.06053 0.6519486 -7.35791 16.07231 0.7282112 -7.36659 16.08144 0.6859996 -7.362048 16.08464 0.6625829 -7.349571 16.09103 0.7333655 -7.360357 16.09929 0.6986347 -7.357493 16.10282 0.680852 -7.351318 15.87788 0.8316182 -6.792778 15.84341 0.81289 -6.811566 15.8237 0.7902609 -6.82197 15.83547 0.7760076 -6.770452 15.80876 0.7431685 -6.766497 15.79316 0.7247145 -6.773969 15.85072 0.7624309 -6.764509 15.82681 0.7197584 -6.765837 15.81488 0.6991757 -6.778527 15.86877 0.7524672 -6.766468 15.85047 0.7131095 -6.767813 15.8399 0.691432 -6.779335 15.88735 0.7447231 -6.769747 15.87283 0.7119848 -6.769886 15.86532 0.695132 -6.77502 0 0 0 0 0 0
1 14.56028 0.9313967 -6.843299 14.4818 0.9061853 -6.783144 14.63398 0.9158862 -6.912156 14.59142 0.5099297 -6.601088 14.64246 0.463583 -6.904274 14.60018 0.1160765 -6.665862 14.51981 0.09105327 -6.99126 14.55614 1.10239 -6.835322 14.55869 1.239626 -6.838565 14.57835 1.470068 -6.811369 14.60273 1.558489 -6.773504 14.50548 1.409283 -6.792607 14.6205 1.409008 -6.873431 14.40461 1.389066 -6.738425 14.70663 1.387519 -6.948526 14.3131 1.118292 -6.767218 14.75749 1.108644 -6.995053 14.30188 0.8678471 -6.727063 14.82404 0.8658184 -6.962376 14.63704 0.06430068 -6.50597 14.65101 0.008483253 -6.916609 14.62061 1.63358 -6.693069 14.67181 1.634764 -6.730625 0 0 0 14.32309 0.8406174 -6.708867 14.35266 0.8103592 -6.698784 14.36614 0.7816086 -6.699184 14.319 0.7698814 -6.689644 14.32385 0.7284438 -6.681497 14.33482 0.7056526 -6.681078 14.30477 0.763385 -6.704062 14.31221 0.7150322 -6.705131 14.32507 0.6920306 -6.710838 14.29634 0.7623466 -6.722946 14.30128 0.7192973 -6.725801 14.31274 0.6959761 -6.732052 14.28901 0.7636988 -6.741934 14.29269 0.7281811 -6.744705 14.29855 0.7103396 -6.748453 14.83701 0.8453941 -6.931767 14.83874 0.8200315 -6.896475 14.83824 0.792854 -6.880052 14.87117 0.7821231 -6.916938 14.88494 0.7446098 -6.902448 14.88524 0.7235021 -6.888511 14.86596 0.7713842 -6.934546 14.87247 0.7248942 -6.920732 14.86699 0.7018981 -6.907766 14.85318 0.7650013 -6.949534 14.85786 0.7229818 -6.939621 14.85249 0.6994447 -6.928161 14.83931 0.7609465 -6.963928 14.84302 0.7261133 -6.956473 14.84102 0.7082074 -6.949975 0 0 0 0 0 0
2 15.00162 0.9033074 -6.32029 15.05272 0.8713409 -6.237942 14.93792 0.8954166 -6.399616 15.24977 0.4933241 -6.380952 14.9708 0.4548944 -6.484157 15.11839 0.1195656 -6.430285 14.84201 0.08840831 -6.391539 15.02426 1.072786 -6.311123 15.02813 1.209994 -6.314262 15.07431 1.437508 -6.332548 15.11629 1.523502 -6.358806 15.08161 1.376403 -6.257917 15.012 1.380722 -6.379978 15.12432 1.358843 -6.151213 14.94266 1.369131 -6.472587 15.09216 1.093891 -6.044963 14.89431 1.094997 -6.543553 15.13167 0.8447711 -6.015993 14.92478 0.8582861 -6.630158 15.26411 0.03091409 -6.452882 14.96173 0.0009559616 -6.478855 15.19799 1.598081 -6.344969 15.18243 1.599505 -6.406522 0 0 0 15.158 0.8230823 -6.034924 15.17343 0.7945636 -6.063914 15.17772 0.7660493 -6.077225 15.19197 0.7582642 -6.02905 15.2104 0.7202609 -6.033887 15.21785 0.6985671 -6.044548 15.17774 0.7481949 -6.01687 15.18792 0.7010744 -6.02526 15.18873 0.6781166 -6.039375 15.15867 0.7426754 -6.010959 15.1646 0.7000316 -6.016634 15.164 0.6766664 -6.029594 15.13911 0.739504 -6.006138 15.14378 0.7041861 -6.009809 15.14413 0.686234 -6.016474 14.95707 0.8393565 -6.641171 14.99034 0.8114448 -6.638799 15.00517 0.783376 -6.63961 14.97764 0.7846707 -6.685621 14.99285 0.7485055 -6.701993 15.00608 0.7269894 -6.700635 14.95915 0.7742262 -6.686747 14.9715 0.7280162 -6.697074 14.98226 0.7043777 -6.689839 14.94169 0.766115 -6.679111 14.95006 0.7244055 -6.687841 14.9594 0.7001586 -6.681588 14.92463 0.7599786 -6.669772 14.92993 0.7248985 -6.674664 14.93512 0.7068756 -6.670777 0 0 0 0 0 0
3 15.01265 0.9096141 -6.539903 15.07693 0.8825508 -6.46541 14.9385 0.8963364 -6.608739 15.22391 0.487149 -6.621079 14.99425 0.4677988 -6.733128 15.00568 0.1697686 -6.516032 14.89629 0.08829667 -6.656901 15.02725 1.080204 -6.537591 15.03108 1.217402 -6.541198 15.06776 1.445613 -6.569544 15.10336 1.532063 -6.60279 15.09045 1.38553 -6.49721 14.99891 1.386993 -6.603893 15.15132 1.366383 -6.400022 14.91319 1.370411 -6.680675 15.14372 1.093606 -6.310254 14.85089 1.092133 -6.715374 15.1933 0.8446172 -6.312861 14.84369 0.8449607 -6.772948 15.09665 0.03195872 -6.564374 15.00114 0.004754923 -6.764756 15.1858 1.606932 -6.607926 15.15668 1.608194 -6.664348 0 0 0 15.21604 0.8250278 -6.337789 15.22723 0.7999424 -6.371516 15.22969 0.7728108 -6.387837 15.25055 0.7604719 -6.3434 15.26715 0.7230021 -6.354693 15.27198 0.7025437 -6.368763 15.2386 0.7491837 -6.329902 15.24682 0.7031331 -6.344264 15.24485 0.6817594 -6.36058 15.22083 0.742889 -6.321345 15.2259 0.70108 -6.331932 15.22322 0.679005 -6.346757 15.20237 0.7390192 -6.313571 15.20636 0.7043228 -6.321506 15.20555 0.6871389 -6.329925 14.87067 0.820808 -6.787475 14.90184 0.7904797 -6.788403 14.91437 0.7613156 -6.787407 14.87532 0.7567942 -6.823118 14.88359 0.7163737 -6.833354 14.89566 0.6944576 -6.829638 14.85662 0.7484601 -6.817336 14.86446 0.7002099 -6.819571 14.87611 0.6779221 -6.809856 14.84141 0.7439323 -6.80403 14.84625 0.7007893 -6.80509 14.85663 0.6779565 -6.795856 14.82716 0.7416073 -6.789629 14.83072 0.7059763 -6.789014 14.83669 0.6887093 -6.783262 0 0 0 0 0 0
4 15.04101 0.9280227 -7.007929 15.11201 0.9125715 -6.936271 14.96571 0.9024972 -7.071894 15.19259 0.4760284 -7.008613 14.97018 0.4740273 -7.208169 15.06712 0.1010096 -6.952914 14.87533 0.1679202 -6.970066 15.0337 1.099028 -7.012746 15.02913 1.236099 -7.019176 15.0492 1.46632 -7.047904 15.08612 1.552183 -7.081232 15.07709 1.408019 -6.975933 14.98418 1.402969 -7.081312 15.13614 1.380052 -6.879755 14.89608 1.372645 -7.150859 15.11639 1.108111 -6.789307 14.83664 1.091751 -7.141434 15.15941 0.8580713 -6.779841 14.82198 0.8385827 -7.153741 15.21877 0.01985433 -6.957262 14.89174 0.002803527 -7.015589 15.16682 1.628177 -7.093094 15.13358 1.628497 -7.147203 0 0 0 15.18124 0.8329288 -6.800183 15.19585 0.8053555 -6.830483 15.19756 0.7767069 -6.844081 15.2051 0.7635948 -6.796513 15.21321 0.7224547 -6.803493 15.21352 0.7013104 -6.817374 15.19004 0.7556199 -6.783775 15.19061 0.7079714 -6.794903 15.18578 0.6870422 -6.811203 15.17064 0.7529802 -6.777032 15.17085 0.7102684 -6.784876 15.16682 0.6878633 -6.798877 15.15106 0.7527556 -6.771333 15.15039 0.7175709 -6.777986 15.14783 0.7004533 -6.786189 14.84562 0.8120148 -7.169788 14.87786 0.7835732 -7.176377 14.89343 0.7559972 -7.173934 14.84646 0.7405846 -7.186724 14.85469 0.698952 -7.18915 14.86776 0.6776187 -7.185407 14.83181 0.7337658 -7.172888 14.84305 0.6863128 -7.168843 14.8578 0.6651549 -7.160988 14.82239 0.7328597 -7.154469 14.83113 0.6905615 -7.149972 14.84473 0.668871 -7.142296 14.81394 0.7344045 -7.135969 14.82142 0.699661 -7.131538 14.82948 0.6830003 -7.126613 0 0 0 0 0 0
5 15.10031 0.9503146 -7.162458 15.01163 0.9290708 -7.208268 15.19294 0.9305714 -7.124475 14.93349 0.4895261 -7.143806 15.17276 0.4817997 -7.069098 14.95855 0.1039958 -7.249354 15.16831 0.09537717 -7.17942 15.0994 1.121538 -7.163571 15.10039 1.258796 -7.160396 15.08747 1.489085 -7.128313 15.06896 1.578503 -7.089475 15.0336 1.428599 -7.181185 15.16236 1.427963 -7.124779 14.93942 1.401932 -7.243947 15.2701 1.393399 -7.09802 14.91306 1.120275 -7.293916 15.33363 1.117637 -7.147439 14.87988 0.868594 -7.289795 15.35826 0.8655326 -7.130195 14.86795 0.02060195 -7.129177 15.1904 0.01618847 -7.028269 15.02231 1.657362 -7.025968 15.08438 1.657693 -7.012537 0 0 0 14.86927 0.8444437 -7.261046 14.86906 0.8161114 -7.228045 14.87268 0.7880167 -7.213688 14.84571 0.7755808 -7.251441 14.83356 0.7350571 -7.247272 14.8315 0.7106468 -7.240967 14.85339 0.7669666 -7.26931 14.84627 0.7188426 -7.26403 14.84747 0.6926432 -7.257777 14.86768 0.7637374 -7.283937 14.86101 0.7210087 -7.279983 14.86102 0.694784 -7.274831 14.88263 0.762943 -7.297791 14.87845 0.7275994 -7.293791 14.87756 0.7086449 -7.291192 15.3451 0.8369355 -7.107145 15.32073 0.8070728 -7.086994 15.30647 0.7787309 -7.085606 15.34996 0.7640479 -7.099825 15.34827 0.7216727 -7.096907 15.33832 0.6984932 -7.094996 15.35508 0.7590765 -7.119862 15.34638 0.7110141 -7.122816 15.33265 0.6878743 -7.124581 15.35363 0.7604091 -7.140475 15.34799 0.7174666 -7.143628 15.33742 0.6930075 -7.145696 15.35142 0.7641694 -7.1604 15.3455 0.7289904 -7.163571 15.33932 0.7109687 -7.165531 0 0 0 0 0 0
6 15.04562 0.9503425 -7.174945 14.95723 0.9290737 -7.221306 15.13792 0.9305754 -7.136172 14.919 0.4871459 -7.146094 15.14711 0.4847108 -7.060357 15.01205 0.1162198 -7.261574 15.17973 0.09590825 -7.155704 15.04513 1.121559 -7.176941 15.04112 1.258775 -7.179484 15.01652 1.489139 -7.155876 14.99328 1.577358 -7.116845 14.96685 1.42434 -7.207742 15.09413 1.431862 -7.148534 14.87588 1.39187 -7.272463 15.20331 1.405232 -7.118713 14.85567 1.108048 -7.311959 15.27732 1.128656 -7.142177 14.82829 0.8557083 -7.305973 15.30401 0.8790954 -7.10386 14.89918 0.02454855 -7.169595 15.18571 0.01653048 -7.003163 14.93707 1.655672 -7.060849 14.99628 1.656015 -7.037898 0 0 0 14.82067 0.8305049 -7.277181 14.82446 0.8036911 -7.243144 14.83177 0.7767882 -7.227936 14.8055 0.7593351 -7.267461 14.80634 0.7180295 -7.257453 14.81417 0.6970522 -7.245683 14.81413 0.7516742 -7.285327 14.82194 0.7046105 -7.274439 14.83411 0.6837618 -7.262431 14.8287 0.7501536 -7.299968 14.83599 0.7081137 -7.29188 14.84758 0.6866564 -7.280956 14.84362 0.7511296 -7.313839 14.85029 0.7165412 -7.307364 14.85745 0.6999368 -7.301053 15.29034 0.8537403 -7.077545 15.26464 0.8270834 -7.054725 15.25061 0.7990319 -7.049745 15.29738 0.7831279 -7.058729 15.28857 0.7421421 -7.051689 15.27223 0.7230819 -7.048602 15.30409 0.7754184 -7.077387 15.2885 0.7290394 -7.076545 15.26833 0.7111719 -7.07746 15.30404 0.7735311 -7.098008 15.29204 0.7317961 -7.098332 15.27402 0.7120844 -7.099272 15.30309 0.7741091 -7.118375 15.29301 0.7397584 -7.119389 15.28192 0.7241727 -7.12039 0 0 0 0 0 0
7 15.08146 0.9469252 -7.131219 14.98144 0.9268796 -7.128774 15.18072 0.9259531 -7.142255 14.94725 0.4846447 -7.0459 15.17855 0.4759478 -7.09206 14.94371 0.09916165 -7.155025 15.10686 0.09222277 -7.188255 15.08217 1.118148 -7.132495 15.09124 1.255145 -7.133253 15.10104 1.485709 -7.102051 15.10188 1.575077 -7.058933 15.02787 1.427387 -7.126594 15.16831 1.42179 -7.129343 14.9156 1.40318 -7.144702 15.27677 1.385001 -7.149386 14.85335 1.124905 -7.179499 15.30531 1.106474 -7.21366 14.81682 0.8761538 -7.14416 15.322 0.8531698 -7.209275 14.86849 0.01896425 -7.022677 15.21638 0.01245286 -7.082204 15.0776 1.654098 -6.984138 15.14081 1.653751 -6.990208 0 0 0 14.81985 0.8535823 -7.112481 14.83452 0.8280364 -7.080481 14.84497 0.800881 -7.067754 14.80522 0.7849633 -7.090866 14.80092 0.7442397 -7.07946 14.80615 0.7210769 -7.070742 14.80535 0.7754387 -7.109885 14.80745 0.7275839 -7.099884 14.8165 0.7031657 -7.092897 14.8126 0.7716194 -7.128901 14.81334 0.7289322 -7.120956 14.82035 0.7039147 -7.114689 14.82066 0.7702903 -7.147592 14.82227 0.7350716 -7.141289 14.82575 0.7166011 -7.137604 15.31747 0.8247516 -7.182929 15.30087 0.7955002 -7.155346 15.28721 0.767803 -7.147952 15.32327 0.7517633 -7.177565 15.31879 0.7096988 -7.173386 15.30746 0.6879049 -7.167337 15.32077 0.7467598 -7.198087 15.30792 0.6995575 -7.196886 15.29191 0.6782659 -7.192728 15.31204 0.7481838 -7.216811 15.30169 0.7060151 -7.217473 15.28756 0.6835023 -7.21468 15.30289 0.7520474 -7.234626 15.29347 0.7175022 -7.235434 15.28472 0.7004935 -7.234517 0 0 0 0 0 0
8 15.07019 0.9522998 -7.131144 14.9798 0.9309884 -7.173433 15.16428 0.9326365 -7.096873 14.95544 0.4847931 -7.108955 15.17647 0.4853454 -7.028637 15.01633 0.1018719 -7.21077 15.20753 0.09690847 -7.126966 15.06904 1.123523 -7.132052 15.0659 1.260771 -7.13403 15.0462 1.491349 -7.108052 15.02627 1.580237 -7.068703 14.99245 1.427519 -7.156982 15.12326 1.432929 -7.105764 14.89707 1.396276 -7.215671 15.23363 1.404425 -7.082849 14.87131 1.11251 -7.252226 15.30233 1.127746 -7.118216 14.84346 0.8603486 -7.242234 15.33036 0.8771319 -7.088759 14.92785 0.02058997 -7.087606 15.22294 0.01746687 -6.975122 14.97472 1.659713 -7.00993 15.03555 1.660328 -6.991711 0 0 0 14.83805 0.8353745 -7.21275 14.84451 0.8087876 -7.17894 14.85289 0.7818776 -7.164304 14.82305 0.7644172 -7.201357 14.82532 0.7233225 -7.190722 14.83473 0.7029287 -7.17909 14.83006 0.756575 -7.219842 14.83941 0.7097921 -7.208954 14.85324 0.6897133 -7.197446 14.84332 0.7548276 -7.235651 14.85197 0.7130265 -7.227661 14.86522 0.6923253 -7.217169 14.85703 0.7555769 -7.250737 14.86474 0.7211728 -7.244442 14.87296 0.7049935 -7.238317 15.31885 0.8510171 -7.062155 15.29516 0.8235397 -7.038165 15.28171 0.7952405 -7.032975 15.3275 0.7799515 -7.045885 15.32008 0.7386209 -7.039266 15.30461 0.7189856 -7.035388 15.33273 0.7727778 -7.065213 15.31813 0.7260813 -7.06438 15.29853 0.7075616 -7.064188 15.33107 0.7714491 -7.085812 15.31989 0.72949 -7.086277 15.30253 0.709169 -7.086354 15.32853 0.7725738 -7.106019 15.31901 0.7380669 -7.107125 15.30837 0.7221496 -7.10769 0 0 0 0 0 0
10 15.10911 0.9518765 -7.081884 15.04073 0.9305658 -7.154574 15.18378 0.93218 -7.015172 14.94878 0.4902675 -7.118172 15.14826 0.4840071 -6.963499 15.00219 0.1041108 -7.210776 15.18337 0.09674492 -7.064719 15.10884 1.123097 -7.083587 15.1058 1.26034 -7.081173 15.08079 1.490551 -7.056531 15.04947 1.580057 -7.027304 15.04721 1.429203 -7.123354 15.15134 1.430406 -7.028921 14.97822 1.40115 -7.212641 15.24545 1.397014 -6.969375 14.96907 1.118694 -7.264197 15.32049 1.121026 -6.996273 14.93901 0.8667092 -7.271987 15.3375 0.8689677 -6.971015 14.88825 0.01499852 -7.117597 15.15351 0.01746359 -6.914959 14.98499 1.659692 -6.983392 15.03963 1.660787 -6.951052 0 0 0 14.92161 0.8412467 -7.248093 14.91307 0.8121259 -7.216934 14.91389 0.7840046 -7.2022 14.90093 0.7708204 -7.246585 14.89095 0.729498 -7.246418 14.88874 0.7048703 -7.241084 14.91437 0.7631448 -7.261173 14.9091 0.7145741 -7.25841 14.90999 0.6883772 -7.252093 14.93271 0.7611803 -7.270593 14.92798 0.718049 -7.26881 14.92813 0.691799 -7.263792 14.95126 0.761668 -7.279064 14.94841 0.7260694 -7.276357 14.94804 0.7070653 -7.274007 15.31772 0.8407978 -6.952644 15.28819 0.8113288 -6.94035 15.27415 0.7829708 -6.943053 15.31959 0.7680385 -6.943033 15.31709 0.725706 -6.940073 15.30704 0.7025061 -6.940908 15.33056 0.7627122 -6.96046 15.32302 0.7145862 -6.965097 15.31046 0.6913627 -6.970563 15.3355 0.763691 -6.980547 15.33095 0.7206643 -6.984279 15.3216 0.696054 -6.988877 15.33951 0.7671106 -7.000251 15.3346 0.7318664 -7.004306 15.32929 0.7137715 -7.007642 0 0 0 0 0 0
11 15.05138 0.9493181 -7.11831 14.97453 0.9287058 -7.182207 15.1335 0.9289173 -7.061269 14.94294 0.4810829 -7.127453 15.13074 0.4829573 -6.982052 15.02593 0.09633198 -7.206139 15.19443 0.09218266 -7.052637 15.05192 1.120543 -7.119312 15.05236 1.257809 -7.122288 15.03567 1.489086 -7.100799 15.01243 1.580115 -7.068865 14.99229 1.426992 -7.160961 15.10796 1.427916 -7.081066 14.91157 1.398269 -7.239553 15.20837 1.393956 -7.033277 14.88667 1.115253 -7.282039 15.27504 1.116369 -7.065269 14.8494 0.8641565 -7.277332 15.28987 0.8641362 -7.040389 14.9065 0.01657542 -7.111376 15.16442 0.0119045 -6.90344 14.94597 1.660985 -7.030506 14.99688 1.659891 -6.99256 0 0 0 14.83677 0.8406734 -7.248847 14.83428 0.8139398 -7.214628 14.8379 0.786897 -7.198376 14.8167 0.7708197 -7.238473 14.80784 0.7294294 -7.234567 14.80723 0.7050468 -7.227859 14.82717 0.7619554 -7.254734 14.82369 0.7134709 -7.249106 14.82635 0.6875374 -7.242225 14.84341 0.759082 -7.267253 14.83983 0.7159638 -7.263531 14.84138 0.6898506 -7.258059 14.86004 0.7587176 -7.279059 14.85788 0.7231031 -7.275956 14.85795 0.7040762 -7.273767 15.27147 0.8372823 -7.018884 15.24195 0.8097523 -7.002686 15.2265 0.7820031 -7.002779 15.27262 0.7649404 -7.006429 15.26392 0.7234135 -7.003814 15.24854 0.7033409 -7.004256 15.28158 0.7586203 -7.024657 15.26709 0.7122244 -7.030295 15.24867 0.6932697 -7.035647 15.28441 0.7586594 -7.045171 15.27408 0.7169253 -7.051293 15.25834 0.6960494 -7.05681 15.28642 0.7611774 -7.065312 15.27784 0.7268847 -7.071073 15.26854 0.710658 -7.075184 0 0 0 0 0 0
12 15.07631 0.9539939 -7.095304 15.00669 0.9323112 -7.166698 15.15212 0.9346424 -7.029795 14.94466 0.4871064 -7.123796 15.13409 0.4862897 -6.969793 15.0192 0.1022856 -7.208069 15.19145 0.09823605 -7.057527 15.07594 1.125204 -7.097837 15.07512 1.262497 -7.098768 15.05137 1.493263 -7.078464 15.01999 1.58276 -7.049278 15.01688 1.43076 -7.143737 15.12191 1.433351 -7.050333 14.94715 1.401148 -7.231938 15.21703 1.401908 -6.99132 14.93305 1.117972 -7.27815 15.28946 1.124749 -7.01277 14.90199 0.8659942 -7.279918 15.30517 0.8727469 -6.986153 14.90001 0.02174612 -7.113654 15.16081 0.01914217 -6.907824 14.95337 1.663473 -7.010855 15.00565 1.664474 -6.97481 0 0 0 14.88698 0.8407246 -7.254253 14.88157 0.8132409 -7.220979 14.88459 0.7859797 -7.20497 14.86948 0.7696056 -7.249207 14.86566 0.7279277 -7.241765 14.86852 0.7055102 -7.2304 14.88245 0.761964 -7.264233 14.88468 0.7141155 -7.254228 14.89145 0.6912718 -7.241607 14.90033 0.7604167 -7.274561 14.90282 0.7177681 -7.266765 14.90918 0.6944606 -7.255334 14.91837 0.7613607 -7.284039 14.9213 0.7263432 -7.277121 14.92521 0.7088115 -7.270473 15.28552 0.8456086 -6.966161 15.25553 0.8173001 -6.952361 15.24105 0.7890579 -6.953512 15.28744 0.7734608 -6.952713 15.28079 0.7315745 -6.949826 15.26708 0.7103515 -6.951052 15.29827 0.7672076 -6.969917 15.28658 0.7199283 -6.974657 15.27018 0.6993572 -6.980546 15.30306 0.7671142 -6.990064 15.29465 0.7247307 -6.994416 15.28083 0.7024801 -6.999715 15.30692 0.7694795 -7.009953 15.29941 0.7347485 -7.014426 15.29116 0.7178856 -7.018238 0 0 0 0 0 0
13 15.08573 0.94958 -7.088556 15.01175 0.9287935 -7.155698 15.16527 0.9293332 -7.027915 14.96084 0.4815959 -7.113659 15.14472 0.4813292 -6.96625 15.02069 0.09636804 -7.209136 15.19063 0.09251448 -7.057231 15.08635 1.120802 -7.090026 15.08764 1.258067 -7.092755 15.07248 1.489341 -7.070123 15.04739 1.580713 -7.040657 15.03051 1.428104 -7.132139 15.14348 1.427321 -7.048469 14.95178 1.400785 -7.213212 15.24061 1.390087 -6.996531 14.92783 1.118197 -7.258966 15.31132 1.114195 -7.034038 14.89002 0.867147 -7.256637 15.32044 0.8621362 -7.004992 14.90178 0.01600393 -7.114225 15.1613 0.01288649 -6.907549 14.99273 1.662929 -6.988881 15.05175 1.662889 -6.965448 0 0 0 14.87643 0.8438542 -7.22844 14.87268 0.8172222 -7.194257 14.87574 0.7902818 -7.177722 14.85633 0.7739921 -7.218202 14.84618 0.7328396 -7.214944 14.84433 0.7083557 -7.208862 14.86745 0.7650377 -7.233969 14.86234 0.7166724 -7.228559 14.86354 0.6905103 -7.222149 14.88417 0.7621371 -7.245833 14.87926 0.7191547 -7.242054 14.87942 0.6929069 -7.237025 14.90124 0.761754 -7.256992 14.89812 0.72626 -7.253366 14.89739 0.7072396 -7.251242 15.30155 0.8342173 -6.985349 15.27203 0.8056917 -6.970972 15.25659 0.7780102 -6.972919 15.30172 0.7612247 -6.977483 15.2957 0.7191709 -6.975969 15.28275 0.6974567 -6.976796 15.31073 0.7559529 -6.996015 15.29893 0.7089291 -7.002653 15.28307 0.6878744 -7.00831 15.31371 0.7572505 -7.016466 15.30576 0.7150746 -7.023094 15.29299 0.6923036 -7.028806 15.3159 0.7610086 -7.036394 15.30881 0.7264559 -7.042611 15.30143 0.7093067 -7.046873 0 0 0 0 0 0
14 15.04858 0.9520568 -7.126599 14.97528 0.93113 -7.194446 15.12801 0.9321094 -7.06572 14.93612 0.4850973 -7.134721 15.1279 0.4869096 -6.983279 15.02612 0.1005342 -7.20455 15.19734 0.09699585 -7.052273 15.04696 1.123277 -7.125975 15.04358 1.260531 -7.126899 15.01645 1.490871 -7.105999 14.98405 1.579815 -7.07624 14.98008 1.427525 -7.169412 15.08938 1.432388 -7.081133 14.90681 1.396238 -7.254091 15.18814 1.403763 -7.026853 14.89361 1.113063 -7.300575 15.26449 1.127545 -7.046774 14.865 0.8607898 -7.301435 15.29009 0.8762755 -7.020916 14.90701 0.02030387 -7.109769 15.16671 0.01741924 -6.902826 14.91859 1.661366 -7.037617 14.97168 1.662778 -7.002806 0 0 0 14.85159 0.8360909 -7.27437 14.8483 0.8096887 -7.239962 14.85243 0.7828969 -7.223417 14.83466 0.765071 -7.266683 14.83398 0.7236951 -7.256956 14.83954 0.7026533 -7.244066 14.84677 0.7571104 -7.282253 14.85287 0.7100281 -7.270397 14.86267 0.6890907 -7.25652 14.86403 0.7553617 -7.293559 14.86998 0.7132516 -7.284773 14.8794 0.6916423 -7.272182 14.88148 0.7561243 -7.304084 14.88692 0.7213928 -7.297239 14.89275 0.7045761 -7.290162 15.27172 0.8492972 -6.999539 15.24201 0.8212398 -6.984643 15.22781 0.7928366 -6.984591 15.27633 0.7778372 -6.983353 15.26428 0.7370747 -6.983011 15.24583 0.7200596 -6.986195 15.28709 0.7712818 -7.000495 15.26997 0.7261291 -7.008408 15.24871 0.7114604 -7.016155 15.29153 0.7705593 -7.020707 15.27842 0.7299814 -7.02892 15.25887 0.7134326 -7.036551 15.29497 0.7722713 -7.040739 15.28465 0.7387875 -7.048147 15.27261 0.7249416 -7.053651 0 0 0 0 0 0
15 15.11001 0.9509292 -7.076295 15.04057 0.9299358 -7.148067 15.18559 0.9309226 -7.010707 14.95954 0.4870625 -7.113573 15.15132 0.4822883 -6.960987 15.0113 0.1017419 -7.211507 15.18394 0.09492733 -7.063158 15.11 1.122154 -7.077512 15.10928 1.25945 -7.077229 15.088 1.490021 -7.052447 15.05938 1.580007 -7.021957 15.05203 1.429033 -7.11835 15.15835 1.428959 -7.026381 14.98055 1.40178 -7.205907 15.25293 1.393616 -6.968731 14.96966 1.119394 -7.257511 15.33069 1.118709 -6.998787 14.93867 0.8674873 -7.264088 15.35152 0.8670809 -6.972148 14.89277 0.0200099 -7.1173 15.15482 0.01626053 -6.91293 14.99852 1.660012 -6.973749 15.05483 1.659943 -6.944383 0 0 0 14.92018 0.8436297 -7.239367 14.91044 0.8153772 -7.207764 14.9096 0.7873661 -7.192822 14.89434 0.774976 -7.236393 14.88073 0.7347067 -7.236664 14.87626 0.7102191 -7.232163 14.9067 0.7661754 -7.251303 14.89717 0.7182264 -7.249142 14.89554 0.6918269 -7.24391 14.92452 0.7627495 -7.261266 14.91588 0.7202096 -7.26007 14.91341 0.6938848 -7.256174 14.94278 0.7617614 -7.270316 14.93669 0.7265314 -7.268197 14.93438 0.70758 -7.266667 15.3332 0.8381544 -6.953446 15.30486 0.8078613 -6.940372 15.29123 0.7792994 -6.943011 15.33687 0.7652586 -6.94554 15.33532 0.7228366 -6.943302 15.32569 0.6994621 -6.944092 15.34706 0.7605128 -6.9636 15.34029 0.7123593 -6.969066 15.32797 0.6889988 -6.974502 15.35097 0.7620091 -6.98388 15.34726 0.7190061 -6.988661 15.33828 0.6943139 -6.993551 15.35393 0.7659192 -7.003678 15.34979 0.7306744 -7.008507 15.34482 0.7125326 -7.012114 0 0 0 0 0 0
16 15.04299 0.9497723 -7.128214 14.96639 0.9291285 -7.192401 15.12502 0.9294462 -7.071014 14.93813 0.4819833 -7.13251 15.12702 0.4845613 -6.985929 15.02838 0.09745284 -7.203749 15.19744 0.09382697 -7.050079 15.04294 1.121001 -7.1286 15.04129 1.258257 -7.131586 15.02003 1.489204 -7.110588 14.99203 1.578898 -7.078689 14.97846 1.426235 -7.17112 15.09324 1.429428 -7.090012 14.89925 1.395904 -7.250638 15.1946 1.399027 -7.041843 14.8798 1.112513 -7.293468 15.26482 1.121458 -7.065251 14.84763 0.8607059 -7.289068 15.28665 0.8698452 -7.039266 14.90939 0.01773622 -7.108398 15.16749 0.01403978 -6.900606 14.92431 1.659266 -7.041488 14.97509 1.659304 -7.003347 0 0 0 14.83554 0.8369369 -7.260591 14.83368 0.8104258 -7.226159 14.83808 0.783628 -7.209692 14.81763 0.7665166 -7.250099 14.81103 0.7247899 -7.245371 14.81198 0.7006676 -7.237815 14.8285 0.7579314 -7.266242 14.82767 0.709435 -7.259767 14.83208 0.6840093 -7.251954 14.84492 0.7555317 -7.278623 14.84373 0.712345 -7.274224 14.84709 0.6866174 -7.267813 14.86165 0.7556552 -7.290296 14.86143 0.7200148 -7.286775 14.86278 0.7011108 -7.284015 15.26823 0.84356 -7.017079 15.23836 0.8165011 -7.000737 15.22316 0.7886251 -7.000066 15.27062 0.7718928 -7.001334 15.25838 0.731222 -6.999542 15.24013 0.7137876 -7.001218 15.28023 0.7649737 -7.019005 15.26246 0.7198497 -7.025539 15.2413 0.7044288 -7.031962 15.28363 0.7641619 -7.039414 15.27017 0.7235135 -7.046646 15.25096 0.7061206 -7.053195 15.28615 0.7658237 -7.059587 15.27551 0.732273 -7.066199 15.26376 0.7179256 -7.070997 0 0 0 0 0 0
17 15.09301 0.9533997 -7.085108 15.02428 0.9309529 -7.157118 15.16804 0.93476 -7.018497 14.94789 0.4879317 -7.118291 15.14097 0.4858355 -6.966367 15.01469 0.1036803 -7.209984 15.18783 0.0980977 -7.06158 15.09258 1.124575 -7.089361 15.0913 1.261867 -7.088998 15.06727 1.49253 -7.06786 15.03557 1.582263 -7.039769 15.03388 1.430391 -7.134044 15.13731 1.432443 -7.038857 14.96575 1.401387 -7.223684 15.23121 1.40012 -6.978385 14.95404 1.118375 -7.271543 15.30215 1.122679 -7.0011 14.92354 0.8663605 -7.275967 15.31571 0.8705442 -6.974546 14.89564 0.0218673 -7.116505 15.15715 0.01957723 -6.911587 14.96986 1.663042 -6.999952 15.02301 1.664202 -6.965224 0 0 0 14.90785 0.8406109 -7.251213 14.90139 0.8120251 -7.219073 14.90387 0.7843397 -7.203713 14.89038 0.7693782 -7.247949 14.88372 0.7275211 -7.244678 14.884 0.7034935 -7.236774 14.90382 0.7620297 -7.262709 14.90256 0.7134772 -7.256744 14.90631 0.6883644 -7.247677 14.92201 0.7607015 -7.272521 14.92105 0.7175224 -7.267991 14.92419 0.6921617 -7.260164 14.94032 0.7618499 -7.281434 14.94056 0.7263553 -7.276663 14.94228 0.7077643 -7.272392 15.2954 0.8431175 -6.955631 15.26521 0.8145239 -6.94289 15.25065 0.7863798 -6.945013 15.29614 0.7705918 -6.944261 15.29168 0.7284379 -6.941067 15.28014 0.7059463 -6.941957 15.30714 0.7646869 -6.961483 15.29762 0.7168822 -6.965797 15.28354 0.6945593 -6.971301 15.31221 0.7651086 -6.981556 15.30581 0.7222974 -6.985027 15.29469 0.698435 -6.989641 15.31639 0.7679927 -7.00131 15.31008 0.7329497 -7.00515 15.30352 0.715265 -7.008487 0 0 0 0 0 0
18 15.06594 0.9492845 -7.104182 14.98997 0.9284909 -7.16907 15.14725 0.9290401 -7.045939 14.95058 0.4807597 -7.120614 15.13638 0.4820032 -6.97468 15.02286 0.09574946 -7.208114 15.19207 0.09197726 -7.05483 15.06657 1.120505 -7.105749 15.06785 1.257761 -7.108924 15.05365 1.489198 -7.087369 15.03361 1.580992 -7.055453 15.01 1.427649 -7.147897 15.12509 1.42719 -7.06716 14.92942 1.399936 -7.226995 15.22379 1.390605 -7.017793 14.90341 1.11703 -7.269543 15.29107 1.113808 -7.054955 14.86436 0.8662222 -7.263905 15.30238 0.8617473 -7.026702 14.90357 0.01578005 -7.113343 15.16232 0.01185604 -6.905494 14.97338 1.663654 -7.011084 15.02787 1.661492 -6.978543 0 0 0 14.85103 0.8433927 -7.235212 14.84767 0.8170304 -7.20078 14.85052 0.7900665 -7.184245 14.82923 0.7741716 -7.224119 14.81866 0.7331894 -7.220164 14.81683 0.7088225 -7.213621 14.83956 0.764864 -7.240218 14.83404 0.7165964 -7.234359 14.83533 0.6905245 -7.227611 14.85579 0.7614506 -7.252615 14.85043 0.7185456 -7.248579 14.85062 0.6923627 -7.243223 14.87247 0.7605444 -7.264326 14.86888 0.7250865 -7.260781 14.86803 0.7060822 -7.25856 15.28426 0.8343441 -7.005651 15.25522 0.8061602 -6.989717 15.24 0.7782933 -6.990319 15.28566 0.7617207 -6.994989 15.27871 0.7198622 -6.992421 15.26472 0.6987915 -6.992615 15.29442 0.7558639 -7.013469 15.2816 0.7089706 -7.019074 15.26456 0.6887096 -7.024161 15.297 0.7564107 -7.034008 15.2882 0.7143036 -7.039954 15.27407 0.6922305 -7.045198 15.29877 0.7594252 -7.054103 15.29123 0.72487 -7.059742 15.28301 0.7080266 -7.06369 0 0 0 0 0 0
20 15.05872 0.9507005 -7.141408 15.02629 0.9297462 -7.235867 15.09982 0.9307709 -7.050155 14.96779 0.4834036 -7.196864 15.05985 0.4864534 -6.97211 15.08207 0.09902742 -7.209251 15.15327 0.09582683 -6.991724 15.05715 1.121922 -7.141732 15.05514 1.259172 -7.144755 15.02211 1.489635 -7.139697 14.97946 1.578408 -7.127584 15.01969 1.426107 -7.212602 15.07453 1.431128 -7.083259 14.99478 1.394604 -7.321714 15.13622 1.402967 -6.988811 15.00454 1.111065 -7.36681 15.21097 1.126367 -6.968129 14.97857 0.858764 -7.378232 15.22157 0.8751636 -6.93284 14.9316 0.01879933 -7.186263 15.05249 0.01599648 -6.877372 14.90306 1.659597 -7.128157 14.92953 1.660071 -7.070431 0 0 0 14.95378 0.8345848 -7.360255 14.93453 0.8083113 -7.33143 14.93014 0.7816709 -7.314709 14.93456 0.7637305 -7.360281 14.92825 0.7219532 -7.355603 14.92626 0.6990853 -7.344975 14.9525 0.7554725 -7.368191 14.95076 0.7075015 -7.358689 14.95187 0.6839599 -7.345593 14.97303 0.7535029 -7.370019 14.97221 0.7106586 -7.36298 14.97334 0.6865726 -7.351454 14.99339 0.7540586 -7.371106 14.99345 0.7187214 -7.365277 14.99437 0.700568 -7.359243 15.1949 0.8484856 -6.922875 15.16125 0.8209564 -6.924229 15.14831 0.7927877 -6.931137 15.19036 0.7770378 -6.906615 15.17815 0.7369851 -6.913947 15.16263 0.7216465 -6.926744 15.20791 0.7702909 -6.916568 15.19525 0.7262432 -6.93372 15.17952 0.7137346 -6.951692 15.22144 0.7694393 -6.932217 15.21278 0.7298167 -6.94774 15.19832 0.7154358 -6.965009 15.23404 0.7710346 -6.948175 15.22782 0.7382364 -6.961147 15.21917 0.725633 -6.972683 0 0 0 0 0 0
21 15.091 0.9518766 -7.064488 15.06813 0.930566 -7.161629 15.12231 0.9321802 -6.969379 14.9703 0.490268 -7.176079 15.06571 0.4840073 -6.94239 15.06285 0.1041112 -7.229574 15.14672 0.0967451 -7.012494 15.09162 1.123097 -7.066099 15.08777 1.26034 -7.06553 15.05379 1.490551 -7.056692 15.01206 1.580057 -7.04704 15.05812 1.429203 -7.131355 15.10109 1.430406 -6.997507 15.04302 1.40115 -7.243173 15.15282 1.397014 -6.89888 15.06088 1.118694 -7.292396 15.23125 1.121026 -6.884657 15.03874 0.8667091 -7.314171 15.23335 0.868968 -6.85428 14.91759 0.01499899 -7.205847 15.04598 0.01746377 -6.897728 14.93426 1.659692 -7.041255 14.96541 1.660787 -6.985927 0 0 0 15.01172 0.8412463 -7.302179 14.98874 0.8121257 -7.279466 14.98209 0.7840045 -7.266294 14.99306 0.7708201 -7.311214 14.98434 0.7294974 -7.316054 14.97975 0.7048697 -7.312543 15.012 0.7631444 -7.317125 15.00605 0.7145737 -7.317366 15.00366 0.6883768 -7.311451 15.03258 0.7611802 -7.316115 15.0276 0.7180488 -7.316936 15.02522 0.691799 -7.312512 15.05288 0.7616678 -7.314178 15.04906 0.7260695 -7.313257 15.04757 0.7070653 -7.311404 15.20704 0.840798 -6.848259 15.17531 0.8113292 -6.852379 15.16451 0.7829712 -6.861739 15.20385 0.7680387 -6.839001 15.20021 0.7257064 -6.837686 15.19193 0.7025066 -6.843432 15.22207 0.7627124 -6.848606 15.21785 0.7145867 -6.856394 15.20971 0.691363 -6.867408 15.23639 0.7636913 -6.863535 15.23432 0.7206645 -6.869038 15.22852 0.6960544 -6.877696 15.24971 0.767111 -6.878592 15.24749 0.7318667 -6.884558 15.24456 0.7137717 -6.890105 0 0 0 0 0 0
22 15.05922 0.9493183 -7.124896 15.02461 0.9287061 -7.218657 15.10182 0.9289175 -7.034436 14.96988 0.4810829 -7.187038 15.05982 0.4829576 -6.967217 15.08109 0.09633186 -7.213687 15.15027 0.09218254 -6.996499 15.06018 1.120543 -7.125496 15.06206 1.257809 -7.127851 15.03686 1.489086 -7.117585 15.00076 1.580116 -7.101551 15.02937 1.426992 -7.191376 15.08959 1.427916 -7.064352 14.99876 1.398269 -7.299802 15.15265 1.393956 -6.972762 14.99844 1.115253 -7.349046 15.22639 1.116369 -6.967133 14.9638 0.8641571 -7.363605 15.2268 0.8641362 -6.93817 14.93028 0.01657524 -7.191336 15.04968 0.01190438 -6.882298 14.92403 1.660986 -7.101561 14.94914 1.659891 -7.043244 0 0 0 14.93863 0.8406742 -7.34525 14.91936 0.8139405 -7.316861 14.91437 0.7868977 -7.300975 14.91606 0.7708206 -7.346299 14.90643 0.7294303 -7.347349 14.90255 0.7050474 -7.341846 14.93325 0.7619563 -7.35515 14.92743 0.7134717 -7.352014 14.92629 0.6875383 -7.344726 14.95358 0.7590827 -7.357871 14.94862 0.7159647 -7.356439 14.94722 0.6898513 -7.350924 14.97388 0.7587182 -7.35978 14.97046 0.7231038 -7.358174 14.96943 0.7040769 -7.356241 15.20011 0.837282 -6.928748 15.16644 0.8097521 -6.929482 15.15311 0.7820029 -6.937284 15.19488 0.7649402 -6.917383 15.18604 0.7234132 -6.919469 15.17293 0.7033404 -6.927545 15.21175 0.75862 -6.92869 15.20202 0.7122243 -6.940821 15.18875 0.6932693 -6.954662 15.22446 0.7586593 -6.945042 15.21858 0.7169251 -6.955507 15.2077 0.6960491 -6.96816 15.23627 0.7611776 -6.961482 15.23172 0.7268847 -6.970757 15.22572 0.7106578 -6.978971 0 0 0 0 0 0
23 15.0693 0.9539939 -7.092515 15.0447 0.9323114 -7.189152 15.1022 0.9346424 -6.997876 14.96954 0.4871065 -7.183009 15.05659 0.4862899 -6.954925 15.07622 0.1022859 -7.218725 15.15013 0.09823575 -7.002224 15.07025 1.125204 -7.094889 15.07 1.262497 -7.096108 15.03928 1.493263 -7.090398 14.99751 1.582761 -7.080814 15.04205 1.430761 -7.164172 15.08631 1.433351 -7.030766 15.02576 1.401148 -7.275421 15.13918 1.401909 -6.9321 15.03666 1.117972 -7.322493 15.21263 1.124749 -6.914463 15.01064 0.8659942 -7.339556 15.21293 0.8727471 -6.883552 14.9258 0.02174648 -7.196551 15.04874 0.0191417 -6.887895 14.92061 1.663474 -7.080847 14.94786 1.664474 -7.023493 0 0 0 14.98482 0.8407248 -7.324829 14.96349 0.8132413 -7.298718 14.9581 0.78598 -7.283346 14.96713 0.7696057 -7.329212 14.9601 0.7279279 -7.324676 14.9569 0.7055107 -7.313404 14.98588 0.761964 -7.335737 14.98281 0.7141159 -7.325959 14.98236 0.6912724 -7.311644 15.00653 0.7604167 -7.335741 15.00479 0.7177685 -7.327744 15.00458 0.6944611 -7.314668 15.02689 0.7613607 -7.334932 15.02597 0.7263435 -7.327474 15.02603 0.7088117 -7.319763 15.18592 0.8456089 -6.876063 15.15304 0.8173003 -6.879111 15.14107 0.7890581 -6.887348 15.18085 0.7734612 -6.86346 15.17365 0.7315748 -6.864283 15.16239 0.7103521 -6.872201 15.19884 0.7672079 -6.87294 15.19108 0.7199287 -6.882892 15.17982 0.6993579 -6.896194 15.21305 0.7671145 -6.887998 15.20795 0.7247312 -6.895967 15.19863 0.7024805 -6.907469 15.22634 0.7694796 -6.90329 15.22207 0.7347488 -6.910921 15.21684 0.7178859 -6.918344 0 0 0 0 0 0
24 15.07409 0.9495801 -7.081954 15.04359 0.9287937 -7.177093 15.11265 0.9293332 -6.989668 14.97848 0.4815963 -7.166141 15.06402 0.4813292 -6.946542 15.07805 0.09636834 -7.218904 15.14927 0.09251436 -7.002378 15.07536 1.120802 -7.082916 15.07784 1.258067 -7.084638 15.05339 1.48934 -7.072618 15.01693 1.580713 -7.059642 15.04806 1.428104 -7.147306 15.10406 1.427321 -7.018363 15.02041 1.400785 -7.256886 15.16221 1.390088 -6.924816 15.02255 1.118197 -7.308485 15.2422 1.114196 -6.921943 14.98864 0.867147 -7.325369 15.23557 0.8621367 -6.892227 14.92762 0.01600423 -7.196161 15.04903 0.01288631 -6.887412 14.94371 1.662929 -7.042134 14.98311 1.662889 -6.99233 0 0 0 14.96278 0.843854 -7.307745 14.94243 0.817222 -7.28002 14.93682 0.7902817 -7.264169 14.94024 0.7739919 -7.308931 14.92983 0.7328395 -7.311182 14.92518 0.7083557 -7.306844 14.95776 0.7650375 -7.317026 14.95063 0.7166722 -7.314892 14.94847 0.6905103 -7.308743 14.97817 0.762137 -7.31894 14.97203 0.7191547 -7.318121 14.96965 0.6929068 -7.313686 14.99853 0.761754 -7.320068 14.99402 0.7262599 -7.318486 14.99233 0.7072396 -7.317012 15.20939 0.8342178 -6.884663 15.17664 0.8056921 -6.886971 15.16424 0.7780105 -6.896379 15.2056 0.7612252 -6.877767 15.19964 0.7191712 -6.879463 15.18884 0.697457 -6.886654 15.22268 0.7559533 -6.889309 15.21578 0.7089295 -6.900957 15.20487 0.6878746 -6.913788 15.23548 0.7572509 -6.905531 15.23191 0.7150751 -6.915245 15.22371 0.692304 -6.926577 15.24734 0.7610089 -6.921697 15.24431 0.7264564 -6.930621 15.24005 0.7093071 -6.938005 0 0 0 0 0 0
25 15.06094 0.9520566 -7.133478 15.03138 0.9311299 -7.228884 15.09929 0.9321092 -7.041039 14.96761 0.4850969 -7.19674 15.05797 0.4869096 -6.969701 15.08046 0.1005342 -7.212216 15.1526 0.09699597 -6.99473 15.05922 1.123277 -7.133749 15.05676 1.26053 -7.136238 15.02281 1.490871 -7.131703 14.97987 1.579815 -7.122129 15.02302 1.427524 -7.204805 15.07354 1.432388 -7.073706 15.0019 1.396238 -7.314776 15.13192 1.403762 -6.977319 15.01371 1.113063 -7.361633 15.20801 1.127545 -6.956393 14.98937 0.8607897 -7.37668 15.21725 0.8762753 -6.921198 14.92992 0.02030393 -7.189684 15.05135 0.01741942 -6.88062 14.90387 1.661366 -7.121415 14.93244 1.662777 -7.064721 0 0 0 14.96423 0.836091 -7.359944 14.94417 0.8096887 -7.331792 14.93948 0.782897 -7.315399 14.94571 0.7650709 -7.361755 14.94026 0.7236951 -7.35367 14.93864 0.7026531 -7.339725 14.96399 0.7571104 -7.369184 14.96334 0.7100279 -7.355867 14.96489 0.6890903 -7.33895 14.98459 0.7553617 -7.370345 14.98535 0.7132514 -7.359761 14.98721 0.6916419 -7.344147 15.00497 0.7561241 -7.370732 15.00625 0.7213927 -7.362086 15.00776 0.7045757 -7.353045 15.19065 0.8492972 -6.91187 15.15748 0.8212397 -6.913824 15.14515 0.7928367 -6.920883 15.18655 0.777837 -6.895547 15.17594 0.7370746 -6.901278 15.16156 0.7200598 -6.913259 15.20444 0.7712815 -6.905016 15.19357 0.7261291 -6.920429 15.17903 0.7114606 -6.937767 15.21839 0.770559 -6.920299 15.21114 0.7299814 -6.933966 15.19803 0.7134328 -6.95035 15.23139 0.7722712 -6.935924 15.22615 0.7387875 -6.947503 15.21848 0.7249416 -6.958287 0 0 0 0 0 0
26 15.08899 0.9509295 -7.059196 15.06474 0.9299359 -7.156072 15.12164 0.9309229 -6.964607 14.97731 0.487063 -7.166718 15.0671 0.4822885 -6.938684 15.0711 0.1017424 -7.22565 15.14644 0.09492763 -7.010856 15.08958 1.122154 -7.060257 15.08882 1.25945 -7.060373 15.058 1.490021 -7.049549 15.01797 1.580007 -7.037456 15.0598 1.429033 -7.124609 15.10589 1.428959 -6.991801 15.04167 1.40178 -7.236177 15.15897 1.393617 -6.894583 15.05805 1.119394 -7.286309 15.24134 1.11871 -6.881734 15.03449 0.8674878 -7.307502 15.24607 0.8670813 -6.848246 14.92135 0.02000996 -7.20333 15.04611 0.01626077 -6.895315 14.94116 1.660012 -7.026134 14.97524 1.659943 -6.972548 0 0 0 15.00612 0.8436301 -7.295339 14.98188 0.8153776 -7.27284 14.97368 0.7873663 -7.260322 14.98226 0.7749765 -7.305684 14.9706 0.7347072 -7.312725 14.96448 0.7102196 -7.311063 15.00041 0.7661759 -7.312417 14.99108 0.7182269 -7.315308 14.98706 0.6918275 -7.311591 15.02083 0.76275 -7.312131 15.01275 0.7202101 -7.31542 15.00866 0.6938854 -7.313281 15.04117 0.7617618 -7.310843 15.03484 0.7265319 -7.312052 15.03207 0.7075806 -7.31188 15.22085 0.8381549 -6.841212 15.18977 0.8078619 -6.844059 15.17928 0.7793 -6.853161 15.22007 0.7652591 -6.832528 15.21761 0.7228373 -6.831365 15.20966 0.6994625 -6.836867 15.23793 0.7605134 -6.843076 15.23479 0.7123598 -6.851196 15.22684 0.6889992 -6.862062 15.25145 0.7620094 -6.858684 15.25063 0.7190066 -6.864678 15.2453 0.6943144 -6.873403 15.26392 0.7659197 -6.874348 15.26274 0.7306749 -6.880601 15.26024 0.7125328 -6.886209 0 0 0 0 0 0
27 15.0569 0.9497723 -7.137673 15.02266 0.9291286 -7.23156 15.09934 0.9294461 -7.047122 14.96824 0.4819832 -7.193821 15.05854 0.484561 -6.972431 15.08201 0.09745302 -7.210394 15.15159 0.09382691 -6.992781 15.05705 1.121001 -7.138031 15.05712 1.258257 -7.14144 15.0282 1.489204 -7.133886 14.98801 1.578898 -7.120259 15.02247 1.426235 -7.20709 15.08132 1.429428 -7.079461 14.99363 1.395904 -7.315565 15.14502 1.399027 -6.987065 14.9982 1.112513 -7.362381 15.21753 1.121458 -6.972229 14.96814 0.8607059 -7.374653 15.22344 0.8698448 -6.938812 14.93129 0.01773622 -7.187313 15.05092 0.01403966 -6.878305 14.91076 1.659266 -7.121901 14.93567 1.659304 -7.063482 0 0 0 14.94343 0.836937 -7.356039 14.92461 0.8104258 -7.327147 14.92018 0.7836279 -7.31069 14.92267 0.7665167 -7.355907 14.9146 0.72479 -7.355113 14.91164 0.7006677 -7.348096 14.94016 0.7579313 -7.364453 14.93621 0.7094349 -7.359257 14.93612 0.684009 -7.350286 14.96058 0.7555318 -7.366962 14.95735 0.7123449 -7.363747 14.95705 0.6866175 -7.356517 14.9809 0.7556552 -7.368709 14.97894 0.7200148 -7.36577 14.97874 0.7011107 -7.362702 15.1964 0.8435597 -6.928804 15.16236 0.8165008 -6.92959 15.14886 0.7886248 -6.936608 15.19059 0.7718925 -6.913976 15.1791 0.7312216 -6.918542 15.16413 0.713787 -6.929119 15.20775 0.7649733 -6.924476 15.19563 0.7198492 -6.939017 15.18051 0.7044281 -6.955162 15.2209 0.7641616 -6.940448 15.21286 0.7235132 -6.953443 15.1995 0.7061198 -6.968717 15.23317 0.7658234 -6.956657 15.22726 0.7322726 -6.967706 15.21949 0.717925 -6.977734 0 0 0 0 0 0
28 15.07867 0.9533997 -7.075332 15.05515 0.9309529 -7.172061 15.11034 0.9347599 -6.98013 14.96958 0.4879312 -7.17663 15.06083 0.4858354 -6.948518 15.07328 0.10368 -7.222634 15.14902 0.09809806 -7.007542 15.08042 1.124575 -7.079231 15.07913 1.261867 -7.079556 15.04775 1.49253 -7.073264 15.00625 1.582264 -7.064789 15.05193 1.430391 -7.147278 15.09391 1.432443 -7.013129 15.03774 1.401386 -7.258975 15.14499 1.40012 -6.913809 15.05153 1.118375 -7.306275 15.21779 1.122679 -6.898006 15.02733 0.8663602 -7.325353 15.21625 0.8705444 -6.868234 14.92344 0.02186742 -7.201204 15.04745 0.01957764 -6.892988 14.92944 1.663042 -7.063162 14.95811 1.664202 -7.006509 0 0 0 15.00136 0.8406107 -7.311765 14.9797 0.812025 -7.287161 14.97417 0.7843396 -7.272617 14.9846 0.7693781 -7.317671 14.9772 0.7275211 -7.318166 14.9735 0.7034934 -7.31118 15.00362 0.7620296 -7.323734 14.99955 0.7134772 -7.319199 14.99826 0.6883644 -7.309469 15.02428 0.7607014 -7.323138 15.02119 0.7175223 -7.319691 15.01999 0.6921617 -7.311344 15.04459 0.7618498 -7.321702 15.04242 0.7263553 -7.31745 15.04177 0.7077643 -7.312891 15.18921 0.8431176 -6.862004 15.15668 0.8145241 -6.866069 15.14514 0.78638 -6.875187 15.18416 0.7705919 -6.851788 15.1787 0.7284381 -6.851251 15.16915 0.7059466 -6.857793 15.2023 0.7646871 -6.861204 15.19621 0.7168824 -6.869699 15.18676 0.6945597 -6.881507 15.21673 0.7651087 -6.876051 15.21291 0.7222975 -6.882259 15.2056 0.6984351 -6.891813 15.23023 0.7679926 -6.891068 15.22667 0.7329497 -6.897552 15.22267 0.7152651 -6.903719 0 0 0 0 0 0
29 15.06476 0.9492843 -7.105383 15.03142 0.9284908 -7.19956 15.10606 0.9290399 -7.014287 14.97307 0.4807596 -7.177293 15.06101 0.4820029 -6.95801 15.07942 0.09574934 -7.216934 15.14931 0.09197714 -6.999579 15.06609 1.120505 -7.106425 15.06879 1.257761 -7.108534 15.04571 1.489198 -7.096967 15.0124 1.580992 -7.079349 15.03818 1.427649 -7.171207 15.09747 1.42719 -7.043746 15.00794 1.399937 -7.280001 15.15827 1.390605 -6.951639 15.00669 1.11703 -7.329855 15.23511 1.113808 -6.950187 14.97005 0.8662223 -7.344494 15.23078 0.8617471 -6.920064 14.92873 0.01577999 -7.194501 15.04889 0.01185616 -6.885122 14.93806 1.663654 -7.071034 14.96898 1.661492 -7.015607 0 0 0 14.94416 0.8433928 -7.326312 14.92403 0.8170305 -7.298174 14.91823 0.7900665 -7.28243 14.91973 0.7741718 -7.327605 14.9086 0.7331895 -7.329467 14.90375 0.7088227 -7.324714 14.93673 0.7648641 -7.336382 14.92902 0.7165967 -7.334066 14.92677 0.6905246 -7.327577 14.95698 0.7614506 -7.339003 14.95032 0.7185457 -7.338187 14.94781 0.6923627 -7.333453 14.97728 0.7605446 -7.340807 14.9724 0.7250866 -7.33953 14.97056 0.7060822 -7.338031 15.20457 0.8343439 -6.91089 15.17145 0.8061598 -6.911614 15.15857 0.778293 -6.919745 15.20045 0.7617203 -6.900957 15.19315 0.7198616 -6.902208 15.18112 0.698791 -6.909373 15.21727 0.7558635 -6.912584 15.20898 0.7089701 -6.923843 15.19676 0.6887092 -6.936772 15.22978 0.7564104 -6.929078 15.22513 0.7143032 -6.938629 15.21552 0.69223 -6.950233 15.24136 0.7594249 -6.945597 15.23765 0.7248698 -6.95425 15.23251 0.7080263 -6.961778 0 0 0 0 0 0
30 15.0637 0.9537656 -7.111756 15.03721 0.9325733 -7.207999 15.09891 0.9340371 -7.018027 14.96883 0.4864729 -7.189273 15.05605 0.486712 -6.962858 15.0778 0.101499 -7.217095 15.15106 0.09787222 -6.999971 15.06271 1.124989 -7.112752 15.06173 1.262274 -7.114388 15.02947 1.492832 -7.108779 14.98744 1.582218 -7.099278 15.03104 1.430088 -7.182382 15.07825 1.433474 -7.050012 15.01252 1.39987 -7.293118 15.13365 1.403172 -6.952386 15.02357 1.116843 -7.341041 15.20967 1.126782 -6.933598 14.99767 0.8648632 -7.358258 15.21396 0.8750454 -6.900876 14.92736 0.02104964 -7.194672 15.04963 0.01850208 -6.885875 14.91114 1.663495 -7.098594 14.93957 1.664901 -7.041828 0 0 0 14.97175 0.8400426 -7.342961 14.95044 0.813511 -7.315868 14.94493 0.7865092 -7.300085 14.95271 0.7692521 -7.346976 14.94651 0.7282098 -7.337801 14.94423 0.7081366 -7.322578 14.97116 0.7612851 -7.353929 14.96961 0.7146111 -7.339313 14.97041 0.6949828 -7.320846 14.99178 0.7593717 -7.354403 14.99201 0.7176501 -7.342358 14.99323 0.6973744 -7.324988 15.01217 0.759954 -7.354056 15.01297 0.7255664 -7.34408 15.01406 0.709567 -7.333608 15.18727 0.8479586 -6.89216 15.1544 0.8195583 -6.894453 15.14247 0.7910302 -6.901689 15.18304 0.7763928 -6.876341 15.17414 0.7349337 -6.879329 15.16119 0.7156807 -6.88941 15.20109 0.7699302 -6.885546 15.19197 0.723493 -6.89799 15.179 0.7057291 -6.91358 15.2153 0.7693281 -6.900596 15.20942 0.7276489 -6.911279 15.19815 0.7080779 -6.925569 15.22856 0.7711605 -6.915988 15.22417 0.7368789 -6.925379 15.21777 0.7213717 -6.93462 0 0 0 0 0 0
31 15.08434 0.9500853 -7.063985 15.05688 0.9293867 -7.160065 15.1201 0.929785 -6.970586 14.98184 0.4837388 -7.160429 15.06753 0.4813269 -6.938683 15.07566 0.09838989 -7.221385 15.14893 0.09351834 -7.005849 15.08504 1.121312 -7.064576 15.08591 1.258607 -7.065062 15.05795 1.489529 -7.053999 15.02003 1.580363 -7.04141 15.05655 1.428295 -7.128866 15.1071 1.428131 -6.997689 15.03434 1.400829 -7.239639 15.16213 1.391818 -6.901921 15.04459 1.118375 -7.290997 15.24555 1.117053 -6.893625 15.0167 0.8668551 -7.311516 15.24371 0.8650643 -6.862659 14.92537 0.01768061 -7.198943 15.04865 0.01436725 -6.890595 14.94583 1.662064 -7.02571 14.98343 1.661704 -6.974536 0 0 0 14.98899 0.8433991 -7.297224 14.96587 0.815984 -7.272618 14.95838 0.7884858 -7.258603 14.96525 0.7742219 -7.303606 14.95389 0.7335997 -7.308869 14.94818 0.7090885 -7.30632 14.9832 0.7652345 -7.310645 14.97444 0.7171002 -7.311594 14.97094 0.6907467 -7.3071 15.00364 0.7619396 -7.311001 14.99606 0.7192143 -7.312729 14.99246 0.6928846 -7.309894 15.02401 0.7611241 -7.31046 15.0182 0.7257857 -7.310632 15.01574 0.7067981 -7.310108 15.21811 0.8364177 -6.855885 15.18633 0.806883 -6.858996 15.17504 0.7788423 -6.868735 15.21612 0.7633241 -6.849312 15.21226 0.7209969 -6.850054 15.20315 0.6983371 -6.856632 15.23363 0.7585602 -6.860407 15.22903 0.7109755 -6.87085 15.2199 0.688673 -6.882935 15.24683 0.7602646 -6.876274 15.24502 0.7176847 -6.884612 15.23859 0.6938606 -6.894875 15.25901 0.7644032 -6.892103 15.2572 0.7295379 -6.900092 15.25405 0.7118594 -6.906753 0 0 0 0 0 0
32 15.05872 0.9507003 -7.141409 15.02629 0.9297461 -7.235867 15.09982 0.9307707 -7.050156 14.96779 0.4834035 -7.196864 15.05985 0.4864531 -6.972111 15.08207 0.09902718 -7.209251 15.15327 0.09582647 -6.991724 15.05715 1.121922 -7.141732 15.05513 1.259172 -7.144755 15.0221 1.489635 -7.139696 14.97945 1.578408 -7.127584 15.01969 1.426106 -7.212601 15.07453 1.431128 -7.083259 14.99478 1.394604 -7.321715 15.13622 1.402967 -6.988812 15.00454 1.111065 -7.36681 15.21097 1.126366 -6.96813 14.97857 0.8587641 -7.378232 15.22157 0.8751631 -6.932841 14.9316 0.01879915 -7.186263 15.05249 0.015996 -6.877372 14.90306 1.659597 -7.128156 14.92952 1.660071 -7.070431 0 0 0 14.95378 0.834585 -7.360255 14.93453 0.8083115 -7.331431 14.93014 0.781671 -7.314709 14.93456 0.7637306 -7.360281 14.92825 0.7219532 -7.355603 14.92625 0.6990855 -7.344975 14.95249 0.7554728 -7.368191 14.95076 0.7075016 -7.35869 14.95186 0.6839598 -7.345594 14.97303 0.7535031 -7.370019 14.9722 0.7106586 -7.362981 14.97334 0.6865726 -7.351455 14.99339 0.7540587 -7.371107 14.99344 0.7187214 -7.365278 14.99437 0.7005679 -7.359244 15.1949 0.8484851 -6.922876 15.16125 0.8209561 -6.924231 15.14831 0.7927874 -6.931138 15.19036 0.7770373 -6.906617 15.17815 0.7369847 -6.913948 15.16263 0.7216459 -6.926746 15.2079 0.7702903 -6.91657 15.19525 0.7262428 -6.933721 15.17952 0.7137342 -6.951693 15.22144 0.7694389 -6.932218 15.21278 0.729816 -6.947741 15.19832 0.7154351 -6.96501 15.23404 0.7710341 -6.948176 15.22782 0.7382357 -6.961148 15.21917 0.7256323 -6.972684 0 0 0 0 0 0
33 15.091 0.951877 -7.064488 15.06813 0.9305663 -7.161629 15.12231 0.9321806 -6.96938 14.9703 0.4902683 -7.176079 15.06571 0.484008 -6.942391 15.06285 0.1041112 -7.229574 15.14672 0.0967448 -7.012492 15.09162 1.123097 -7.066099 15.08777 1.260341 -7.06553 15.0538 1.490551 -7.056693 15.01206 1.580058 -7.047041 15.05812 1.429204 -7.131355 15.10109 1.430407 -6.997508 15.04302 1.401151 -7.243175 15.15282 1.397015 -6.898881 15.06088 1.118695 -7.292397 15.23125 1.121027 -6.884658 15.03874 0.8667093 -7.314172 15.23335 0.8689682 -6.85428 14.91759 0.01499911 -7.205846 15.04599 0.01746359 -6.897727 14.93426 1.659693 -7.041256 14.96541 1.660788 -6.985929 0 0 0 15.01172 0.8412465 -7.30218 14.98875 0.8121257 -7.279467 14.98209 0.7840045 -7.266294 14.99306 0.7708197 -7.311214 14.98434 0.7294969 -7.316054 14.97976 0.7048694 -7.312542 15.012 0.7631444 -7.317126 15.00605 0.7145734 -7.317365 15.00367 0.6883768 -7.31145 15.03259 0.7611803 -7.316115 15.0276 0.7180488 -7.316936 15.02522 0.6917989 -7.312511 15.05289 0.7616682 -7.314178 15.04906 0.7260698 -7.313257 15.04757 0.7070655 -7.311403 15.20704 0.8407984 -6.84826 15.17531 0.8113296 -6.85238 15.16451 0.7829716 -6.86174 15.20385 0.7680393 -6.839001 15.20021 0.7257068 -6.837687 15.19193 0.7025069 -6.843433 15.22207 0.7627128 -6.848607 15.21785 0.7145869 -6.856395 15.20971 0.6913633 -6.867408 15.23639 0.7636915 -6.863536 15.23432 0.7206648 -6.869039 15.22852 0.6960546 -6.877696 15.24971 0.767111 -6.878593 15.24749 0.7318667 -6.884559 15.24455 0.7137719 -6.890106 0 0 0 0 0 0
34 15.05922 0.9493183 -7.124895 15.02461 0.9287061 -7.218657 15.10182 0.9289175 -7.034436 14.96988 0.481083 -7.187038 15.05981 0.4829573 -6.967217 15.08109 0.09633216 -7.213687 15.15027 0.09218254 -6.9965 15.06018 1.120543 -7.125495 15.06206 1.257809 -7.127851 15.03686 1.489086 -7.117585 15.00076 1.580116 -7.10155 15.02937 1.426993 -7.191376 15.08959 1.427916 -7.064352 14.99876 1.39827 -7.299801 15.15265 1.393956 -6.972762 14.99844 1.115253 -7.349045 15.22639 1.116369 -6.967132 14.9638 0.8641574 -7.363605 15.2268 0.8641359 -6.938169 14.93028 0.01657548 -7.191336 15.04968 0.0119042 -6.882298 14.92403 1.660986 -7.101561 14.94914 1.659891 -7.043243 0 0 0 14.93863 0.8406744 -7.345249 14.91936 0.8139407 -7.31686 14.91437 0.7868978 -7.300975 14.91606 0.7708208 -7.346299 14.90643 0.7294306 -7.347349 14.90255 0.7050477 -7.341846 14.93325 0.7619565 -7.355149 14.92743 0.7134721 -7.352013 14.92629 0.6875384 -7.344725 14.95358 0.759083 -7.35787 14.94862 0.7159649 -7.356439 14.94722 0.6898515 -7.350923 14.97388 0.7587184 -7.35978 14.97046 0.723104 -7.358173 14.96943 0.7040771 -7.35624 15.20011 0.8372818 -6.928748 15.16644 0.8097519 -6.929482 15.15311 0.7820027 -6.937284 15.19488 0.76494 -6.917383 15.18604 0.723413 -6.919468 15.17293 0.7033402 -6.927545 15.21175 0.7586198 -6.928689 15.20202 0.7122241 -6.940821 15.18875 0.6932691 -6.954662 15.22446 0.7586592 -6.945042 15.21858 0.716925 -6.955507 15.2077 0.6960491 -6.96816 15.23627 0.7611773 -6.961482 15.23172 0.7268845 -6.970757 15.22572 0.7106578 -6.978971 0 0 0 0 0 0
35 15.0693 0.9539939 -7.092515 15.0447 0.9323114 -7.189152 15.1022 0.9346424 -6.997876 14.96954 0.4871065 -7.183009 15.05659 0.4862899 -6.954925 15.07622 0.1022859 -7.218725 15.15013 0.09823575 -7.002224 15.07025 1.125204 -7.094889 15.07 1.262497 -7.096108 15.03928 1.493263 -7.090398 14.99751 1.582761 -7.080814 15.04205 1.430761 -7.164172 15.08631 1.433351 -7.030766 15.02576 1.401148 -7.275421 15.13918 1.401909 -6.9321 15.03666 1.117972 -7.322493 15.21263 1.124749 -6.914463 15.01064 0.8659942 -7.339556 15.21293 0.8727471 -6.883552 14.9258 0.02174648 -7.196551 15.04874 0.0191417 -6.887895 14.92061 1.663474 -7.080847 14.94786 1.664474 -7.023493 0 0 0 14.98482 0.8407248 -7.324829 14.96349 0.8132413 -7.298718 14.9581 0.78598 -7.283346 14.96713 0.7696057 -7.329212 14.9601 0.7279279 -7.324676 14.9569 0.7055107 -7.313404 14.98588 0.761964 -7.335737 14.98281 0.7141159 -7.325959 14.98236 0.6912724 -7.311644 15.00653 0.7604167 -7.335741 15.00479 0.7177685 -7.327744 15.00458 0.6944611 -7.314668 15.02689 0.7613607 -7.334932 15.02597 0.7263435 -7.327474 15.02603 0.7088117 -7.319763 15.18592 0.8456089 -6.876063 15.15304 0.8173003 -6.879111 15.14107 0.7890581 -6.887348 15.18085 0.7734612 -6.86346 15.17365 0.7315748 -6.864283 15.16239 0.7103521 -6.872201 15.19884 0.7672079 -6.87294 15.19108 0.7199287 -6.882892 15.17982 0.6993579 -6.896194 15.21305 0.7671145 -6.887998 15.20795 0.7247312 -6.895967 15.19863 0.7024805 -6.907469 15.22634 0.7694796 -6.90329 15.22207 0.7347488 -6.910921 15.21684 0.7178859 -6.918344 0 0 0 0 0 0
36 15.07409 0.9495801 -7.081954 15.04359 0.9287937 -7.177093 15.11265 0.9293332 -6.989668 14.97848 0.4815963 -7.166141 15.06402 0.4813292 -6.946542 15.07805 0.09636834 -7.218904 15.14927 0.09251436 -7.002378 15.07536 1.120802 -7.082916 15.07784 1.258067 -7.084638 15.05339 1.48934 -7.072618 15.01693 1.580713 -7.059642 15.04806 1.428104 -7.147306 15.10406 1.427321 -7.018363 15.02041 1.400785 -7.256886 15.16221 1.390088 -6.924816 15.02255 1.118197 -7.308485 15.2422 1.114196 -6.921943 14.98864 0.867147 -7.325369 15.23557 0.8621367 -6.892227 14.92762 0.01600423 -7.196161 15.04903 0.01288631 -6.887412 14.94371 1.662929 -7.042134 14.98311 1.662889 -6.99233 0 0 0 14.96278 0.843854 -7.307745 14.94243 0.817222 -7.28002 14.93682 0.7902817 -7.264169 14.94024 0.7739919 -7.308931 14.92983 0.7328395 -7.311182 14.92518 0.7083557 -7.306844 14.95776 0.7650375 -7.317026 14.95063 0.7166722 -7.314892 14.94847 0.6905103 -7.308743 14.97817 0.762137 -7.31894 14.97203 0.7191547 -7.318121 14.96965 0.6929068 -7.313686 14.99853 0.761754 -7.320068 14.99402 0.7262599 -7.318486 14.99233 0.7072396 -7.317012 15.20939 0.8342178 -6.884663 15.17664 0.8056921 -6.886971 15.16424 0.7780105 -6.896379 15.2056 0.7612252 -6.877767 15.19964 0.7191712 -6.879463 15.18884 0.697457 -6.886654 15.22268 0.7559533 -6.889309 15.21578 0.7089295 -6.900957 15.20487 0.6878746 -6.913788 15.23548 0.7572509 -6.905531 15.23191 0.7150751 -6.915245 15.22371 0.692304 -6.926577 15.24734 0.7610089 -6.921697 15.24431 0.7264564 -6.930621 15.24005 0.7093071 -6.938005 0 0 0 0 0 0
37 15.06094 0.9520566 -7.133478 15.03138 0.9311299 -7.228883 15.09929 0.9321092 -7.041038 14.96761 0.4850971 -7.19674 15.05797 0.4869094 -6.9697 15.08046 0.1005344 -7.212217 15.1526 0.09699591 -6.99473 15.05922 1.123277 -7.133749 15.05676 1.26053 -7.136237 15.02281 1.490871 -7.131702 14.97987 1.579815 -7.122129 15.02302 1.427524 -7.204804 15.07354 1.432388 -7.073705 15.0019 1.396238 -7.314776 15.13192 1.403763 -6.977318 15.01371 1.113063 -7.361633 15.20801 1.127545 -6.956392 14.98937 0.8607897 -7.37668 15.21725 0.8762755 -6.921197 14.92992 0.02030405 -7.189684 15.05135 0.01741936 -6.88062 14.90387 1.661366 -7.121415 14.93244 1.662777 -7.06472 0 0 0 14.96423 0.836091 -7.359944 14.94417 0.8096887 -7.331791 14.93948 0.7828969 -7.315399 14.94571 0.765071 -7.361755 14.94026 0.7236951 -7.35367 14.93864 0.7026533 -7.339725 14.96399 0.7571101 -7.369184 14.96334 0.710028 -7.355866 14.96489 0.6890904 -7.33895 14.98459 0.7553617 -7.370345 14.98535 0.7132513 -7.359761 14.98721 0.6916421 -7.344147 15.00497 0.7561241 -7.370732 15.00625 0.7213926 -7.362086 15.00776 0.704576 -7.353045 15.19065 0.8492973 -6.911869 15.15748 0.8212398 -6.913824 15.14515 0.7928367 -6.920882 15.18655 0.7778372 -6.895546 15.17594 0.7370747 -6.901278 15.16156 0.7200599 -6.913258 15.20444 0.7712817 -6.905015 15.19357 0.7261291 -6.920429 15.17903 0.7114608 -6.937766 15.21839 0.7705593 -6.920299 15.21114 0.7299815 -6.933966 15.19803 0.7134329 -6.950349 15.23139 0.7722713 -6.935924 15.22615 0.7387876 -6.947502 15.21848 0.7249418 -6.958287 0 0 0 0 0 0
38 15.08899 0.9509293 -7.059196 15.06474 0.9299359 -7.156072 15.12164 0.9309227 -6.964607 14.97731 0.4870633 -7.166718 15.06711 0.4822886 -6.938684 15.07111 0.1017425 -7.22565 15.14644 0.09492757 -7.010856 15.08959 1.122154 -7.060257 15.08882 1.25945 -7.060373 15.058 1.490021 -7.049549 15.01797 1.580006 -7.037456 15.0598 1.429033 -7.124609 15.10589 1.428959 -6.991801 15.04167 1.40178 -7.236176 15.15898 1.393617 -6.894583 15.05805 1.119394 -7.286308 15.24134 1.11871 -6.881734 15.0345 0.8674876 -7.307502 15.24607 0.8670812 -6.848246 14.92135 0.02001037 -7.20333 15.04611 0.01626077 -6.895315 14.94116 1.660012 -7.026134 14.97524 1.659943 -6.972548 0 0 0 15.00612 0.84363 -7.295338 14.98189 0.8153775 -7.27284 14.97369 0.7873663 -7.260321 14.98226 0.7749764 -7.305683 14.9706 0.7347071 -7.312724 14.96448 0.7102196 -7.311062 15.00042 0.7661757 -7.312416 14.99109 0.7182269 -7.315307 14.98706 0.6918273 -7.31159 15.02084 0.7627499 -7.31213 15.01275 0.72021 -7.315419 15.00866 0.6938853 -7.31328 15.04117 0.7617617 -7.310842 15.03484 0.7265318 -7.31205 15.03207 0.7075803 -7.311878 15.22085 0.8381548 -6.841211 15.18977 0.8078617 -6.844059 15.17928 0.7792999 -6.85316 15.22008 0.765259 -6.832528 15.21762 0.722837 -6.831364 15.20966 0.6994624 -6.836867 15.23793 0.7605131 -6.843076 15.23479 0.7123596 -6.851196 15.22685 0.6889991 -6.862061 15.25145 0.7620094 -6.858683 15.25063 0.7190065 -6.864678 15.2453 0.6943143 -6.873403 15.26392 0.7659196 -6.874347 15.26274 0.7306747 -6.880601 15.26025 0.7125329 -6.886209 0 0 0 0 0 0
39 15.0569 0.9497724 -7.137673 15.02266 0.9291286 -7.231561 15.09934 0.9294462 -7.047122 14.96824 0.4819829 -7.193821 15.05854 0.4845611 -6.97243 15.08202 0.09745296 -7.210394 15.15159 0.09382691 -6.992781 15.05705 1.121001 -7.138031 15.05712 1.258257 -7.141441 15.0282 1.489204 -7.133887 14.98801 1.578898 -7.120261 15.02247 1.426235 -7.207091 15.08132 1.429428 -7.079462 14.99363 1.395904 -7.315566 15.14502 1.399027 -6.987065 14.9982 1.112513 -7.362381 15.21753 1.121458 -6.972229 14.96814 0.8607059 -7.374655 15.22344 0.8698452 -6.938811 14.93129 0.01773628 -7.187312 15.05092 0.0140396 -6.878305 14.91076 1.659266 -7.121902 14.93567 1.659304 -7.063484 0 0 0 14.94343 0.8369368 -7.35604 14.92461 0.8104256 -7.327147 14.92018 0.7836277 -7.31069 14.92268 0.7665166 -7.355908 14.9146 0.7247898 -7.355113 14.91164 0.7006676 -7.348096 14.94016 0.7579313 -7.364453 14.93621 0.7094349 -7.359258 14.93612 0.684009 -7.350287 14.96058 0.7555318 -7.366963 14.95735 0.7123448 -7.363748 14.95705 0.6866175 -7.356518 14.9809 0.755655 -7.36871 14.97894 0.7200146 -7.365771 14.97874 0.7011107 -7.362702 15.1964 0.84356 -6.928803 15.16236 0.816501 -6.929589 15.14886 0.7886251 -6.936607 15.19059 0.7718927 -6.913976 15.1791 0.731222 -6.918542 15.16413 0.7137875 -6.929118 15.20775 0.7649736 -6.924475 15.19563 0.7198496 -6.939017 15.18052 0.7044285 -6.955161 15.2209 0.7641619 -6.940447 15.21286 0.7235135 -6.953442 15.1995 0.7061203 -6.968716 15.23317 0.7658237 -6.956656 15.22726 0.7322729 -6.967705 15.21949 0.7179255 -6.977733 0 0 0 0 0 0
