Hips LeftUpperLeg RightUpperLeg LeftLowerLeg RightLowerLeg LeftFoot RightFoot Spine Chest Neck Head LeftShoulder RightShoulder LeftUpperArm RightUpperArm LeftLowerArm RightLowerArm LeftHand RightHand LeftToes RightToes LeftEye RightEye Jaw LeftThumbProximal LeftThumbIntermediate LeftThumbDistal LeftIndexProximal LeftIndexIntermediate LeftIndexDistal LeftMiddleProximal LeftMiddleIntermediate LeftMiddleDistal LeftRingProximal LeftRingIntermediate LeftRingDistal LeftLittleProximal LeftLittleIntermediate LeftLittleDistal RightThumbProximal RightThumbIntermediate RightThumbDistal RightIndexProximal RightIndexIntermediate RightIndexDistal RightMiddleProximal RightMiddleIntermediate RightMiddleDistal RightRingProximal RightRingIntermediate RightRingDistal RightLittleProximal RightLittleIntermediate RightLittleDistal UpperChest LastBone
0 8.530516 0.9632002 -3.850139 8.608811 0.9626178 -3.817116 8.45222 0.9637826 -3.883162 8.604418 0.5429563 -3.845851 8.518994 0.6029188 -4.088703 8.48852 0.1290481 -3.618889 8.492823 0.1203022 -4.037549 8.528723 1.072573 -3.843959 8.533148 1.223392 -3.855896 8.530952 1.469401 -3.857833 8.535278 1.54733 -3.865662 8.569239 1.416542 -3.840159 8.49127 1.415626 -3.868119 8.670948 1.397527 -3.801465 8.388344 1.395715 -3.902952 8.720942 1.159965 -3.775207 8.316452 1.168083 -3.85157 8.775434 0.9346007 -3.830202 8.272659 0.9346488 -3.832235 8.532864 0.004803799 -3.712503 8.518638 0.02469786 -4.165456 0 0 0 0 0 0 0 0 0 8.773533 0.9312215 -3.85358 8.770399 0.9043331 -3.882965 8.766714 0.870519 -3.900395 8.806017 0.8719708 -3.867004 8.821779 0.8394986 -3.873668 8.824524 0.8206149 -3.879605 8.810265 0.8643436 -3.845797 8.821535 0.8260101 -3.852456 8.819809 0.8038741 -3.858753 0 0 0 0 0 0 0 0 0 0 0 0 0 0 0 0 0 0 8.284604 0.9187666 -3.845144 8.296399 0.880916 -3.850097 8.301741 0.8437867 -3.842774 8.251386 0.8589246 -3.837293 8.238238 0.8253728 -3.830314 8.23873 0.806344 -3.824228 8.236297 0.8643516 -3.820898 8.224575 0.8276187 -3.808483 8.227493 0.8068844 -3.798777 0 0 0 0 0 0 0 0 0 0 0 0 0 0 0 0 0 0 0 0 0 0 0 0
1 8.605013 0.9667414 -4.042711 8.677794 0.9596214 -3.999429 8.532232 0.9738614 -4.085993 8.768191 0.5823134 -4.161895 8.597976 0.5752972 -4.205382 8.59387 0.2258285 -3.881268 8.554749 0.09820811 -4.119317 8.610134 1.075785 -4.033384 8.613172 1.226447 -4.047537 8.609782 1.472431 -4.050618 8.613644 1.550363 -4.058664 8.644894 1.41987 -4.026602 8.572727 1.418367 -4.067238 8.740612 1.405109 -3.973463 8.478058 1.400345 -4.121245 8.775756 1.169138 -3.921428 8.400112 1.169924 -4.099897 8.829849 0.9393241 -3.953714 8.369831 0.9343167 -4.118749 8.608138 0.06470235 -3.882531 8.604755 -0.001298636 -4.23664 0 0 0 0 0 0 0 0 0 8.830359 0.9319184 -3.976219 8.829014 0.8989738 -3.998783 8.825478 0.8623095 -4.008981 8.860974 0.8702095 -3.975316 8.877021 0.8372474 -3.973494 8.880983 0.8177124 -3.974924 8.862455 0.8663282 -3.952762 8.870651 0.8267174 -3.95061 8.867066 0.8040287 -3.952849 0 0 0 0 0 0 0 0 0 0 0 0 0 0 0 0 0 0 8.385885 0.9209164 -4.129896 8.400625 0.8844525 -4.136927 8.406201 0.8467093 -4.134668 8.355442 0.8601766 -4.141298 8.342287 0.8261783 -4.145583 8.341055 0.8062841 -4.144141 8.336011 0.8626525 -4.129373 8.322524 0.8244745 -4.128189 8.322385 0.802066 -4.122668 0 0 0 0 0 0 0 0 0 0 0 0 0 0 0 0 0 0 0 0 0 0 0 0
2 8.80391 0.9594238 -4.341379 8.874983 0.9515873 -4.295461 8.732838 0.9672601 -4.387297 9.026291 0.6096476 -4.489445 8.743584 0.544225 -4.370356 9.041588 0.1255688 -4.537879 8.661209 0.09798024 -4.187192 8.811178 1.068496 -4.334013 8.811602 1.219211 -4.347913 8.816081 1.464975 -4.358356 8.823591 1.542227 -4.369704 8.845881 1.412322 -4.328157 8.780113 1.411381 -4.37851 8.933482 1.400329 -4.261933 8.692835 1.39832 -4.444961 8.929842 1.177808 -4.161452 8.625805 1.165318 -4.473978 8.963372 0.9425693 -4.143533 8.649632 0.9484365 -4.569778 9.152 0.06329747 -4.638369 8.72506 -0.001849327 -4.297301 0 0 0 0 0 0 0 0 0 8.966041 0.9293872 -4.163043 8.962317 0.8934112 -4.180019 8.954178 0.8565286 -4.185867 8.983101 0.8662944 -4.141265 8.98966 0.8318995 -4.130252 8.988111 0.8121485 -4.12763 8.980086 0.8684537 -4.118633 8.981011 0.830034 -4.105831 8.974442 0.8080614 -4.103244 0 0 0 0 0 0 0 0 0 0 0 0 0 0 0 0 0 0 8.671072 0.944575 -4.579103 8.697919 0.9197387 -4.595187 8.715393 0.8880698 -4.607536 8.663427 0.8925906 -4.62366 8.662178 0.8633302 -4.645786 8.666388 0.8453071 -4.653324 8.641887 0.8860876 -4.619226 8.640366 0.8506095 -4.638716 8.645615 0.8286158 -4.643337 0 0 0 0 0 0 0 0 0 0 0 0 0 0 0 0 0 0 0 0 0 0 0 0
3 8.97866 0.9782554 -4.681673 9.047338 0.9749832 -4.631735 8.909983 0.9815276 -4.731611 9.167606 0.5930001 -4.761671 8.928448 0.5605885 -4.753368 9.143349 0.1099969 -4.70893 8.840687 0.1139346 -4.578855 8.979115 1.087621 -4.675134 8.985532 1.238242 -4.688574 8.989298 1.484226 -4.691147 8.994017 1.562371 -4.696056 9.018717 1.430735 -4.66207 8.953915 1.431187 -4.713667 9.100651 1.409423 -4.591103 8.867395 1.407849 -4.778267 9.105187 1.176153 -4.519067 8.799662 1.173628 -4.791597 9.13302 0.9403012 -4.499516 8.788261 0.9420106 -4.846428 9.249173 0.02388836 -4.795838 8.870598 0.002462424 -4.692196 0 0 0 0 0 0 0 0 0 9.140602 0.9283932 -4.51855 9.145147 0.8928204 -4.536163 9.141812 0.8552877 -4.542561 9.15766 0.8655089 -4.496175 9.167018 0.8328418 -4.482297 9.16876 0.8133577 -4.478209 9.14995 0.8662442 -4.474589 9.15492 0.8284516 -4.460883 9.153563 0.8057008 -4.457251 0 0 0 0 0 0 0 0 0 0 0 0 0 0 0 0 0 0 8.806579 0.9336108 -4.858898 8.826984 0.9019859 -4.872308 8.837223 0.8653173 -4.875675 8.787339 0.871466 -4.881569 8.77763 0.8376652 -4.892083 8.778107 0.8178087 -4.894289 8.767582 0.8685586 -4.870295 8.758839 0.8295881 -4.877056 8.760478 0.8065735 -4.876541 0 0 0 0 0 0 0 0 0 0 0 0 0 0 0 0 0 0 0 0 0 0 0 0
4 8.995295 0.9938464 -4.691625 9.061187 0.9934235 -4.637968 8.929402 0.9942688 -4.745283 9.124302 0.5790481 -4.69907 8.967772 0.5797958 -4.811113 9.105687 0.1000047 -4.600463 8.884548 0.1191859 -4.676868 8.99168 1.10322 -4.686325 8.999881 1.254027 -4.696239 9.000151 1.500053 -4.695362 9.002933 1.578417 -4.697413 9.030647 1.446583 -4.667376 8.965267 1.446836 -4.718238 9.111992 1.422687 -4.596555 8.878755 1.416833 -4.780037 9.130445 1.18524 -4.542675 8.806748 1.184086 -4.763631 9.158344 0.9494089 -4.522975 8.783569 0.9485098 -4.791007 9.198184 0.0006085113 -4.688392 8.911772 0.00478337 -4.787944 0 0 0 0 0 0 0 0 0 9.166413 0.939207 -4.542783 9.172342 0.9049029 -4.562389 9.170423 0.8677058 -4.570959 9.186014 0.8756323 -4.52489 9.197563 0.8439149 -4.51047 9.201324 0.8249616 -4.505372 9.17827 0.8745121 -4.503332 9.187393 0.8375388 -4.489526 9.189962 0.815183 -4.484403 0 0 0 0 0 0 0 0 0 0 0 0 0 0 0 0 0 0 8.799556 0.9371297 -4.804292 8.817867 0.9029093 -4.813779 8.827387 0.8661739 -4.809237 8.778379 0.8716635 -4.807739 8.766804 0.8368313 -4.807584 8.766989 0.8170465 -4.804771 8.761099 0.8717975 -4.792664 8.751554 0.8327064 -4.788013 8.753321 0.8104312 -4.782239 0 0 0 0 0 0 0 0 0 0 0 0 0 0 0 0 0 0 0 0 0 0 0 0
5 9.023913 0.998336 -4.693281 9.090639 0.9983029 -4.640662 8.957188 0.998369 -4.7459 9.128124 0.5772688 -4.684712 8.988705 0.583084 -4.81743 9.094507 0.09734907 -4.586274 8.912251 0.1109949 -4.718935 9.019583 1.107671 -4.687721 9.027681 1.258628 -4.695128 9.024824 1.504618 -4.691934 9.027309 1.583015 -4.692682 9.057314 1.451313 -4.665948 8.989572 1.451145 -4.713617 9.142253 1.427071 -4.599604 8.900928 1.41908 -4.771219 9.172203 1.188981 -4.554431 8.832515 1.18598 -4.746546 9.205641 0.9535677 -4.538761 8.81128 0.9496157 -4.768085 9.190061 -0.001894049 -4.67105 8.937378 0.003880002 -4.837518 0 0 0 0 0 0 0 0 0 9.211546 0.9439324 -4.55959 9.214702 0.9102032 -4.580773 9.210928 0.8733482 -4.590167 9.231194 0.8793455 -4.545857 9.242692 0.8467641 -4.533466 9.245958 0.827472 -4.529402 9.225502 0.8775976 -4.52371 9.234743 0.8400193 -4.511741 9.237057 0.817458 -4.507465 0 0 0 0 0 0 0 0 0 0 0 0 0 0 0 0 0 0 8.826687 0.9380118 -4.781853 8.845028 0.9037918 -4.791282 8.855267 0.867395 -4.785695 8.806622 0.8721067 -4.781612 8.796686 0.8368868 -4.778759 8.798397 0.8173972 -4.774685 8.790245 0.8725207 -4.765563 8.782751 0.8334472 -4.757952 8.786398 0.8118191 -4.750771 0 0 0 0 0 0 0 0 0 0 0 0 0 0 0 0 0 0 0 0 0 0 0 0
6 9.048854 0.9997539 -4.68653 9.117719 0.9994279 -4.636744 8.979989 1.00008 -4.736316 9.142248 0.5776463 -4.683196 8.995173 0.5807582 -4.803227 9.092837 0.09819075 -4.588947 8.922323 0.09975301 -4.737139 9.044989 1.109079 -4.680468 9.052655 1.260064 -4.687771 9.049476 1.506022 -4.682866 9.048815 1.584442 -4.684536 9.083117 1.452621 -4.658599 9.013451 1.452614 -4.703411 9.170174 1.427648 -4.595344 8.922311 1.420307 -4.756829 9.203093 1.189066 -4.555098 8.856921 1.186592 -4.729876 9.23842 0.9537267 -4.542841 8.832187 0.9502166 -4.747132 9.188204 -0.001779489 -4.673077 8.947032 -0.0005245283 -4.86164 0 0 0 0 0 0 0 0 0 9.243893 0.9445536 -4.563994 9.247375 0.9112824 -4.58584 9.244386 0.8744615 -4.595641 9.265908 0.8804107 -4.551866 9.278206 0.8478684 -4.540159 9.281712 0.8285396 -4.536488 9.261032 0.8781955 -4.529567 9.271396 0.8407019 -4.518268 9.274186 0.8181276 -4.514362 0 0 0 0 0 0 0 0 0 0 0 0 0 0 0 0 0 0 8.84666 0.9386889 -4.761938 8.864208 0.9045414 -4.772997 8.874338 0.8679609 -4.768524 8.825727 0.873054 -4.761846 8.816596 0.8376833 -4.758263 8.819373 0.8183442 -4.75406 8.810254 0.8733626 -4.744922 8.803834 0.8342244 -4.736686 8.808897 0.8129044 -4.729443 0 0 0 0 0 0 0 0 0 0 0 0 0 0 0 0 0 0 0 0 0 0 0 0
8 9.050618 0.9549561 -4.67023 9.115497 0.9521019 -4.615424 8.98574 0.9578103 -4.725037 9.148226 0.535661 -4.664759 9.106352 0.5871056 -4.883955 8.94432 0.1651752 -4.42521 9.089949 0.1015488 -4.85984 9.050814 1.064381 -4.664764 9.058145 1.214614 -4.68164 9.05632 1.460504 -4.689654 9.062594 1.538235 -4.698107 9.087991 1.408321 -4.660565 9.021315 1.406226 -4.709671 9.175005 1.393285 -4.594187 8.932157 1.385763 -4.771605 9.225456 1.157267 -4.557107 8.838047 1.167325 -4.716351 9.301769 0.9342926 -4.592342 8.783044 0.9365602 -4.693873 8.975912 0.01043214 -4.460185 9.156235 0.007177681 -4.973273 0 0 0 0 0 0 0 0 0 9.307515 0.9317203 -4.615189 9.313601 0.9045687 -4.64386 9.31618 0.8712134 -4.662341 9.345218 0.8741887 -4.619025 9.364399 0.8428974 -4.619514 9.371086 0.824428 -4.623191 9.342878 0.8659323 -4.597758 9.357351 0.8282406 -4.601028 9.358749 0.8062307 -4.60783 0 0 0 0 0 0 0 0 0 0 0 0 0 0 0 0 0 0 8.796805 0.9192682 -4.702428 8.808632 0.8811127 -4.701652 8.812032 0.8447352 -4.690432 8.761064 0.8608743 -4.694758 8.746379 0.8283141 -4.686303 8.745666 0.8102194 -4.67785 8.743261 0.8681827 -4.682285 8.729079 0.8330439 -4.667968 8.730568 0.8138357 -4.655261 0 0 0 0 0 0 0 0 0 0 0 0 0 0 0 0 0 0 0 0 0 0 0 0
9 9.161301 0.9922883 -4.856863 9.228127 0.9915431 -4.804377 9.094475 0.9930333 -4.909349 9.285845 0.5856566 -4.898481 9.136589 0.5776994 -4.978392 9.180098 0.1315644 -4.761216 9.077122 0.100831 -4.888371 9.157854 1.101635 -4.850924 9.167065 1.252474 -4.859344 9.169481 1.498475 -4.856663 9.172853 1.576609 -4.862719 9.199594 1.444537 -4.829164 9.134066 1.445733 -4.879822 9.282495 1.421419 -4.759907 9.046402 1.421768 -4.942626 9.310039 1.182922 -4.71535 8.978143 1.187338 -4.94553 9.341581 0.9470543 -4.702932 8.967576 0.9540067 -4.992728 9.275707 0.01480604 -4.819467 9.132395 0.00240723 -5.004235 0 0 0 0 0 0 0 0 0 9.346952 0.9363285 -4.72337 9.34948 0.9020119 -4.743674 9.34577 0.8648278 -4.751696 9.36866 0.8731267 -4.706625 9.376433 0.838265 -4.698167 9.375204 0.8183195 -4.697967 9.363829 0.8725755 -4.684214 9.367763 0.8331726 -4.675683 9.363333 0.8105261 -4.676067 0 0 0 0 0 0 0 0 0 0 0 0 0 0 0 0 0 0 8.985562 0.9452365 -5.005422 9.006414 0.9136426 -5.018204 9.017159 0.8769796 -5.019275 8.967343 0.8810322 -5.02251 8.960624 0.8453943 -5.028174 8.9641 0.8257429 -5.027122 8.948235 0.8784003 -5.010107 8.943199 0.8382249 -5.011302 8.948578 0.8162027 -5.006975 0 0 0 0 0 0 0 0 0 0 0 0 0 0 0 0 0 0 0 0 0 0 0 0
10 9.196887 0.9927463 -4.913642 9.267723 0.992933 -4.866703 9.126051 0.9925597 -4.960581 9.276718 0.5775142 -4.952738 9.12442 0.5860213 -5.074454 9.180249 0.09882321 -4.908636 9.075438 0.1084155 -4.988027 9.195139 1.102272 -4.91144 9.223562 1.250682 -4.920102 9.241014 1.496071 -4.923056 9.246129 1.574034 -4.930026 9.272198 1.440655 -4.900057 9.199039 1.445395 -4.938619 9.363436 1.412009 -4.84475 9.09975 1.426347 -4.98314 9.376476 1.174301 -4.79044 9.020361 1.195451 -4.980039 9.387812 0.9388139 -4.755796 9.002972 0.9652349 -5.039039 9.299387 0.009190641 -4.971396 9.025658 0.01710507 -5.111927 0 0 0 0 0 0 0 0 0 9.388466 0.9257841 -4.775579 9.383511 0.8901743 -4.793007 9.373899 0.8534051 -4.797059 9.403937 0.8616633 -4.755698 9.406946 0.8267488 -4.74478 9.401964 0.8075204 -4.742584 9.402623 0.8636584 -4.73289 9.402171 0.8248236 -4.721379 9.394289 0.8032427 -4.719194 0 0 0 0 0 0 0 0 0 0 0 0 0 0 0 0 0 0 9.017529 0.958667 -5.056546 9.035297 0.9295493 -5.07735 9.045691 0.8935127 -5.084705 8.996208 0.896344 -5.07673 8.988608 0.8612401 -5.084296 8.992513 0.8417186 -5.086041 8.980562 0.8915923 -5.060649 8.975819 0.8516261 -5.065236 8.982431 0.8295194 -5.064766 0 0 0 0 0 0 0 0 0 0 0 0 0 0 0 0 0 0 0 0 0 0 0 0
11 9.218216 0.9968121 -4.934979 9.302211 0.9968567 -4.922099 9.134221 0.9967674 -4.947859 9.299629 0.5780643 -4.990682 9.103626 0.5839661 -5.031959 9.273938 0.09815326 -4.893331 9.101131 0.1104794 -4.913602 9.217207 1.106194 -4.928779 9.231167 1.25627 -4.94259 9.239664 1.502141 -4.944695 9.241282 1.580341 -4.950623 9.278921 1.44747 -4.938205 9.196293 1.450281 -4.943332 9.385098 1.420035 -4.924873 9.088812 1.424761 -4.94283 9.422853 1.181501 -4.888806 9.026606 1.193677 -4.894299 9.45207 0.9455647 -4.872579 8.983897 0.9602776 -4.91629 9.346134 0.0001924261 -4.999906 9.031462 0.004563116 -5.014074 0 0 0 0 0 0 0 0 0 9.446541 0.933933 -4.892471 9.438533 0.8987636 -4.909656 9.430758 0.8614858 -4.912923 9.471479 0.8701665 -4.884852 9.484891 0.8366979 -4.877977 9.486818 0.8170156 -4.875102 9.47805 0.870575 -4.862885 9.489185 0.8324549 -4.854904 9.489683 0.8096736 -4.851242 0 0 0 0 0 0 0 0 0 0 0 0 0 0 0 0 0 0 8.988641 0.950519 -4.937358 8.995657 0.9177787 -4.959156 9.003265 0.8806877 -4.964365 8.964462 0.8860759 -4.934421 8.954163 0.8510066 -4.931051 8.956036 0.8311109 -4.930895 8.958838 0.884461 -4.912247 8.952584 0.8447765 -4.907063 8.95751 0.8222619 -4.905849 0 0 0 0 0 0 0 0 0 0 0 0 0 0 0 0 0 0 0 0 0 0 0 0
12 9.192807 1.000169 -4.948688 9.277752 0.9999875 -4.951039 9.107862 1.00035 -4.946337 9.281656 0.5780913 -5.004958 9.089693 0.5810351 -5.008869 9.326326 0.09797063 -4.909892 9.098685 0.1019305 -4.905006 9.193233 1.109507 -4.941704 9.194593 1.260421 -4.953177 9.19495 1.506422 -4.949679 9.196575 1.584808 -4.952128 9.236437 1.45303 -4.950361 9.153879 1.453054 -4.943582 9.344023 1.428101 -4.953075 9.049168 1.420337 -4.930589 9.394413 1.189737 -4.9367 9.01204 1.187632 -4.8666 9.430096 0.9542111 -4.942792 8.981157 0.9513497 -4.86643 9.345055 -0.001243867 -5.036274 9.036819 0.001074813 -5.015313 0 0 0 0 0 0 0 0 0 9.421888 0.944549 -4.962813 9.411402 0.9107847 -4.981423 9.402754 0.873895 -4.986433 9.445953 0.8800104 -4.964123 9.462975 0.8476111 -4.961321 9.468317 0.8283961 -4.960047 9.455166 0.8782917 -4.943192 9.470421 0.8409376 -4.939617 9.475468 0.8184944 -4.937754 0 0 0 0 0 0 0 0 0 0 0 0 0 0 0 0 0 0 8.983664 0.9394856 -4.88679 8.991517 0.9050521 -4.905471 9.003403 0.8687724 -4.90728 8.969774 0.8735802 -4.872311 8.964216 0.8385765 -4.862762 8.968034 0.8191112 -4.860332 8.968219 0.8743016 -4.849442 8.967611 0.8354293 -4.838065 8.974792 0.8137718 -4.834599 0 0 0 0 0 0 0 0 0 0 0 0 0 0 0 0 0 0 0 0 0 0 0 0
13 9.215006 0.9997031 -4.954697 9.299696 0.9996224 -4.961671 9.130316 0.9997836 -4.947723 9.297882 0.5776398 -5.014754 9.107864 0.5796123 -5.005726 9.33214 0.09718903 -4.917266 9.113087 0.09956361 -4.903753 9.215715 1.109015 -4.947343 9.214062 1.260008 -4.957681 9.211521 1.505958 -4.95209 9.211014 1.584387 -4.953353 9.253613 1.453097 -4.954574 9.171326 1.452032 -4.945122 9.361231 1.428862 -4.960456 9.067377 1.418381 -4.928811 9.415545 1.191129 -4.947895 9.036129 1.184058 -4.867643 9.451371 0.9560429 -4.963192 9.009071 0.9473599 -4.862672 9.352533 -0.001379631 -5.043896 9.044464 -0.000819616 -5.010435 0 0 0 0 0 0 0 0 0 9.44249 0.9471411 -4.983277 9.431394 0.9142385 -5.003041 9.422657 0.8775244 -5.009084 9.466608 0.882777 -4.987934 9.482969 0.849943 -4.986705 9.487484 0.8304818 -4.986206 9.476545 0.8802744 -4.967418 9.491007 0.842494 -4.965343 9.495011 0.8197919 -4.964234 0 0 0 0 0 0 0 0 0 0 0 0 0 0 0 0 0 0 9.011124 0.9355296 -4.883102 9.018345 0.9011253 -4.90209 9.029604 0.8646854 -4.90456 8.996056 0.8698603 -4.868728 8.991388 0.8346582 -4.859437 8.996042 0.8153291 -4.857411 8.994754 0.8705214 -4.845841 8.994928 0.8315517 -4.834787 9.003078 0.8101568 -4.831875 0 0 0 0 0 0 0 0 0 0 0 0 0 0 0 0 0 0 0 0 0 0 0 0
14 9.238641 0.9995083 -4.956726 9.323315 0.9998464 -4.963894 9.153967 0.9991701 -4.949557 9.313389 0.5781738 -5.017592 9.118849 0.5826276 -5.01801 9.328229 0.09751495 -4.916979 9.111839 0.1058039 -4.907798 9.238833 1.108818 -4.949295 9.236899 1.259769 -4.960176 9.235081 1.505743 -4.955409 9.233698 1.584136 -4.957758 9.277021 1.452747 -4.957582 9.194702 1.451961 -4.948391 9.384524 1.427865 -4.962831 9.090412 1.419907 -4.931074 9.438587 1.190125 -4.949351 9.057364 1.184688 -4.874464 9.474766 0.9550315 -4.963665 9.029795 0.9481519 -4.865895 9.351508 -0.0008242503 -5.043289 9.044241 6.874651E-05 -5.009863 0 0 0 0 0 0 0 0 0 9.466053 0.9457403 -4.983648 9.455141 0.9125586 -5.003045 9.446558 0.8757213 -5.008531 9.490545 0.8814399 -4.987064 9.50623 0.8483222 -4.984944 9.509977 0.8287173 -4.983953 9.500374 0.8793415 -4.96645 9.514083 0.8413561 -4.96329 9.517123 0.8185441 -4.961555 0 0 0 0 0 0 0 0 0 0 0 0 0 0 0 0 0 0 9.031784 0.9366776 -4.886534 9.038601 0.9026256 -4.906291 9.049185 0.8660551 -4.909659 9.015122 0.8710952 -4.873594 9.010962 0.8356078 -4.865189 9.016317 0.8164068 -4.86377 9.013612 0.8713403 -4.850712 9.014227 0.8321241 -4.840585 9.023223 0.8109829 -4.838402 0 0 0 0 0 0 0 0 0 0 0 0 0 0 0 0 0 0 0 0 0 0 0 0
15 9.255885 1.000654 -4.95673 9.340683 1.001006 -4.962231 9.171087 1.000302 -4.951229 9.324327 0.5794404 -5.015875 9.132407 0.5855944 -5.025601 9.324978 0.09838893 -4.91556 9.100752 0.1116629 -4.909898 9.25589 1.109987 -4.949651 9.256046 1.260879 -4.961485 9.257177 1.506888 -4.958767 9.259041 1.585173 -4.96335 9.298492 1.45337 -4.959822 9.216031 1.453662 -4.951967 9.405733 1.427062 -4.963119 9.11082 1.424543 -4.935045 9.456898 1.188813 -4.947481 9.071001 1.189286 -4.883147 9.490828 0.9531795 -4.957891 9.038093 0.9535141 -4.872574 9.346628 0.0001614913 -5.042246 9.04005 0.004803918 -5.015079 0 0 0 0 0 0 0 0 0 9.482073 0.9437054 -4.977769 9.470316 0.9104937 -4.996613 9.460621 0.873843 -5.001458 9.50465 0.8786398 -4.979454 9.518806 0.8449344 -4.97616 9.521486 0.8251964 -4.974547 9.514167 0.8767135 -4.958677 9.526184 0.8382854 -4.954238 9.527956 0.8154039 -4.951802 0 0 0 0 0 0 0 0 0 0 0 0 0 0 0 0 0 0 9.040333 0.942454 -4.893412 9.046758 0.9088516 -4.91405 9.056154 0.8720429 -4.918242 9.020387 0.8773842 -4.882726 9.017839 0.8414494 -4.87569 9.025208 0.8228797 -4.875174 9.018056 0.8771552 -4.859912 9.020212 0.8376595 -4.851178 9.03161 0.8176187 -4.850136 0 0 0 0 0 0 0 0 0 0 0 0 0 0 0 0 0 0 0 0 0 0 0 0
16 9.261833 1.001767 -4.954386 9.346753 1.001805 -4.957515 9.176913 1.001729 -4.951257 9.329132 0.5807771 -5.013792 9.13404 0.5852447 -5.018476 9.323805 0.09984984 -4.913825 9.0919 0.1087254 -4.912503 9.262007 1.111163 -4.948362 9.263965 1.261863 -4.962289 9.268908 1.507841 -4.962437 9.272087 1.585976 -4.96858 9.30938 1.453681 -4.961432 9.226711 1.455345 -4.956435 9.416306 1.425939 -4.960707 9.120449 1.428598 -4.942417 9.463367 1.187081 -4.941818 9.074564 1.194183 -4.891733 9.494683 0.9509332 -4.947875 9.037259 0.9592095 -4.878359 9.343855 0.001109205 -5.040375 9.034542 0.005654715 -5.023198 0 0 0 0 0 0 0 0 0 9.486479 0.941202 -4.967864 9.47473 0.9080086 -4.986744 9.464566 0.8714672 -4.991454 9.508312 0.8758616 -4.967643 9.519446 0.8411785 -4.963128 9.519491 0.8213035 -4.96104 9.517111 0.8742024 -4.946529 9.525861 0.8350745 -4.94076 9.524366 0.8122371 -4.937784 0 0 0 0 0 0 0 0 0 0 0 0 0 0 0 0 0 0 9.03993 0.9479031 -4.899014 9.04657 0.9142133 -4.919439 9.055426 0.8772298 -4.923257 9.017838 0.8834996 -4.888514 9.017973 0.8474641 -4.881532 9.027927 0.830139 -4.881191 9.014698 0.8835419 -4.865796 9.019487 0.844263 -4.857132 9.033843 0.8262018 -4.856531 0 0 0 0 0 0 0 0 0 0 0 0 0 0 0 0 0 0 0 0 0 0 0 0
17 9.255994 1.003273 -4.955114 9.340971 1.003183 -4.955299 9.171017 1.003361 -4.954928 9.328589 0.5822888 -5.01324 9.133368 0.5842969 -5.015011 9.326675 0.1013974 -4.913508 9.091749 0.104897 -4.916911 9.256121 1.112692 -4.949538 9.258541 1.263299 -4.964378 9.264556 1.50925 -4.965385 9.269011 1.58736 -4.971036 9.304722 1.454927 -4.962579 9.221931 1.456959 -4.960801 9.411463 1.426919 -4.95753 9.115191 1.430216 -4.951044 9.458291 1.188222 -4.936183 9.06779 1.196265 -4.899615 9.490921 0.9521877 -4.938603 9.029972 0.9613246 -4.887139 9.346347 0.002548181 -5.040033 9.036301 0.004933916 -5.031364 0 0 0 0 0 0 0 0 0 9.483468 0.94217 -4.958744 9.472235 0.9089997 -4.977976 9.462141 0.8724583 -4.982834 9.505548 0.8769379 -4.956926 9.513193 0.8414033 -4.951812 9.510019 0.8217826 -4.949733 9.513603 0.875583 -4.935496 9.518563 0.8358895 -4.929119 9.513002 0.8136778 -4.926229 0 0 0 0 0 0 0 0 0 0 0 0 0 0 0 0 0 0 9.033274 0.9497507 -4.907553 9.040359 0.9157602 -4.92732 9.04915 0.878683 -4.93028 9.010679 0.8855379 -4.896957 9.009527 0.8496296 -4.889436 9.018711 0.8319094 -4.888418 9.00681 0.8858758 -4.874355 9.010241 0.846606 -4.865031 9.023746 0.8279485 -4.863574 0 0 0 0 0 0 0 0 0 0 0 0 0 0 0 0 0 0 0 0 0 0 0 0
19 9.195733 1.005363 -4.959786 9.280477 1.003696 -4.95372 9.110989 1.007031 -4.965853 9.303459 0.5840841 -5.015654 9.103925 0.5850462 -5.019211 9.338229 0.1047361 -4.916044 9.100342 0.1037665 -4.919353 9.197268 1.114577 -4.951188 9.19927 1.265286 -4.965012 9.203032 1.511278 -4.9633 9.206791 1.589539 -4.96705 9.243429 1.457282 -4.958319 9.160689 1.458574 -4.962075 9.349949 1.430652 -4.946158 9.054234 1.429121 -4.960271 9.394289 1.191523 -4.924331 9.010258 1.194445 -4.909104 9.427544 0.9555637 -4.924326 8.97841 0.9583243 -4.905127 9.356675 0.004789673 -5.04189 9.046518 0.006318651 -5.036715 0 0 0 0 0 0 0 0 0 9.421936 0.9448012 -4.94468 9.413318 0.9103503 -4.962988 9.40468 0.8733629 -4.96724 9.444984 0.8801236 -4.939052 9.457973 0.8463523 -4.932881 9.459866 0.8266068 -4.930452 9.451296 0.8795717 -4.917011 9.462156 0.8411445 -4.910212 9.462858 0.8182659 -4.907259 0 0 0 0 0 0 0 0 0 0 0 0 0 0 0 0 0 0 8.983006 0.9467208 -4.925271 8.991762 0.9123084 -4.943586 9.00234 0.8755957 -4.944607 8.964878 0.8811988 -4.914117 8.956678 0.8463867 -4.90586 8.95922 0.8267412 -4.903221 8.960482 0.8815884 -4.891613 8.956577 0.8425241 -4.881634 8.962067 0.8204135 -4.877944 0 0 0 0 0 0 0 0 0 0 0 0 0 0 0 0 0 0 0 0 0 0 0 0
20 9.179743 1.003986 -4.95224 9.264465 1.003189 -4.945717 9.09502 1.004783 -4.958762 9.302263 0.5855827 -5.014165 9.092861 0.5837427 -5.017429 9.348955 0.1054343 -4.923182 9.106484 0.1025021 -4.919929 9.180197 1.113292 -4.944777 9.182208 1.2637 -4.961563 9.184433 1.509712 -4.963177 9.187604 1.587983 -4.967234 9.225188 1.45604 -4.957648 9.142427 1.456766 -4.961057 9.331971 1.43026 -4.945966 9.036335 1.426057 -4.958809 9.377043 1.191614 -4.920631 8.992505 1.192369 -4.903186 9.411476 0.9558375 -4.918092 8.959967 0.956397 -4.896758 9.363911 -0.0004656687 -5.044542 9.052383 0.004405223 -5.03662 0 0 0 0 0 0 0 0 0 9.406678 0.9450255 -4.938626 9.399784 0.9102377 -4.957027 9.392616 0.872965 -4.961513 9.431704 0.881101 -4.932841 9.44778 0.848752 -4.92633 9.452332 0.8294772 -4.923659 9.437538 0.8806172 -4.910667 9.451824 0.8433679 -4.903651 9.455834 0.8208652 -4.90046 0 0 0 0 0 0 0 0 0 0 0 0 0 0 0 0 0 0 8.964581 0.9443393 -4.916629 8.97341 0.909456 -4.933994 8.984186 0.8727868 -4.933999 8.947087 0.8789558 -4.90378 8.937788 0.8446493 -4.894621 8.939247 0.8249883 -4.891352 8.94278 0.8798638 -4.881273 8.93783 0.8411949 -4.870271 8.942043 0.8189476 -4.865805 0 0 0 0 0 0 0 0 0 0 0 0 0 0 0 0 0 0 0 0 0 0 0 0
21 9.173859 1.002729 -4.95464 9.258667 1.002077 -4.949339 9.089048 1.00338 -4.959941 9.290792 0.5827879 -5.011652 9.087425 0.5820146 -5.017267 9.343673 0.1034535 -4.918259 9.105996 0.1005622 -4.920837 9.17425 1.112054 -4.947466 9.175314 1.262727 -4.961786 9.175238 1.508754 -4.96208 9.176602 1.58709 -4.965895 9.216592 1.455436 -4.957695 9.133774 1.455408 -4.959383 9.323833 1.430591 -4.94844 9.028236 1.422997 -4.955511 9.369556 1.192079 -4.923015 8.983978 1.190568 -4.895156 9.404238 0.9563311 -4.92135 8.948741 0.9550613 -4.886326 9.3612 0.002766989 -5.043645 9.050861 0.002882324 -5.037395 0 0 0 0 0 0 0 0 0 9.399574 0.9463366 -4.942325 9.394663 0.9120932 -4.962315 9.390062 0.8746753 -4.968599 9.429165 0.8841415 -4.940832 9.448709 0.8534035 -4.936301 9.455738 0.8347735 -4.934601 9.4357 0.8828704 -4.918886 9.453939 0.8470256 -4.91406 9.460987 0.8251491 -4.91196 0 0 0 0 0 0 0 0 0 0 0 0 0 0 0 0 0 0 8.952577 0.9424083 -4.905992 8.960836 0.9070234 -4.922606 8.971783 0.8704116 -4.921908 8.93597 0.8773914 -4.890398 8.927062 0.843383 -4.879845 8.928614 0.8238252 -4.876042 8.93261 0.8789833 -4.867768 8.928188 0.8407194 -4.855231 8.932549 0.8186341 -4.850147 0 0 0 0 0 0 0 0 0 0 0 0 0 0 0 0 0 0 0 0 0 0 0 0
22 9.178762 1.001744 -4.957322 9.263696 1.001588 -4.954559 9.09383 1.0019 -4.960084 9.282351 0.5796012 -5.007382 9.087687 0.5805722 -5.017202 9.3375 0.09968223 -4.914783 9.100266 0.09909596 -4.920066 9.178741 1.111093 -4.950497 9.179558 1.261927 -4.963026 9.179165 1.507945 -4.961012 9.180426 1.586346 -4.963183 9.22071 1.454653 -4.958521 9.137882 1.454512 -4.95742 9.328222 1.42983 -4.953193 9.03273 1.421231 -4.951164 9.376604 1.191443 -4.931848 8.991623 1.189132 -4.887405 9.413168 0.9559805 -4.933649 8.959748 0.9530416 -4.882082 9.355377 0.000311099 -5.041165 9.045029 0.001030646 -5.03625 0 0 0 0 0 0 0 0 0 9.407442 0.9464744 -4.954587 9.400782 0.9126868 -4.974844 9.394826 0.8755189 -4.981465 9.435129 0.8833936 -4.955121 9.454213 0.8522504 -4.951483 9.461071 0.8335286 -4.950133 9.442411 0.8815681 -4.933451 9.460087 0.8453383 -4.929476 9.467003 0.8233901 -4.927721 0 0 0 0 0 0 0 0 0 0 0 0 0 0 0 0 0 0 8.963324 0.9405318 -4.901888 8.972144 0.9054676 -4.918889 8.9842 0.8691998 -4.918679 8.949036 0.8750505 -4.885944 8.942116 0.8406048 -4.875319 8.944973 0.8211434 -4.871787 8.946337 0.8765125 -4.863217 8.944186 0.8381053 -4.850524 8.95013 0.8163304 -4.845712 0 0 0 0 0 0 0 0 0 0 0 0 0 0 0 0 0 0 0 0 0 0 0 0
23 9.180521 1.001138 -4.967579 9.265498 1.00085 -4.967658 9.095545 1.001425 -4.967501 9.271008 0.5778799 -5.015903 9.079693 0.5800618 -5.023742 9.315913 0.09745099 -4.920105 9.078381 0.09797062 -4.927869 9.180898 1.110469 -4.960485 9.181709 1.261451 -4.971073 9.180529 1.507426 -4.966162 9.18239 1.585832 -4.967614 9.222329 1.454277 -4.966012 9.139619 1.453789 -4.961496 9.330038 1.429729 -4.965893 9.034977 1.419734 -4.951814 9.381083 1.191396 -4.951172 8.999224 1.186678 -4.888318 9.417648 0.9560752 -4.959527 8.970888 0.950081 -4.886984 9.33337 -0.001608472 -5.046791 9.023277 -0.000547152 -5.043734 0 0 0 0 0 0 0 0 0 9.409771 0.946805 -4.979864 9.399401 0.9133902 -4.999158 9.390537 0.8766477 -5.004829 9.433168 0.8820328 -4.981643 9.450248 0.8496736 -4.978732 9.455803 0.8305173 -4.977487 9.441912 0.8798996 -4.960549 9.457275 0.8425845 -4.957032 9.462698 0.8202204 -4.955277 0 0 0 0 0 0 0 0 0 0 0 0 0 0 0 0 0 0 8.974054 0.9380844 -4.907173 8.982952 0.903637 -4.925354 8.995535 0.8675653 -4.926469 8.960956 0.8720798 -4.892411 8.955979 0.8370604 -4.882604 8.960261 0.8177271 -4.879909 8.958872 0.872974 -4.86959 8.958899 0.8342353 -4.857752 8.96659 0.8128195 -4.853897 0 0 0 0 0 0 0 0 0 0 0 0 0 0 0 0 0 0 0 0 0 0 0 0
24 9.194513 1.000793 -4.973372 9.279449 1.000501 -4.976023 9.109577 1.001086 -4.97072 9.272975 0.5775256 -5.023254 9.082766 0.5799447 -5.026457 9.301467 0.09661762 -4.924192 9.063643 0.09735767 -4.933461 9.195113 1.11012 -4.966233 9.195932 1.261137 -4.976328 9.195227 1.507077 -4.96982 9.193796 1.585504 -4.970006 9.236942 1.453877 -4.971192 9.154392 1.453459 -4.96434 9.344577 1.429167 -4.973972 9.049935 1.419838 -4.951609 9.395468 1.1906 -4.962983 9.016783 1.185968 -4.889715 9.431122 0.9553025 -4.975101 8.988327 0.9493985 -4.886922 9.319136 -0.002068959 -5.051139 9.008982 -0.001572333 -5.049183 0 0 0 0 0 0 0 0 0 9.422581 0.9462956 -4.995288 9.411905 0.9131441 -5.014867 9.403349 0.8763908 -5.020928 9.44691 0.8819668 -4.999286 9.464138 0.8496102 -4.997403 9.46958 0.830398 -4.996592 9.456526 0.8795738 -4.978603 9.472105 0.8422711 -4.976034 9.477392 0.8198453 -4.974699 0 0 0 0 0 0 0 0 0 0 0 0 0 0 0 0 0 0 8.990723 0.9376879 -4.907384 8.998278 0.9034344 -4.926514 9.009711 0.8670304 -4.928698 8.975595 0.8719036 -4.893611 8.971036 0.8366211 -4.884574 8.975962 0.817349 -4.882653 8.97394 0.8724328 -4.870744 8.974442 0.8334616 -4.859704 8.983013 0.8122361 -4.856764 0 0 0 0 0 0 0 0 0 0 0 0 0 0 0 0 0 0 0 0 0 0 0 0
25 9.210701 1.00071 -4.973951 9.295586 1.000661 -4.977935 9.125818 1.000759 -4.969968 9.279997 0.5782053 -5.026477 9.089755 0.5800545 -5.025663 9.292263 0.09712403 -4.925686 9.054701 0.09745948 -4.935897 9.211087 1.110055 -4.967068 9.211993 1.261024 -4.977833 9.213213 1.506995 -4.972728 9.212948 1.585417 -4.97443 9.25451 1.453472 -4.974166 9.172024 1.453723 -4.966578 9.361924 1.427895 -4.977581 9.067205 1.422242 -4.951558 9.412354 1.189237 -4.966462 9.032317 1.187686 -4.893321 9.448035 0.9538823 -4.977327 9.003532 0.9512578 -4.885841 9.310127 -0.001399834 -5.052732 9.000391 -0.001687367 -5.0516 0 0 0 0 0 0 0 0 0 9.439251 0.9445285 -4.99725 9.42812 0.9111315 -5.016146 9.41923 0.8743405 -5.021453 9.463182 0.8799946 -5.000205 9.479658 0.8472983 -4.9976 9.484421 0.8279321 -4.996319 9.472982 0.8779545 -4.979571 9.487741 0.8403938 -4.976079 9.492202 0.8178323 -4.97415 0 0 0 0 0 0 0 0 0 0 0 0 0 0 0 0 0 0 9.00593 0.9398722 -4.906486 9.013327 0.9059963 -4.926336 9.024385 0.8695303 -4.929282 8.989745 0.8740839 -4.893991 8.98608 0.8385104 -4.885721 8.991967 0.8194612 -4.884364 8.987908 0.8742386 -4.871132 8.989322 0.835076 -4.860878 8.999055 0.8142723 -4.858619 0 0 0 0 0 0 0 0 0 0 0 0 0 0 0 0 0 0 0 0 0 0 0 0
26 9.222406 1.001088 -4.972726 9.307295 1.001207 -4.976609 9.137518 1.000968 -4.968844 9.286224 0.579385 -5.027623 9.098324 0.5805855 -5.025252 9.286036 0.09823011 -4.927022 9.048038 0.09899436 -4.937017 9.222548 1.110458 -4.966254 9.224818 1.261324 -4.978199 9.229273 1.507295 -4.975428 9.232103 1.585569 -4.979676 9.269863 1.453218 -4.975984 9.187325 1.454635 -4.969141 9.376954 1.42618 -4.978026 9.081692 1.426253 -4.953649 9.42475 1.187128 -4.964078 9.040245 1.191687 -4.899927 9.457614 0.95124 -4.971806 9.006037 0.9561045 -4.889266 9.30327 -0.0001594573 -5.054258 8.993527 0.000290677 -5.053004 0 0 0 0 0 0 0 0 0 9.448772 0.9417635 -4.991645 9.436858 0.9084272 -5.010167 9.426987 0.8718205 -5.01499 9.471052 0.8765933 -4.993242 9.485868 0.8431999 -4.989682 9.48936 0.8236045 -4.987893 9.480607 0.8746681 -4.972483 9.493511 0.8365446 -4.96791 9.496422 0.8137903 -4.965378 0 0 0 0 0 0 0 0 0 0 0 0 0 0 0 0 0 0 9.008556 0.9450522 -4.910077 9.015457 0.9115691 -4.930755 9.025249 0.8748209 -4.934556 8.988974 0.8798462 -4.899551 8.987516 0.8438409 -4.892565 8.995853 0.8256837 -4.892149 8.986425 0.8796095 -4.876761 8.989944 0.8402488 -4.867862 9.002545 0.82094 -4.866867 0 0 0 0 0 0 0 0 0 0 0 0 0 0 0 0 0 0 0 0 0 0 0 0
