Hips LeftUpperLeg RightUpperLeg LeftLowerLeg RightLowerLeg LeftFoot RightFoot Spine Chest Neck Head LeftShoulder RightShoulder LeftUpperArm RightUpperArm LeftLowerArm RightLowerArm LeftHand RightHand LeftToes RightToes LeftEye RightEye Jaw LeftThumbProximal LeftThumbIntermediate LeftThumbDistal LeftIndexProximal LeftIndexIntermediate LeftIndexDistal LeftMiddleProximal LeftMiddleIntermediate LeftMiddleDistal LeftRingProximal LeftRingIntermediate LeftRingDistal LeftLittleProximal LeftLittleIntermediate LeftLittleDistal RightThumbProximal RightThumbIntermediate RightThumbDistal RightIndexProximal RightIndexIntermediate RightIndexDistal RightMiddleProximal RightMiddleIntermediate RightMiddleDistal RightRingProximal RightRingIntermediate RightRingDistal RightLittleProximal RightLittleIntermediate RightLittleDistal UpperChest LastBone
0 6.914134 0.9396064 -3.282505 7.002861 0.9173033 -3.327712 6.828896 0.9208513 -3.229623 6.957117 0.4769501 -3.408371 6.777878 0.4802694 -3.311256 7.032075 0.1011631 -3.295156 6.826638 0.09381457 -3.21845 6.917843 1.110795 -3.282118 6.920763 1.247854 -3.289669 6.90815 1.477704 -3.324874 6.880686 1.563743 -3.365977 6.97964 1.414343 -3.340084 6.863059 1.419948 -3.261725 7.082174 1.384312 -3.385946 6.780563 1.39395 -3.184025 7.133031 1.101581 -3.385829 6.769732 1.123168 -3.088721 7.135062 0.8492305 -3.413682 6.720571 0.874189 -3.08142 6.920778 0.03637304 -3.409263 6.697289 0.01521619 -3.300282 6.862149 1.640319 -3.444849 6.809877 1.638427 -3.408836 0 0 0 7.111651 0.8243899 -3.43258 7.078432 0.798444 -3.443309 7.060606 0.7721636 -3.442911 7.107421 0.7530568 -3.449418 7.096589 0.7121151 -3.453089 7.081838 0.6916502 -3.451229 7.119622 0.7452806 -3.433825 7.104718 0.6987296 -3.4315 7.087829 0.6785068 -3.425778 7.126534 0.7438509 -3.414358 7.114389 0.7022738 -3.411239 7.098662 0.6814296 -3.405542 7.132666 0.7449403 -3.394935 7.122279 0.7108336 -3.391538 7.112646 0.6947225 -3.387736 6.704309 0.8486496 -3.106027 6.697268 0.8207056 -3.138606 6.698873 0.7918869 -3.151853 6.680564 0.7791904 -3.10721 6.674662 0.737891 -3.115368 6.677866 0.7166368 -3.128705 6.692199 0.7714763 -3.091161 6.694574 0.7237106 -3.101521 6.703279 0.7026861 -3.115983 6.709455 0.7690586 -3.079973 6.711275 0.7262657 -3.087137 6.718595 0.703741 -3.099518 6.727127 0.7690448 -3.069787 6.72952 0.7338042 -3.075709 6.734028 0.7166309 -3.082889 0 0 0 0 0 0
1 6.813266 0.9174075 -3.260083 6.865639 0.8967025 -3.345184 6.772011 0.8981823 -3.168748 6.694269 0.4870379 -3.416232 6.671382 0.4668306 -3.246124 6.738181 0.09562787 -3.350582 6.829355 0.1011375 -3.219606 6.799582 1.087867 -3.268775 6.786322 1.223281 -3.287165 6.734535 1.448842 -3.313051 6.692283 1.537169 -3.329155 6.789734 1.389292 -3.365621 6.739588 1.392845 -3.234338 6.84423 1.369012 -3.466306 6.71795 1.375292 -3.121456 6.917834 1.092167 -3.487803 6.751159 1.105165 -3.029524 6.929995 0.8391283 -3.504668 6.68482 0.8603382 -3.018588 6.57938 0.05061879 -3.399178 6.678236 0.03291871 -3.265589 6.622704 1.614828 -3.368606 6.613817 1.612826 -3.305758 0 0 0 6.901977 0.8120096 -3.503301 6.874056 0.7824611 -3.487838 6.864505 0.7544098 -3.476416 6.891876 0.7409424 -3.518703 6.884544 0.6992137 -3.515241 6.876497 0.6787376 -3.502757 6.912079 0.7344097 -3.517428 6.906991 0.6871554 -3.505781 6.900543 0.6675203 -3.488465 6.931007 0.7334989 -3.509079 6.928351 0.6914157 -3.498696 6.922719 0.6712215 -3.482121 6.949191 0.7349987 -3.499962 6.947217 0.7004223 -3.490837 6.944098 0.6846058 -3.480496 6.654505 0.8422884 -3.035245 6.630348 0.8202354 -3.063914 6.620908 0.7940916 -3.079275 6.618183 0.7785946 -3.03155 6.598947 0.7413946 -3.03884 6.590128 0.7220262 -3.052514 6.633603 0.7665048 -3.023272 6.62025 0.7213781 -3.03668 6.616535 0.7013434 -3.054337 6.653017 0.7595478 -3.021395 6.642952 0.7185931 -3.031753 6.639587 0.697426 -3.047718 6.672884 0.7550391 -3.020387 6.665183 0.7210741 -3.02874 6.662509 0.7045672 -3.038078 0 0 0 0 0 0
2 6.685438 0.9103619 -3.130883 6.674304 0.8948357 -3.231126 6.705884 0.8851702 -3.034131 6.515523 0.4742448 -3.239472 6.548899 0.4658827 -2.992523 6.627462 0.09123638 -3.226637 6.827942 0.1950673 -3.082991 6.68331 1.081355 -3.122152 6.680618 1.218452 -3.129078 6.646393 1.448759 -3.124992 6.60439 1.537865 -3.113061 6.656749 1.386778 -3.19853 6.688561 1.389076 -3.061616 6.640199 1.365466 -3.311625 6.728119 1.371017 -2.953785 6.658287 1.086257 -3.376729 6.792552 1.09488 -2.907739 6.628799 0.8351961 -3.400386 6.739618 0.8489982 -2.873088 6.476254 0.0115185 -3.246286 6.788375 0.03015908 -3.053925 6.52296 1.613996 -3.111762 6.548844 1.614205 -3.053772 0 0 0 6.60501 0.8084028 -3.384946 6.590052 0.7764392 -3.359522 6.587288 0.746802 -3.348451 6.580812 0.7404136 -3.398425 6.569339 0.6995265 -3.396512 6.56602 0.6769931 -3.385507 6.596833 0.7335955 -3.410643 6.594043 0.6850033 -3.405591 6.596623 0.6617013 -3.392275 6.616718 0.7313228 -3.415956 6.616974 0.6880119 -3.412799 6.620629 0.6645789 -3.400478 6.636721 0.7313295 -3.419947 6.637527 0.6955805 -3.417937 6.639832 0.6776507 -3.41161 6.7074 0.8271459 -2.875682 6.675345 0.8014318 -2.889932 6.662255 0.7739074 -2.898854 6.683024 0.7606209 -2.856446 6.664796 0.722325 -2.853583 6.652211 0.7018215 -2.861399 6.701721 0.7505911 -2.854934 6.68841 0.7038217 -2.860406 6.679751 0.6822595 -2.874083 6.720899 0.745649 -2.860981 6.712272 0.7033931 -2.866068 6.705212 0.681276 -2.879306 6.739866 0.7431294 -2.86805 6.73344 0.7081023 -2.871857 6.729195 0.690799 -2.878884 0 0 0 0 0 0
3 6.426994 0.9263277 -2.904078 6.389042 0.9090118 -2.99721 6.473701 0.9030166 -2.816393 6.335811 0.4628473 -2.97585 6.284883 0.5088173 -2.710885 6.506413 0.1032773 -3.009506 6.326538 0.1181631 -2.781911 6.424151 1.09739 -2.897075 6.423112 1.234681 -2.89612 6.38972 1.464159 -2.874801 6.347387 1.549702 -2.84766 6.380232 1.404755 -2.950551 6.447846 1.403145 -2.82731 6.334656 1.38941 -3.056408 6.514016 1.385793 -2.733293 6.312384 1.110737 -3.122504 6.642278 1.129179 -2.748162 6.223671 0.8730151 -3.113622 6.667876 0.8768347 -2.736861 6.364089 0.01297577 -2.974942 6.219624 0.03851988 -2.673138 6.262456 1.620331 -2.832604 6.294931 1.619202 -2.778043 0 0 0 6.198104 0.8557158 -3.089761 6.181528 0.8304098 -3.05851 6.1739 0.8040456 -3.042531 6.156231 0.7954989 -3.086536 6.131889 0.7611824 -3.080466 6.120875 0.7403418 -3.071287 6.167191 0.7831646 -3.099961 6.150467 0.7387702 -3.087962 6.14697 0.7161832 -3.07366 6.184364 0.7750183 -3.108178 6.173767 0.7338399 -3.099351 6.172932 0.7108939 -3.085675 6.20247 0.7691861 -3.11554 6.193777 0.7349897 -3.109398 6.191837 0.7173505 -3.102192 6.645764 0.8448684 -2.733475 6.619583 0.8109972 -2.741163 6.611053 0.7817321 -2.750072 6.652739 0.7729159 -2.72067 6.650204 0.7304873 -2.720021 6.643248 0.7073006 -2.72736 6.672907 0.7704101 -2.726948 6.674151 0.7223986 -2.736321 6.668401 0.7000862 -2.750323 6.689157 0.7733049 -2.739452 6.693161 0.7312829 -2.74965 6.689087 0.7092152 -2.764165 6.704076 0.7784359 -2.752381 6.708373 0.7437971 -2.760405 6.707721 0.7266099 -2.768831 0 0 0 0 0 0
4 6.129618 0.9297661 -2.824515 6.079174 0.9099229 -2.910975 6.187395 0.9086497 -2.743093 6.052176 0.4621509 -2.87447 6.048739 0.508376 -2.592319 6.223061 0.1046996 -2.926622 6.12223 0.1237223 -2.669978 6.130289 1.100992 -2.823649 6.129805 1.238268 -2.826052 6.102316 1.468853 -2.808599 6.06324 1.556882 -2.78472 6.083598 1.407344 -2.88087 6.164479 1.408283 -2.765892 6.032211 1.382114 -2.98207 6.242126 1.384136 -2.682787 6.020154 1.099411 -3.031632 6.331299 1.111072 -2.685534 5.955688 0.8548002 -3.009939 6.354263 0.859032 -2.665312 6.085581 0.01762905 -2.870739 6.025321 0.05850574 -2.543643 5.983532 1.633398 -2.76987 6.018764 1.633492 -2.717034 0 0 0 5.933492 0.8372263 -2.983092 5.919888 0.8162573 -2.947496 5.915903 0.7915784 -2.927909 5.900991 0.7725654 -2.970745 5.885305 0.7347298 -2.959368 5.880387 0.7139047 -2.945877 5.913329 0.7603055 -2.98299 5.904238 0.7150077 -2.966866 5.904673 0.6933214 -2.950852 5.931317 0.7537085 -2.990844 5.924974 0.7126519 -2.978195 5.925866 0.6902834 -2.963596 5.949909 0.7496249 -2.998174 5.945144 0.7155652 -2.988178 5.944827 0.6983157 -2.979861 6.331463 0.829299 -2.654434 6.302052 0.7972583 -2.654923 6.291182 0.7680889 -2.661211 6.336187 0.75766 -2.639094 6.330343 0.7155573 -2.639587 6.318629 0.6943859 -2.646965 6.353862 0.7531266 -2.650026 6.34834 0.7056054 -2.66031 6.33622 0.6855617 -2.673664 6.366571 0.7540298 -2.66635 6.364119 0.7119591 -2.676834 6.353713 0.6912645 -2.690165 6.378051 0.7572553 -2.682899 6.376919 0.7225599 -2.69171 6.371738 0.7061775 -2.700171 0 0 0 0 0 0
5 6.097881 0.9401177 -2.806391 6.052284 0.9188349 -2.89517 6.15125 0.9204133 -2.721673 5.976095 0.4772952 -2.857545 6.066803 0.4883987 -2.629602 6.14227 0.1187104 -2.914055 6.168217 0.1094427 -2.704108 6.097767 1.11134 -2.807884 6.098379 1.248636 -2.807248 6.072177 1.479308 -2.788994 6.032275 1.567632 -2.767705 6.057853 1.418823 -2.86311 6.130599 1.417568 -2.742823 6.015239 1.392248 -2.967974 6.203737 1.389025 -2.657064 6.015173 1.110929 -3.026133 6.275293 1.110913 -2.649543 5.967307 0.8615962 -3.027802 6.287615 0.858852 -2.621718 6.007382 0.01841321 -2.8773 6.091367 0.02020659 -2.578665 5.953446 1.64564 -2.756344 5.987512 1.64641 -2.702755 0 0 0 5.943677 0.8391816 -3.00632 5.926998 0.8145357 -2.974599 5.923377 0.7880289 -2.957486 5.919082 0.770063 -3.003584 5.909756 0.7296502 -2.994265 5.907701 0.7088293 -2.980047 5.934896 0.760537 -3.014149 5.932129 0.7138832 -2.999649 5.93475 0.6932611 -2.982478 5.954692 0.7569879 -3.019083 5.953428 0.7150702 -3.007806 5.956086 0.6935136 -2.992233 5.974632 0.7559586 -3.023253 5.974231 0.7213259 -3.014138 5.975794 0.7045268 -3.005073 6.262804 0.8308705 -2.610597 6.231009 0.8011913 -2.610474 6.218183 0.7727663 -2.616481 6.262491 0.7591586 -2.594878 6.25376 0.717601 -2.596821 6.240408 0.697826 -2.605219 6.279757 0.7533246 -2.605846 6.270308 0.7065728 -2.616777 6.25631 0.6881022 -2.630556 6.292436 0.7532371 -2.622218 6.286233 0.711569 -2.632762 6.273725 0.6921329 -2.64618 6.304052 0.7555522 -2.638824 6.29954 0.7212021 -2.6479 6.292521 0.705634 -2.656571 0 0 0 0 0 0
6 6.086154 0.94998 -2.772347 6.045563 0.9288487 -2.863559 6.134765 0.9301384 -2.684844 5.961176 0.487579 -2.836979 6.084759 0.4833841 -2.637733 6.089071 0.1124712 -2.888149 6.173776 0.09724893 -2.701347 6.085976 1.121205 -2.773494 6.087326 1.258493 -2.772424 6.060472 1.489229 -2.75602 6.020422 1.578101 -2.737469 6.050901 1.428733 -2.830889 6.115616 1.427393 -2.706099 6.016062 1.40121 -2.938348 6.183302 1.396816 -2.616643 6.023239 1.120454 -2.998746 6.246203 1.116795 -2.604211 5.985399 0.8697665 -3.012325 6.24683 0.8645274 -2.575553 5.945174 0.02273407 -2.859062 6.078978 0.01683041 -2.582388 5.941841 1.656704 -2.728806 5.974713 1.657927 -2.674485 0 0 0 5.961021 0.8452458 -2.994249 5.942402 0.8188791 -2.965096 5.938567 0.7916132 -2.94927 5.940412 0.7748179 -2.99647 5.933534 0.7338399 -2.987496 5.932005 0.7135448 -2.972474 5.957781 0.7666075 -3.0056 5.956946 0.7198733 -2.991119 5.959477 0.7001945 -2.972862 5.978159 0.7643574 -3.008511 5.978609 0.7224762 -2.997038 5.981205 0.7017877 -2.98032 5.998451 0.7645992 -3.010562 5.999495 0.7300897 -3.001039 6.001329 0.7138804 -2.991004 6.22021 0.8378841 -2.565365 6.187036 0.8097616 -2.565994 6.17339 0.7817846 -2.572292 6.21565 0.7663606 -2.549448 6.206293 0.7249035 -2.550344 6.193277 0.7047082 -2.558256 6.23303 0.7596105 -2.559685 6.222743 0.7127201 -2.569169 6.209301 0.6933861 -2.582302 6.246342 0.7588022 -2.575526 6.239182 0.7168542 -2.584184 6.227292 0.6963256 -2.596491 6.258724 0.7604455 -2.591652 6.253119 0.725935 -2.599416 6.246294 0.7098597 -2.607279 0 0 0 0 0 0
7 6.087018 0.9519233 -2.754527 6.049371 0.9308231 -2.846999 6.132681 0.9320236 -2.665462 5.961367 0.488385 -2.841653 6.086513 0.4826385 -2.635878 6.062704 0.1036037 -2.887771 6.16857 0.09612586 -2.709728 6.087383 1.123147 -2.755827 6.088104 1.260403 -2.752489 6.059288 1.490902 -2.736083 6.018482 1.579786 -2.719321 6.053145 1.430736 -2.811575 6.112686 1.429116 -2.684238 6.023253 1.403465 -2.920577 6.176877 1.397056 -2.592749 6.031964 1.12279 -2.981149 6.24075 1.117112 -2.584102 5.994709 0.8720879 -2.996022 6.24175 0.8643681 -2.560014 5.915413 0.02247592 -2.851319 6.079015 0.01729967 -2.585746 5.939623 1.658324 -2.712886 5.970851 1.659476 -2.657602 0 0 0 5.969675 0.8474084 -2.979098 5.949739 0.8206578 -2.951191 5.94523 0.7933561 -2.935607 5.949962 0.7767469 -2.981946 5.941929 0.7353569 -2.976526 5.938925 0.7133296 -2.964458 5.967874 0.7686736 -2.990096 5.964775 0.7210514 -2.979278 5.965231 0.6987393 -2.964148 5.9884 0.76663 -2.991914 5.986395 0.7240883 -2.983426 5.986814 0.7009903 -2.969988 6.008769 0.767082 -2.992895 6.007765 0.7321398 -2.985103 6.008142 0.7147273 -2.977136 6.215037 0.8372252 -2.551529 6.182076 0.8089145 -2.5535 6.168882 0.7810842 -2.561244 6.210335 0.7649508 -2.539526 6.202931 0.7230948 -2.540061 6.191608 0.7016129 -2.547147 6.227814 0.7587547 -2.549944 6.219306 0.7114097 -2.55892 6.207615 0.6903471 -2.57103 6.241277 0.7587947 -2.565678 6.235368 0.7164489 -2.573279 6.225421 0.6941153 -2.584074 6.253813 0.7612984 -2.581572 6.248775 0.7265951 -2.588851 6.243117 0.7096745 -2.595815 0 0 0 0 0 0
8 6.099136 0.951799 -2.735561 6.067478 0.9302907 -2.830159 6.139189 0.9323362 -2.643743 5.966053 0.4908867 -2.839535 6.087485 0.4829551 -2.622341 6.06015 0.10461 -2.887811 6.163831 0.09616687 -2.701339 6.098829 1.123019 -2.737322 6.097305 1.260212 -2.732175 6.064766 1.490344 -2.717674 6.02324 1.579505 -2.704555 6.064919 1.430267 -2.793487 6.114858 1.429048 -2.662082 6.043708 1.403645 -2.904662 6.17196 1.395946 -2.566363 6.058611 1.122724 -2.962837 6.242428 1.117594 -2.557546 6.026698 0.8715492 -2.98164 6.2454 0.8647448 -2.534766 5.90834 0.02407613 -2.879243 6.074016 0.01744588 -2.577479 5.944626 1.658466 -2.700887 5.974027 1.659587 -2.644609 0 0 0 6.000534 0.8464484 -2.967231 5.978735 0.818639 -2.941868 5.973104 0.7909961 -2.927283 5.98169 0.7757075 -2.972747 5.973056 0.7340866 -2.972326 5.968855 0.7104615 -2.96432 6.000285 0.7678792 -2.979486 5.995455 0.7195203 -2.973775 5.994066 0.6949039 -2.962864 6.020907 0.7660012 -2.979609 6.017111 0.7229431 -2.975431 6.015725 0.6978853 -2.966241 6.041282 0.766605 -2.978875 6.038636 0.7312018 -2.974151 6.037825 0.7127596 -2.969048 6.218839 0.8368104 -2.528732 6.18676 0.8077715 -2.533147 6.175015 0.7797967 -2.542529 6.214988 0.7640552 -2.519695 6.209892 0.7218539 -2.52002 6.200597 0.6993493 -2.526877 6.233113 0.7585849 -2.529391 6.227331 0.7108473 -2.538457 6.218002 0.6885354 -2.550378 6.24738 0.7594746 -2.544373 6.243816 0.7167816 -2.551478 6.236459 0.6931457 -2.561551 6.26068 0.7628146 -2.559473 6.257359 0.7278727 -2.566593 6.253389 0.7102982 -2.57309 0 0 0 0 0 0
