Hips LeftUpperLeg RightUpperLeg LeftLowerLeg RightLowerLeg LeftFoot RightFoot Spine Chest Neck Head LeftShoulder RightShoulder LeftUpperArm RightUpperArm LeftLowerArm RightLowerArm LeftHand RightHand LeftToes RightToes LeftEye RightEye Jaw LeftThumbProximal LeftThumbIntermediate LeftThumbDistal LeftIndexProximal LeftIndexIntermediate LeftIndexDistal LeftMiddleProximal LeftMiddleIntermediate LeftMiddleDistal LeftRingProximal LeftRingIntermediate LeftRingDistal LeftLittleProximal LeftLittleIntermediate LeftLittleDistal RightThumbProximal RightThumbIntermediate RightThumbDistal RightIndexProximal RightIndexIntermediate RightIndexDistal RightMiddleProximal RightMiddleIntermediate RightMiddleDistal RightRingProximal RightRingIntermediate RightRingDistal RightLittleProximal RightLittleIntermediate RightLittleDistal UpperChest LastBone
0 16.31492 0.9113562 -7.00497 16.35498 0.8913364 -7.096665 16.28333 0.8904376 -6.91022 16.29825 0.4476129 -7.142137 16.09867 0.4857469 -6.975835 16.55609 0.1745076 -7.006775 16.18011 0.09593257 -7.004177 16.31435 1.082583 -7.004365 16.31236 1.219644 -6.996542 16.27903 1.450117 -6.995419 16.23577 1.538699 -7.006725 16.32595 1.392423 -7.057281 16.28342 1.385622 -6.923461 16.3722 1.376587 -7.162775 16.26366 1.357569 -6.81237 16.38827 1.099741 -7.237749 16.33868 1.088023 -6.747246 16.32587 0.8621763 -7.302008 16.32889 0.8354707 -6.72312 16.50337 0.0231693 -7.069411 16.02682 0.01778557 -7.004003 16.17214 1.616376 -7.055158 16.15502 1.614509 -6.994032 0 0 0 16.29057 0.8460543 -7.306082 16.25465 0.8229408 -7.297873 16.23673 0.7971035 -7.29341 16.25886 0.7874885 -7.336976 16.23752 0.7524417 -7.348081 16.22241 0.732244 -7.346226 16.27579 0.7746372 -7.337777 16.2556 0.7302297 -7.341585 16.2424 0.7082051 -7.333359 16.29299 0.7657804 -7.330379 16.27778 0.7252051 -7.333233 16.266 0.7026069 -7.32518 16.31022 0.759208 -7.321661 16.29848 0.7254809 -7.324383 16.29103 0.7081431 -7.321114 16.30787 0.8050396 -6.73554 16.29095 0.7727641 -6.759284 16.28993 0.7437178 -6.772085 16.30169 0.7327614 -6.72425 16.29852 0.6906286 -6.72892 16.29719 0.6690699 -6.742086 16.32123 0.728931 -6.71677 16.32699 0.6815463 -6.72754 16.33068 0.6612263 -6.744873 16.34185 0.7307596 -6.716366 16.34984 0.6889663 -6.725042 16.35479 0.6682782 -6.741221 16.36181 0.7349088 -6.717026 16.369 0.7004371 -6.723557 16.37307 0.684039 -6.732579 0 0 0 0 0 0
1 16.122 0.9200746 -6.984694 16.14566 0.8972584 -7.081303 16.1067 0.9019028 -6.885451 15.95607 0.4927714 -7.132538 15.99959 0.4697417 -6.949974 16.21362 0.1899206 -7.095976 16.12835 0.09435668 -6.995489 16.1236 1.091255 -6.988434 16.12356 1.228052 -6.976709 16.08965 1.458232 -6.966844 16.04283 1.545694 -6.968902 16.12984 1.402197 -7.03468 16.10204 1.392212 -6.89724 16.16218 1.391726 -7.145869 16.09261 1.365284 -6.784525 16.20242 1.115477 -7.213616 16.14908 1.087205 -6.739737 16.15682 0.8696699 -7.257891 16.09341 0.8395051 -6.737278 16.14457 0.04714652 -7.162703 15.97584 0.01469549 -6.996555 15.96986 1.620015 -7.008665 15.96061 1.617386 -6.945893 0 0 0 16.12517 0.84701 -7.255255 16.0971 0.8169842 -7.241039 16.08601 0.7882196 -7.233398 16.10057 0.7820017 -7.278894 16.08497 0.7433918 -7.287435 16.07474 0.7204319 -7.284605 16.11928 0.7725388 -7.282507 16.10875 0.7247668 -7.281271 16.1023 0.7011142 -7.270051 16.13888 0.7674693 -7.278172 16.13187 0.7246241 -7.277169 16.12645 0.7007988 -7.266344 16.15831 0.7647156 -7.272588 16.15333 0.7292483 -7.272532 16.1502 0.7110212 -7.267552 16.06536 0.8170056 -6.752424 16.04121 0.7921432 -6.778698 16.03215 0.7656967 -6.793763 16.03866 0.7488901 -6.746332 16.02243 0.7100382 -6.752173 16.01454 0.689754 -6.765064 16.05595 0.7392793 -6.738515 16.04727 0.6926088 -6.750386 16.04496 0.6717681 -6.767336 16.07622 0.735186 -6.73733 16.07177 0.6931509 -6.747283 16.07092 0.671824 -6.763368 16.09655 0.733563 -6.737067 16.09336 0.6986731 -6.744496 16.09265 0.6816921 -6.753325 0 0 0 0 0 0
2 15.8295 0.9018966 -6.978392 15.83639 0.8764355 -7.076972 15.83291 0.8867922 -6.877526 15.56102 0.5231014 -7.121357 15.87245 0.4382896 -6.906596 15.5033 0.1281891 -7.09961 16.08038 0.1007027 -6.963891 15.82369 1.072791 -6.987368 15.82437 1.20971 -6.977185 15.78386 1.438982 -6.972472 15.7325 1.523887 -6.972908 15.81948 1.381583 -7.041703 15.80479 1.376115 -6.902 15.84179 1.370138 -7.155238 15.80554 1.357412 -6.787248 15.94494 1.106982 -7.206537 15.8228 1.076585 -6.729271 15.93958 0.8553584 -7.239966 15.69739 0.8559548 -6.721854 15.33449 0.1292454 -7.132895 15.93237 0.01308491 -6.959027 15.65298 1.59412 -7.007128 15.65055 1.59358 -6.943672 0 0 0 15.9165 0.8244528 -7.234113 15.8985 0.7905619 -7.213639 15.89547 0.7617134 -7.200709 15.91371 0.752755 -7.249651 15.90998 0.7104683 -7.251873 15.90673 0.6862636 -7.245282 15.93449 0.7492177 -7.252535 15.93827 0.700811 -7.246454 15.93878 0.6774223 -7.23305 15.95462 0.7510201 -7.248047 15.9613 0.7085023 -7.242251 15.96339 0.6855148 -7.228781 15.97385 0.7550952 -7.242579 15.98013 0.720045 -7.23875 15.98275 0.7023634 -7.231872 15.66303 0.8470342 -6.738046 15.63173 0.8344155 -6.765491 15.61227 0.8149993 -6.78139 15.60936 0.7973136 -6.731967 15.57808 0.769087 -6.737614 15.56242 0.7533613 -6.749755 15.62048 0.7815633 -6.722989 15.59243 0.7429611 -6.733837 15.58153 0.7243112 -6.749967 15.63694 0.769224 -6.720586 15.61505 0.7328524 -6.729751 15.60563 0.7132865 -6.745331 15.65455 0.759044 -6.719154 15.63674 0.7286643 -6.725673 15.62899 0.7132233 -6.73394 0 0 0 0 0 0
3 15.45809 0.9271088 -6.964298 15.46188 0.9056675 -7.063995 15.46346 0.9076516 -6.864267 15.29215 0.4893647 -7.073565 15.41341 0.4611317 -6.847158 15.38068 0.1000437 -7.071109 15.61907 0.1239491 -6.905512 15.45703 1.098326 -6.96599 15.45755 1.235619 -6.967145 15.42344 1.465976 -6.968359 15.37895 1.554655 -6.966536 15.44923 1.404614 -7.038547 15.45103 1.40562 -6.897982 15.46371 1.38074 -7.151414 15.46901 1.37908 -6.78622 15.52087 1.10267 -7.195379 15.52491 1.101949 -6.73526 15.51042 0.850262 -7.220712 15.46957 0.856766 -6.699423 15.22951 0.02323743 -7.10033 15.49849 0.01377567 -6.851413 15.29977 1.631359 -6.983124 15.31242 1.63159 -6.920893 0 0 0 15.4834 0.8226463 -7.215249 15.45856 0.7914536 -7.197876 15.45092 0.7627831 -7.186558 15.47206 0.7515869 -7.229801 15.4654 0.7100928 -7.236194 15.46065 0.6853946 -7.233492 15.49231 0.7453934 -7.231863 15.48967 0.6965378 -7.231031 15.48748 0.6708003 -7.2233 15.51234 0.7447209 -7.226664 15.51194 0.7013031 -7.225885 15.51071 0.6756799 -7.218387 15.53172 0.7464369 -7.220553 15.53179 0.7106394 -7.21945 15.53168 0.6917874 -7.216072 15.43743 0.8349133 -6.702841 15.4045 0.8109148 -6.718036 15.39083 0.7842416 -6.728547 15.41385 0.7670512 -6.687725 15.39834 0.7275355 -6.685507 15.38704 0.7062964 -6.693312 15.43264 0.7570753 -6.687297 15.4203 0.7100732 -6.693044 15.41186 0.6880436 -6.706101 15.45171 0.7526979 -6.694071 15.44276 0.7104234 -6.698389 15.43554 0.6872422 -6.709559 15.47053 0.7508058 -6.701691 15.46367 0.7158848 -6.705698 15.45934 0.6982473 -6.71178 0 0 0 0 0 0
4 15.45421 0.9406599 -6.998068 15.45242 0.9206153 -7.098112 15.4647 0.9197097 -6.898747 15.35456 0.4807734 -7.100249 15.3639 0.4833696 -6.85844 15.46678 0.09678521 -7.105919 15.53443 0.1261526 -6.910455 15.45502 1.111885 -6.997341 15.45632 1.24914 -7.000552 15.4261 1.480042 -6.999794 15.38446 1.570053 -6.996559 15.44376 1.417931 -7.071816 15.45954 1.419538 -6.932135 15.44788 1.390988 -7.184845 15.488 1.388771 -6.82368 15.47714 1.109371 -7.233416 15.55975 1.113127 -6.786337 15.45509 0.8575486 -7.257087 15.53074 0.8629941 -6.753893 15.3186 0.01598438 -7.13939 15.42635 0.01648255 -6.833668 15.30636 1.649293 -7.00367 15.32728 1.64984 -6.943711 0 0 0 15.4269 0.8323177 -7.247557 15.4019 0.8036213 -7.226501 15.39391 0.7758754 -7.213274 15.40928 0.7616788 -7.257004 15.40063 0.7202508 -7.261005 15.39535 0.6958786 -7.256768 15.42874 0.7539027 -7.260637 15.42359 0.7052835 -7.258602 15.4209 0.6796255 -7.250764 15.44909 0.7519932 -7.257338 15.44557 0.7087249 -7.256176 15.4434 0.6829424 -7.249482 15.46906 0.7525553 -7.253204 15.46657 0.716864 -7.251582 15.46553 0.6979625 -7.248672 15.50188 0.8367458 -6.754773 15.47056 0.8092341 -6.767174 15.46009 0.7814391 -6.77841 15.49104 0.7649043 -6.744232 15.48244 0.7232805 -6.744898 15.47323 0.7015244 -6.753938 15.51083 0.7580277 -6.747932 15.50498 0.7104703 -6.757857 15.49786 0.6889171 -6.772408 15.52887 0.7573672 -6.75808 15.52585 0.7147643 -6.765934 15.52046 0.6918088 -6.778516 15.54617 0.7591897 -6.768727 15.54405 0.7241607 -6.775881 15.54143 0.7067392 -6.783392 0 0 0 0 0 0
5 15.42671 0.9469221 -7.014015 15.4178 0.926073 -7.113513 15.4441 0.9267385 -6.915508 15.34822 0.4801092 -7.105941 15.37065 0.4839519 -6.871927 15.46652 0.09717365 -7.110621 15.48197 0.1007638 -6.905002 15.42813 1.118143 -7.01478 15.43059 1.255393 -7.017488 15.4037 1.486665 -7.013057 15.36524 1.577782 -7.004984 15.4145 1.424774 -7.086608 15.44178 1.425305 -6.948703 15.41037 1.397156 -7.199475 15.47919 1.391128 -6.844056 15.42439 1.114483 -7.248699 15.55502 1.115146 -6.81941 15.39338 0.8634804 -7.270999 15.53891 0.8637573 -6.78771 15.31741 0.01539709 -7.136797 15.3638 0.01430257 -6.814639 15.28905 1.658966 -7.010617 15.31009 1.658033 -6.950706 0 0 0 15.36441 0.8401327 -7.259258 15.33881 0.8133537 -7.236474 15.32989 0.7862517 -7.222526 15.34196 0.7706083 -7.266462 15.33141 0.7295773 -7.269959 15.32549 0.7053694 -7.265617 15.36063 0.7616135 -7.271249 15.35301 0.7133117 -7.269399 15.34952 0.6875685 -7.262184 15.381 0.7584957 -7.269267 15.37505 0.7154853 -7.268556 15.37189 0.6895827 -7.262784 15.4012 0.7578773 -7.266464 15.39676 0.7223604 -7.26523 15.39487 0.7034318 -7.263 15.51091 0.8367097 -6.785132 15.47887 0.808606 -6.793834 15.46805 0.7806279 -6.80426 15.50352 0.7644185 -6.774684 15.49608 0.7225971 -6.77635 15.4861 0.7012668 -6.785581 15.52277 0.7581765 -6.781229 15.51696 0.7109461 -6.792635 15.5083 0.6902149 -6.807538 15.53923 0.7582065 -6.793788 15.53651 0.7158507 -6.802976 15.52991 0.6934779 -6.816024 15.55483 0.7607048 -6.806688 15.55293 0.7259113 -6.814961 15.54967 0.7088522 -6.823038 0 0 0 0 0 0
6 15.41527 0.9492699 -7.032157 15.40074 0.9286036 -7.131028 15.43827 0.9289137 -6.93484 15.34046 0.4808947 -7.114065 15.3833 0.4826785 -6.880246 15.45436 0.09607079 -7.12123 15.47769 0.09202399 -6.894241 15.41651 1.120494 -7.032665 15.41908 1.257757 -7.034425 15.39297 1.489093 -7.028793 15.35548 1.580401 -7.018619 15.40058 1.427215 -7.102752 15.43351 1.427604 -6.966084 15.3927 1.398884 -7.215241 15.47595 1.392657 -6.863634 15.40194 1.115905 -7.263832 15.54836 1.115296 -6.844897 15.37024 0.8649438 -7.285596 15.54147 0.8630384 -6.816978 15.30222 0.01621737 -7.130212 15.35596 0.01167782 -6.80297 15.2806 1.661874 -7.032174 15.29427 1.660005 -6.970187 0 0 0 15.34161 0.8416697 -7.272896 15.31672 0.8149787 -7.249235 15.30833 0.7878956 -7.234928 15.31896 0.7721103 -7.279056 15.3092 0.7308867 -7.282601 15.30398 0.7064925 -7.278417 15.33748 0.7630844 -7.284326 15.3305 0.7146677 -7.283075 15.32756 0.6886526 -7.276628 15.3579 0.7599733 -7.28291 15.35216 0.7169288 -7.283058 15.34933 0.6907654 -7.278397 15.37817 0.7593667 -7.280684 15.37398 0.723801 -7.280214 15.37232 0.704771 -7.278831 15.51363 0.8359476 -6.813318 15.481 0.8082072 -6.820908 15.46971 0.7804668 -6.831468 15.50677 0.763441 -6.804073 15.49906 0.7217887 -6.807633 15.48818 0.7013522 -6.817831 15.52558 0.757343 -6.811912 15.51899 0.7108038 -6.825524 15.50912 0.6913868 -6.841412 15.54125 0.7576515 -6.825441 15.53802 0.715812 -6.836617 15.53033 0.6945043 -6.850795 15.55605 0.7604362 -6.839203 15.55375 0.7260793 -6.849053 15.54981 0.7096327 -6.858043 0 0 0 0 0 0
7 15.41444 0.9495973 -7.047731 15.39981 0.9290001 -7.146601 15.43768 0.9292049 -6.95048 15.33967 0.4816396 -7.121964 15.38252 0.4838816 -6.888561 15.45442 0.09703454 -7.117585 15.47799 0.09318169 -6.890518 15.41506 1.120825 -7.048028 15.4165 1.258085 -7.050911 15.38782 1.48917 -7.048358 15.34663 1.579253 -7.042465 15.39646 1.426444 -7.121484 15.42874 1.428938 -6.984682 15.38958 1.396584 -7.233642 15.47232 1.397482 -6.881583 15.40191 1.113301 -7.279706 15.54078 1.119773 -6.854868 15.37359 0.8617144 -7.298758 15.53827 0.8679567 -6.822573 15.30211 0.01743086 -7.126008 15.35604 0.01332792 -6.799099 15.27131 1.65958 -7.059865 15.28353 1.659442 -6.997549 0 0 0 15.34556 0.8380712 -7.285441 15.32127 0.81158 -7.260946 15.31354 0.7847812 -7.245759 15.32485 0.7677549 -7.289493 15.3165 0.7261013 -7.290999 15.31206 0.7018517 -7.285331 15.34364 0.7590815 -7.294403 15.33835 0.7105659 -7.290831 15.33629 0.6849275 -7.282744 15.36413 0.7565804 -7.29281 15.35993 0.7133976 -7.290948 15.35799 0.6874985 -7.284645 15.3844 0.7566025 -7.290487 15.38154 0.7209592 -7.288466 15.38056 0.7019938 -7.285983 15.50982 0.8415979 -6.818385 15.47665 0.8144954 -6.825972 15.46487 0.7866829 -6.835773 15.50127 0.769744 -6.805985 15.49145 0.7287747 -6.811648 15.47924 0.7104034 -6.824038 15.52014 0.7629321 -6.813048 15.51165 0.7173377 -6.828656 15.50046 0.7006439 -6.846629 15.53615 0.7623131 -6.826169 15.53129 0.7212449 -6.839423 15.52183 0.7025697 -6.856039 15.55133 0.7641726 -6.839661 15.548 0.7303274 -6.850889 15.54282 0.7152699 -6.861529 0 0 0 0 0 0
8 15.4172 0.950366 -7.054096 15.40406 0.9295204 -7.153124 15.43935 0.9303032 -6.956522 15.3402 0.4829414 -7.126521 15.38412 0.4859487 -6.888546 15.45469 0.09852805 -7.11564 15.47944 0.09527638 -6.888256 15.41621 1.121591 -7.0546 15.41539 1.258842 -7.058139 15.38294 1.489441 -7.059061 15.33904 1.578351 -7.055323 15.39438 1.426018 -7.131196 15.42325 1.43063 -6.993691 15.39083 1.394758 -7.243128 15.4654 1.402082 -6.889157 15.40828 1.11118 -7.285583 15.5336 1.125133 -6.85495 15.3841 0.8589784 -7.302029 15.53563 0.8738777 -6.818516 15.30264 0.01839413 -7.123722 15.35755 0.01538857 -6.796798 15.26409 1.659195 -7.071925 15.2776 1.659513 -7.009873 0 0 0 15.3562 0.8349103 -7.289201 15.33169 0.808543 -7.264791 15.32405 0.7818557 -7.249361 15.33698 0.7641616 -7.293082 15.32964 0.7223339 -7.291196 15.32552 0.698953 -7.282462 15.35606 0.755817 -7.297422 15.35212 0.7076005 -7.290061 15.35052 0.6833103 -7.278469 15.37655 0.7537382 -7.29528 15.37389 0.7107145 -7.290012 15.37256 0.6859553 -7.280038 15.39674 0.7541845 -7.292438 15.39525 0.718696 -7.287851 15.39483 0.7002128 -7.28285 15.50731 0.8474081 -6.814103 15.47443 0.820084 -6.822093 15.46294 0.7919924 -6.831449 15.49908 0.7759901 -6.79922 15.48842 0.7358471 -6.808274 15.47574 0.7201527 -6.823525 15.5182 0.7691084 -6.805503 15.5091 0.7248623 -6.824317 15.49731 0.7118382 -6.844772 15.53457 0.7681575 -6.818153 15.52911 0.7283417 -6.834609 15.51851 0.713429 -6.854088 15.5501 0.7696607 -6.831287 15.54652 0.7367064 -6.844848 15.54044 0.723776 -6.857601 0 0 0 0 0 0
9 15.41856 0.9515913 -7.04968 15.40797 0.930578 -7.148977 15.43838 0.9317355 -6.951565 15.33989 0.4845383 -7.127102 15.38328 0.4869789 -6.886737 15.45392 0.1001153 -7.117353 15.4797 0.09666326 -6.889937 15.41682 1.12281 -7.050415 15.41483 1.260062 -7.053376 15.38053 1.49038 -7.055901 15.33636 1.579229 -7.054682 15.3951 1.426944 -7.127456 15.41893 1.43201 -6.989004 15.39592 1.395501 -7.23939 15.45738 1.403682 -6.882994 15.41673 1.112241 -7.282453 15.52738 1.127443 -6.846738 15.39538 0.8599445 -7.3012 15.53038 0.8762664 -6.809831 15.30196 0.01985868 -7.125958 15.35738 0.01696786 -6.798873 15.26182 1.660698 -7.070004 15.27744 1.661808 -7.008458 0 0 0 15.36728 0.8355253 -7.289522 15.34197 0.809334 -7.265751 15.33399 0.7826719 -7.250453 15.34901 0.7645831 -7.294352 15.34192 0.7231017 -7.288359 15.33752 0.7015561 -7.275854 15.36834 0.7564645 -7.297986 15.36482 0.7091566 -7.28598 15.36295 0.6874916 -7.270041 15.38875 0.7546044 -7.295068 15.38704 0.7122899 -7.285454 15.38569 0.6899659 -7.270823 15.40882 0.7552634 -7.291455 15.40808 0.7203611 -7.283456 15.40771 0.7031412 -7.27508 15.50246 0.8492824 -6.806042 15.4703 0.821321 -6.814741 15.45958 0.7929742 -6.824233 15.49518 0.7777961 -6.790991 15.48567 0.7373037 -6.799765 15.47379 0.7210186 -6.815046 15.51459 0.7712499 -6.796714 15.50678 0.7265688 -6.815074 15.4958 0.7128772 -6.835541 15.53131 0.7705482 -6.808908 15.52686 0.7303653 -6.824762 15.51703 0.71477 -6.844112 15.54717 0.772282 -6.821624 15.54434 0.7390925 -6.834782 15.53879 0.7258023 -6.847408 0 0 0 0 0 0
11 15.44251 0.9230169 -7.002898 15.43464 0.8969746 -7.101253 15.46037 0.9083657 -6.903499 15.20025 0.5132669 -7.098697 15.43943 0.4578531 -6.915329 15.25089 0.1172778 -7.094429 15.59241 0.09493246 -6.988478 15.43769 1.09393 -7.012117 15.43892 1.231029 -7.004828 15.39817 1.460138 -6.995982 15.34756 1.545314 -6.990536 15.42118 1.401911 -7.069721 15.43194 1.398416 -6.929598 15.42649 1.386524 -7.184845 15.45619 1.376688 -6.81798 15.50281 1.116629 -7.246934 15.50887 1.098577 -6.768964 15.4848 0.864802 -7.273763 15.43157 0.8591908 -6.734612 15.08992 0.0596806 -7.113791 15.44926 0.01509305 -6.936142 15.26335 1.61615 -7.008416 15.27435 1.61654 -6.945871 0 0 0 15.4602 0.8363692 -7.263349 15.4406 0.8053299 -7.240019 15.43587 0.7774623 -7.22554 15.45021 0.7643358 -7.273406 15.44489 0.7221611 -7.273176 15.44173 0.6983144 -7.265352 15.4702 0.7588919 -7.278199 15.47092 0.7104656 -7.271207 15.47125 0.6868841 -7.25814 15.49079 0.759269 -7.275989 15.49361 0.7163389 -7.270082 15.49496 0.6927326 -7.257624 15.51075 0.7620435 -7.272872 15.51359 0.7266356 -7.2683 15.51514 0.7086805 -7.261816 15.39711 0.8415983 -6.739608 15.36257 0.8218059 -6.757123 15.34484 0.7978966 -6.768208 15.36319 0.7787668 -6.722541 15.34142 0.7423204 -6.720364 15.32767 0.7225993 -6.728233 15.38031 0.7664489 -6.719769 15.36138 0.7215741 -6.724508 15.35073 0.700613 -6.737711 15.39908 0.7590929 -6.724475 15.38471 0.7183293 -6.728678 15.37529 0.6964778 -6.740842 15.41803 0.7541635 -6.730199 15.40679 0.7203115 -6.733438 15.40055 0.7033142 -6.739677 0 0 0 0 0 0
12 15.17125 0.8914509 -6.958374 15.16337 0.8673733 -7.057227 15.18939 0.874892 -6.859327 14.90457 0.5006753 -7.030156 15.21791 0.426178 -6.863787 14.9242 0.1036299 -6.993279 15.50418 0.1614276 -6.949516 15.16524 1.062479 -6.964083 15.1654 1.199726 -6.960298 15.12503 1.429066 -6.961949 15.07557 1.514992 -6.957845 15.15243 1.368286 -7.032032 15.1543 1.369627 -6.891472 15.16419 1.350211 -7.146286 15.16975 1.354579 -6.77722 15.26896 1.086755 -7.192513 15.20096 1.077667 -6.707447 15.25661 0.8367373 -7.234935 15.09886 0.8487065 -6.667265 14.76924 0.03088059 -7.010599 15.42202 0.01156314 -6.929619 14.9933 1.586421 -6.981471 15.00001 1.586807 -6.918323 0 0 0 15.23387 0.8052759 -7.23105 15.21309 0.7706673 -7.214855 15.20824 0.7411485 -7.204191 15.23331 0.7339507 -7.248435 15.23006 0.6921858 -7.255655 15.22731 0.6671114 -7.253747 15.25427 0.730869 -7.250304 15.2577 0.6822063 -7.246469 15.25797 0.6575067 -7.235661 15.2741 0.732928 -7.244719 15.28099 0.6902853 -7.240247 15.28279 0.6666519 -7.227898 15.29293 0.7372175 -7.23815 15.29932 0.7021085 -7.235114 15.30181 0.6841665 -7.228891 15.06271 0.8358226 -6.674288 15.02794 0.818395 -6.69376 15.00788 0.7961963 -6.7044 15.01749 0.7816985 -6.653914 14.98954 0.7498037 -6.650945 14.97355 0.7318164 -6.658731 15.03201 0.7675253 -6.64753 15.00662 0.7257528 -6.649804 14.9943 0.7053429 -6.662399 15.04973 0.7569067 -6.648915 15.02998 0.7182848 -6.650903 15.01894 0.6969244 -6.662576 15.06812 0.7484944 -6.651583 15.05238 0.7163368 -6.652416 15.04441 0.6997781 -6.657818 0 0 0 0 0 0
13 14.84648 0.9184592 -6.95116 14.8138 0.9017251 -7.046375 14.88906 0.8948419 -6.861477 14.69799 0.4671854 -7.043846 14.7199 0.4947449 -6.745346 14.83078 0.09068432 -7.036284 14.87969 0.159462 -6.891786 14.83959 1.089304 -6.941995 14.82859 1.226044 -6.947659 14.78774 1.454642 -6.930228 14.74693 1.542114 -6.90722 14.77894 1.393431 -7.004609 14.84876 1.396607 -6.882636 14.73395 1.372234 -7.109705 14.92082 1.380104 -6.792892 14.7354 1.091926 -7.172543 15.01518 1.110441 -6.762881 14.70041 0.8411405 -7.191069 15.00059 0.864304 -6.702346 14.67954 0.009839736 -7.050261 14.82373 0.02737316 -6.796776 14.67295 1.618148 -6.872936 14.7203 1.618602 -6.830612 0 0 0 14.67977 0.815805 -7.169752 14.67017 0.7853801 -7.14019 14.66881 0.7562783 -7.127548 14.64983 0.7490147 -7.175426 14.63924 0.7081793 -7.170197 14.63916 0.6860895 -7.157871 14.6621 0.7412288 -7.190955 14.65951 0.6928846 -7.183842 14.66515 0.6703352 -7.17018 14.68 0.7378618 -7.200814 14.67942 0.694684 -7.196209 14.6853 0.6717141 -7.183872 14.69844 0.7367803 -7.209473 14.69913 0.7011595 -7.205816 14.70284 0.683709 -7.198851 14.97147 0.8430413 -6.687451 14.93694 0.8167585 -6.684402 14.9218 0.7888619 -6.685427 14.96021 0.7779639 -6.65539 14.94672 0.7396897 -6.642733 14.9326 0.7187028 -6.642563 14.9772 0.7676199 -6.662914 14.96354 0.7207934 -6.659038 14.94947 0.6987817 -6.665723 14.99082 0.7620113 -6.677471 14.98128 0.7197025 -6.675271 14.96888 0.6969795 -6.681909 15.00374 0.7587817 -6.692924 14.99658 0.7237303 -6.69123 14.98952 0.7062005 -6.694341 0 0 0 0 0 0
14 14.89701 0.921263 -6.818871 14.80926 0.9066254 -6.868854 14.98697 0.8951358 -6.778387 14.78173 0.4573358 -6.873379 14.89805 0.5112512 -6.561286 14.89772 0.1081588 -7.029508 14.83117 0.1181931 -6.585845 14.90475 1.092193 -6.812357 14.90955 1.229395 -6.814171 14.90612 1.460336 -6.784436 14.89415 1.549623 -6.742829 14.84774 1.401193 -6.833942 14.97894 1.396672 -6.783659 14.74317 1.386003 -6.882464 15.08922 1.373982 -6.754646 14.6482 1.114911 -6.885836 15.17179 1.109481 -6.830434 14.56768 0.8851574 -6.813788 15.19975 0.8575778 -6.815483 14.7996 0.009497546 -6.928304 14.82779 0.09249797 -6.415747 14.841 1.627021 -6.682724 14.90072 1.625277 -6.661211 0 0 0 14.5622 0.8702558 -6.778148 14.56769 0.8463016 -6.74226 14.56846 0.8200955 -6.724338 14.52342 0.8176764 -6.744665 14.50651 0.7863154 -6.721482 14.50465 0.7668245 -6.705465 14.52007 0.8049402 -6.761368 14.50854 0.7623452 -6.740216 14.51199 0.7391817 -6.726854 14.52543 0.7948418 -6.778632 14.5158 0.7554539 -6.763086 14.51954 0.7316886 -6.751448 14.53245 0.7867887 -6.796007 14.52389 0.7541121 -6.784103 14.52378 0.7364184 -6.776772 15.18552 0.8270365 -6.795814 15.16167 0.7935832 -6.781539 15.15084 0.763728 -6.781295 15.19947 0.7557594 -6.785096 15.19781 0.7136785 -6.77931 15.18702 0.690823 -6.77824 15.21045 0.7518569 -6.80289 15.20475 0.7034795 -6.807544 15.19082 0.6809983 -6.812799 15.21435 0.7531478 -6.823185 15.21052 0.710516 -6.830516 15.19772 0.6880174 -6.837165 15.21697 0.7567084 -6.843098 15.21464 0.7215582 -6.849556 15.20833 0.7040967 -6.854259 0 0 0 0 0 0
15 14.85162 0.9276842 -6.56327 14.75777 0.9075765 -6.597933 14.94802 0.906827 -6.537105 14.7242 0.462994 -6.539645 14.92372 0.4875741 -6.375892 14.83806 0.1418954 -6.747787 14.91073 0.09710064 -6.458901 14.85229 1.098912 -6.56325 14.85394 1.2362 -6.563079 14.84522 1.466745 -6.531416 14.83235 1.554829 -6.487576 14.78432 1.405704 -6.575265 14.91999 1.405778 -6.538419 14.67957 1.382178 -6.619884 15.03253 1.379624 -6.525366 14.62288 1.101385 -6.641459 15.09933 1.108191 -6.591585 14.57378 0.8565761 -6.59543 15.13075 0.8564962 -6.580507 14.75494 0.02200731 -6.656555 14.9281 0.02229639 -6.304929 14.78587 1.63221 -6.42215 14.84778 1.631401 -6.408034 0 0 0 14.57056 0.8374818 -6.561559 14.58021 0.8135289 -6.52656 14.58724 0.7873898 -6.509949 14.54639 0.7732749 -6.535424 14.5397 0.7349653 -6.518257 14.54401 0.7137293 -6.505207 14.54787 0.7617237 -6.553224 14.54835 0.7156537 -6.536736 14.55815 0.6934547 -6.524987 14.55698 0.7551823 -6.570634 14.55775 0.7135673 -6.558245 14.56711 0.6908564 -6.547717 14.56709 0.7510698 -6.587863 14.56778 0.7165592 -6.578311 14.57238 0.699113 -6.57189 15.12092 0.8269088 -6.557052 15.09891 0.7956026 -6.536375 15.08633 0.7665994 -6.533353 15.13304 0.7548987 -6.549471 15.12718 0.7129515 -6.545852 15.11271 0.692385 -6.543102 15.13823 0.7503143 -6.569584 15.12531 0.7032602 -6.573268 15.1063 0.6841809 -6.574544 15.13625 0.7513559 -6.59017 15.1258 0.7095911 -6.595857 15.10824 0.6895714 -6.598164 15.13328 0.7547435 -6.610065 15.125 0.7203186 -6.615457 15.11468 0.704367 -6.617868 0 0 0 0 0 0
16 14.82654 0.9434593 -6.513435 14.73092 0.9219719 -6.541883 14.92472 0.9239975 -6.493556 14.70297 0.4863029 -6.434232 14.93243 0.4832421 -6.397977 14.7676 0.1352963 -6.613137 14.93867 0.09635141 -6.501313 14.82483 1.114679 -6.513775 14.8246 1.251978 -6.513765 14.81402 1.482598 -6.483239 14.80131 1.571416 -6.440856 14.75209 1.420402 -6.523895 14.88926 1.422632 -6.493216 14.64719 1.393066 -6.565926 15.00183 1.394313 -6.486561 14.606 1.11041 -6.596465 15.06192 1.118647 -6.540611 14.57318 0.8598591 -6.571812 15.09067 0.8672194 -6.520161 14.7007 0.02570679 -6.4986 14.97032 0.01701327 -6.351952 14.76013 1.650728 -6.374209 14.82308 1.651017 -6.365903 0 0 0 14.57244 0.8364543 -6.540604 14.58445 0.8102196 -6.508058 14.59431 0.783272 -6.494454 14.55628 0.7670675 -6.522878 14.55715 0.7263137 -6.51082 14.5665 0.7052786 -6.500331 14.55905 0.7580807 -6.541957 14.56753 0.7111053 -6.531187 14.58195 0.6903057 -6.521902 14.56879 0.7548919 -6.559952 14.57637 0.7128285 -6.552268 14.59012 0.6914814 -6.543921 14.57924 0.7541942 -6.577455 14.58574 0.7194497 -6.571693 14.59382 0.7027643 -6.566875 15.08214 0.8402582 -6.49328 15.06116 0.8119092 -6.467819 15.04827 0.7835602 -6.461607 15.09279 0.768825 -6.480104 15.08584 0.7274485 -6.473271 15.07073 0.7078533 -6.468006 15.09601 0.762253 -6.500078 15.08127 0.7156039 -6.498901 15.06153 0.6973348 -6.497077 15.09221 0.7615047 -6.52042 15.08037 0.7197303 -6.521275 15.06238 0.6999949 -6.520218 15.08755 0.7631904 -6.540208 15.07776 0.7287695 -6.541628 15.0668 0.7130633 -6.541642 0 0 0 0 0 0
17 14.83512 0.9511524 -6.482228 14.73927 0.9295075 -6.509745 14.93348 0.9318051 -6.463093 14.71461 0.4870131 -6.429439 14.94692 0.4848796 -6.395048 14.75132 0.1087741 -6.553997 14.95362 0.09738018 -6.500229 14.83339 1.122368 -6.483431 14.83161 1.259654 -6.48405 14.81996 1.4903 -6.454118 14.80789 1.579368 -6.412075 14.75808 1.427635 -6.494119 14.89546 1.43073 -6.464494 14.65364 1.398544 -6.536146 15.00776 1.401082 -6.459217 14.61891 1.115408 -6.57007 15.06517 1.124151 -6.509589 14.59161 0.8634647 -6.554576 15.09256 0.8728998 -6.485438 14.6871 0.02283635 -6.419478 14.99093 0.01802006 -6.352191 14.76714 1.658814 -6.345321 14.83016 1.659215 -6.337531 0 0 0 14.5916 0.8383328 -6.524733 14.60394 0.8109466 -6.493277 14.61456 0.7837012 -6.480892 14.57831 0.7674296 -6.511091 14.57964 0.7259668 -6.501813 14.58877 0.7041599 -6.492818 14.58165 0.7596565 -6.530608 14.59008 0.7121559 -6.522414 14.60374 0.6903402 -6.514383 14.59168 0.7579053 -6.548638 14.59917 0.7155241 -6.542832 14.612 0.693206 -6.535661 14.60232 0.758642 -6.56603 14.60921 0.7237927 -6.561476 14.61692 0.7067377 -6.557419 15.08469 0.8466643 -6.457651 15.06466 0.8191468 -6.430571 15.05162 0.791047 -6.423577 15.09392 0.7751686 -6.443758 15.08893 0.7336455 -6.436147 15.07566 0.7130287 -6.429925 15.09586 0.7681689 -6.463751 15.08286 0.7210928 -6.46069 15.06493 0.7012048 -6.457513 15.09095 0.7671979 -6.483844 15.0809 0.7249708 -6.482471 15.06525 0.7034515 -6.479985 15.08529 0.7686946 -6.503383 15.07637 0.7340127 -6.502842 15.06679 0.7174575 -6.501837 0 0 0 0 0 0
18 14.84855 0.9524496 -6.472749 14.75271 0.9301795 -6.499791 14.94705 0.9336779 -6.453794 14.71703 0.4867176 -6.425051 14.95718 0.4858427 -6.38981 14.74145 0.1028116 -6.536704 14.95358 0.09801903 -6.494693 14.84606 1.123643 -6.475208 14.84307 1.260908 -6.47469 14.83132 1.49139 -6.443558 14.81877 1.580659 -6.402084 14.76921 1.428826 -6.483362 14.90683 1.431983 -6.454823 14.66478 1.399347 -6.525114 15.01896 1.401511 -6.450915 14.63322 1.116253 -6.562336 15.07315 1.124155 -6.502504 14.60766 0.8638408 -6.552569 15.09957 0.8727862 -6.478506 14.67791 0.02190175 -6.398785 15.0007 0.02022853 -6.348634 14.78157 1.660394 -6.333625 14.84495 1.661334 -6.329733 0 0 0 14.60763 0.8377295 -6.523579 14.61954 0.8090982 -6.493078 14.63015 0.7814779 -6.481536 14.59527 0.7662168 -6.512487 14.59321 0.7242619 -6.505966 14.59914 0.7006853 -6.498983 14.599 0.759151 -6.532201 14.60329 0.7107434 -6.526469 14.61306 0.6863693 -6.520363 14.60931 0.7581553 -6.550135 14.61295 0.7150809 -6.545984 14.62167 0.690383 -6.540665 14.62017 0.7596335 -6.567338 14.62441 0.7242555 -6.563721 14.62942 0.7059937 -6.560852 15.09167 0.8463873 -6.450884 15.072 0.8187873 -6.423623 15.05858 0.7908061 -6.416892 15.09895 0.774421 -6.438327 15.09611 0.7325827 -6.431362 15.08502 0.7106707 -6.425293 15.10007 0.7676763 -6.458469 15.08912 0.7200807 -6.455423 15.07346 0.6983784 -6.452143 15.09453 0.7671801 -6.478417 15.08663 0.724519 -6.476567 15.07378 0.7012312 -6.473952 15.08835 0.7691656 -6.497754 15.08062 0.734212 -6.496632 15.07273 0.7167979 -6.495496 0 0 0 0 0 0
20 14.8373 0.910305 -6.4913 14.73938 0.8900442 -6.511687 14.93669 0.8898082 -6.480582 14.71366 0.4865267 -6.314991 14.93676 0.4516932 -6.379425 14.74896 0.09831097 -6.401203 14.95211 0.1949733 -6.684793 14.83693 1.081496 -6.487688 14.83582 1.21877 -6.485357 14.82384 1.448045 -6.44639 14.81628 1.535041 -6.399262 14.76148 1.386682 -6.487653 14.89936 1.389256 -6.460392 14.6529 1.36555 -6.523482 15.01386 1.370842 -6.452069 14.62557 1.093629 -6.611998 15.08227 1.096652 -6.503688 14.59181 0.8422405 -6.600834 15.10638 0.8530496 -6.436331 14.70213 0.01823773 -6.256287 14.95861 0.0262759 -6.651566 14.78017 1.607693 -6.3228 14.84361 1.608792 -6.320257 0 0 0 14.59259 0.8131529 -6.574842 14.6064 0.7803031 -6.549905 14.61737 0.7516232 -6.541798 14.57856 0.7412085 -6.570709 14.57148 0.6994008 -6.567713 14.57266 0.6743554 -6.564366 14.58092 0.7362241 -6.591253 14.58562 0.6875173 -6.591598 14.59561 0.6625841 -6.589249 14.59015 0.7369065 -6.609779 14.59499 0.6938068 -6.611989 14.60576 0.6694177 -6.610141 14.60005 0.7399538 -6.627352 14.60383 0.7044255 -6.629833 14.60934 0.6860849 -6.629969 15.09464 0.831142 -6.406257 15.07077 0.8067031 -6.379333 15.05698 0.780515 -6.367815 15.106 0.7645332 -6.377551 15.10424 0.7255638 -6.360659 15.09368 0.70443 -6.351618 15.11279 0.7545356 -6.395055 15.10518 0.7075278 -6.383787 15.09012 0.6856284 -6.379262 15.11248 0.7496416 -6.415174 15.10644 0.707276 -6.407785 15.093 0.6844298 -6.404375 15.11113 0.7471718 -6.435376 15.10668 0.7120676 -6.429846 15.09971 0.6943802 -6.427512 0 0 0 0 0 0
21 14.78907 0.9284706 -6.268337 14.69205 0.9093159 -6.293512 14.88781 0.9071305 -6.253844 14.69265 0.4673543 -6.209732 14.86291 0.5128482 -6.039137 14.7651 0.1002649 -6.349456 14.86094 0.1367407 -6.173039 14.78933 1.099505 -6.260171 14.78839 1.236699 -6.25491 14.78163 1.464673 -6.207881 14.77574 1.547861 -6.154108 14.71712 1.405869 -6.249559 14.85568 1.405085 -6.225842 14.60631 1.390942 -6.281432 14.97079 1.389867 -6.21962 14.55777 1.112452 -6.332533 15.03697 1.137143 -6.339089 14.51435 0.8713064 -6.266018 15.06093 0.8855979 -6.363827 14.72139 0.01661279 -6.205592 14.87859 0.03227308 -6.037466 14.73442 1.614524 -6.074883 14.79738 1.613564 -6.066683 0 0 0 14.51714 0.8519621 -6.232249 14.531 0.8253132 -6.20079 14.53984 0.7988179 -6.18568 14.49749 0.7877502 -6.20258 14.48663 0.7513581 -6.183484 14.48512 0.729102 -6.171556 14.4956 0.7763339 -6.220429 14.49736 0.7305307 -6.203298 14.50754 0.707796 -6.192982 14.50133 0.7698587 -6.239246 14.50435 0.7279666 -6.228211 14.51588 0.7052603 -6.220102 14.5081 0.7658021 -6.258052 14.50972 0.7310147 -6.249691 14.51519 0.7133693 -6.244638 15.05025 0.8526112 -6.345934 15.028 0.818317 -6.331086 15.01505 0.7893334 -6.330143 15.06447 0.7806099 -6.347843 15.06336 0.7381164 -6.348159 15.05374 0.7147229 -6.348637 15.07156 0.7791994 -6.367846 15.06498 0.7315678 -6.376924 15.05061 0.709304 -6.381911 15.07134 0.7832367 -6.388155 15.06555 0.7417908 -6.399754 15.05144 0.7200842 -6.406404 15.06999 0.789465 -6.407531 15.06625 0.755316 -6.417659 15.05918 0.7383809 -6.423137 0 0 0 0 0 0
22 14.73598 0.8870309 -5.928054 14.63945 0.8680649 -5.955183 14.8342 0.8653157 -5.910876 14.64335 0.4203846 -5.99695 14.79105 0.5009151 -5.648919 14.73361 0.1399074 -6.266348 14.74846 0.1064388 -5.595743 14.73719 1.058174 -5.922779 14.74009 1.195346 -5.917638 14.7427 1.423576 -5.871448 14.73687 1.506461 -5.817202 14.67495 1.366921 -5.910907 14.81405 1.361374 -5.891357 14.56259 1.355766 -5.938633 14.9289 1.343406 -5.888937 14.48992 1.077872 -5.942849 14.98564 1.107115 -6.042137 14.4293 0.8622162 -5.823359 15.01787 0.866782 -6.117384 14.70598 0.01127663 -6.155463 14.73473 0.07837167 -5.426542 14.69685 1.574938 -5.738859 14.75987 1.57349 -5.73114 0 0 0 14.43416 0.8573457 -5.784954 14.45318 0.841667 -5.749117 14.46385 0.8212544 -5.727255 14.41278 0.8124605 -5.730935 14.404 0.7864853 -5.698452 14.40536 0.7707316 -5.678708 14.40809 0.7953018 -5.742597 14.40917 0.7600014 -5.708726 14.42052 0.7429211 -5.691223 14.41122 0.7814047 -5.757625 14.41306 0.7469602 -5.731241 14.42458 0.7283815 -5.715871 14.41559 0.7696015 -5.773676 14.41599 0.7407658 -5.752438 14.42122 0.7260951 -5.741295 15.01189 0.8292194 -6.108688 14.99236 0.7906193 -6.104196 14.98046 0.7620912 -6.111485 15.0301 0.762402 -6.133053 15.03105 0.7217619 -6.145483 15.02201 0.6988453 -6.151237 15.03436 0.7673444 -6.1533 15.02903 0.7237937 -6.174966 15.01444 0.7029978 -6.183997 15.03101 0.7768456 -6.171391 15.02566 0.7399622 -6.193682 15.0116 0.7199177 -6.204394 15.02654 0.788066 -6.187827 15.02322 0.7579245 -6.206885 15.01621 0.7426507 -6.216068 0 0 0 0 0 0
23 14.65508 0.9518877 -5.52348 14.55655 0.930944 -5.539804 14.75492 0.9319606 -5.516364 14.55781 0.4849152 -5.468319 14.80117 0.4869355 -5.44688 14.59567 0.1003883 -5.575903 14.82218 0.09688052 -5.54197 14.65403 1.123107 -5.522007 14.65063 1.260358 -5.520876 14.63935 1.490698 -5.488531 14.62862 1.579594 -5.445767 14.57414 1.427319 -5.521503 14.71396 1.432245 -5.507838 14.4664 1.395985 -5.551972 14.82632 1.40371 -5.516769 14.42996 1.112785 -5.583488 14.87937 1.127462 -5.575044 14.40589 0.8604974 -5.568245 14.91523 0.876223 -5.567674 14.54784 0.02015021 -5.431407 14.87831 0.01726159 -5.400141 14.59474 1.661101 -5.37767 14.65823 1.662429 -5.377285 0 0 0 14.40969 0.8359081 -5.538192 14.42595 0.8095968 -5.507612 14.43857 0.7828587 -5.496012 14.39998 0.764917 -5.522202 14.4045 0.7235082 -5.513722 14.41598 0.7022997 -5.506084 14.40151 0.7568945 -5.541842 14.41284 0.7097411 -5.535295 14.42836 0.6885613 -5.529176 14.40968 0.7551027 -5.560787 14.41918 0.7129254 -5.556685 14.43364 0.6910757 -5.551426 14.41844 0.7558252 -5.579195 14.42649 0.7210372 -5.576441 14.435 0.7040831 -5.57379 14.91156 0.849256 -5.539717 14.8948 0.821254 -5.510959 14.88289 0.792881 -5.503108 14.9242 0.777784 -5.528691 14.9139 0.7371234 -5.52179 14.89647 0.7203829 -5.51433 14.92379 0.7712238 -5.548922 14.9047 0.7262521 -5.546156 14.88244 0.7119553 -5.540958 14.91642 0.7705051 -5.56826 14.90057 0.7300768 -5.567994 14.87975 0.7138876 -5.563628 14.90832 0.7722217 -5.5869 14.89533 0.7388481 -5.587493 14.88204 0.7252087 -5.58548 0 0 0 0 0 0
24 14.67421 0.9535898 -5.51668 14.5763 0.9324629 -5.536172 14.77376 0.9338026 -5.506143 14.56401 0.4863828 -5.466277 14.80571 0.4867287 -5.44229 14.59009 0.1014649 -5.575838 14.81686 0.09779295 -5.543278 14.67296 1.124813 -5.516094 14.6709 1.262096 -5.515841 14.66103 1.492618 -5.484348 14.64997 1.581988 -5.442672 14.59608 1.429785 -5.518858 14.73555 1.433396 -5.501567 14.48888 1.399408 -5.552085 14.84772 1.403329 -5.507218 14.45132 1.116362 -5.583669 14.89916 1.126998 -5.566536 14.4245 0.8643405 -5.568625 14.93092 0.8753202 -5.556037 14.54218 0.02105489 -5.431464 14.87286 0.01839956 -5.401273 14.61679 1.663462 -5.37419 14.68027 1.665028 -5.374743 0 0 0 14.42669 0.8394961 -5.538621 14.44149 0.812967 -5.507495 14.45323 0.7859854 -5.495547 14.41481 0.7686535 -5.523451 14.42031 0.7275887 -5.513937 14.43291 0.7074813 -5.505174 14.41686 0.7607124 -5.543078 14.4293 0.7140308 -5.535302 14.44617 0.6943623 -5.527854 14.42564 0.758845 -5.561737 14.43655 0.7171158 -5.556688 14.45262 0.6967976 -5.550106 14.43505 0.7594745 -5.579823 14.44435 0.7250766 -5.576213 14.45418 0.7090448 -5.572579 14.92675 0.8482432 -5.528257 14.90992 0.8198568 -5.499923 14.89812 0.7913224 -5.492495 14.93914 0.7767143 -5.51731 14.93215 0.7353119 -5.510679 14.91705 0.7162752 -5.503632 14.93906 0.770237 -5.537571 14.92352 0.7239074 -5.535025 14.9035 0.7064452 -5.530424 14.93203 0.7696044 -5.557035 14.91953 0.7280173 -5.55662 14.90139 0.7087409 -5.552936 14.92425 0.7714051 -5.575804 14.91367 0.7371885 -5.57615 14.90233 0.7218402 -5.574565 0 0 0 0 0 0
25 14.69477 0.9540158 -5.512148 14.59739 0.9323992 -5.533669 14.79409 0.9346112 -5.499016 14.57065 0.4870193 -5.464079 14.81301 0.4863388 -5.438658 14.58768 0.1021549 -5.575231 14.81421 0.09820452 -5.543186 14.69314 1.125229 -5.51379 14.69192 1.262522 -5.514132 14.68317 1.493278 -5.48406 14.67293 1.58277 -5.442434 14.61852 1.430773 -5.519698 14.75759 1.433385 -5.49929 14.51183 1.401137 -5.55514 14.86951 1.402014 -5.502197 14.47449 1.117987 -5.58604 14.91858 1.12493 -5.559989 14.4474 0.8660304 -5.570388 14.94654 0.8729395 -5.546585 14.53956 0.02166303 -5.430973 14.87042 0.01904919 -5.401132 14.63801 1.663519 -5.37396 14.70148 1.664503 -5.372199 0 0 0 14.44901 0.8408377 -5.540638 14.46286 0.8135046 -5.509769 14.47422 0.7862937 -5.497979 14.43716 0.7697564 -5.526605 14.43864 0.7281431 -5.51805 14.44777 0.7059948 -5.509934 14.43972 0.7620635 -5.54627 14.44772 0.7143489 -5.538939 14.46088 0.6918772 -5.531939 14.44896 0.7604668 -5.564734 14.45592 0.7179224 -5.559495 14.46809 0.6949602 -5.553276 14.4588 0.7613634 -5.582579 14.46546 0.7264251 -5.578384 14.47277 0.7090705 -5.574881 14.94117 0.8458062 -5.519067 14.92369 0.8175008 -5.491048 14.91102 0.7892379 -5.484032 14.95041 0.7737027 -5.508802 14.94614 0.7318549 -5.502679 14.93371 0.7108233 -5.496122 14.95007 0.7674291 -5.529124 14.93737 0.7202356 -5.526661 14.92011 0.6999401 -5.522532 14.94302 0.7672907 -5.548595 14.93329 0.7249778 -5.54768 14.91845 0.7029843 -5.544481 14.93534 0.7696092 -5.567348 14.92641 0.7349263 -5.56704 14.9172 0.7181925 -5.565689 0 0 0 0 0 0
26 14.7143 0.9535092 -5.512152 14.61734 0.9311226 -5.534773 14.81354 0.9348047 -5.497478 14.576 0.4878111 -5.461254 14.82047 0.4858873 -5.439116 14.58329 0.1035345 -5.574485 14.80944 0.09815457 -5.544673 14.71173 1.124685 -5.515537 14.71083 1.261979 -5.514817 14.70219 1.492673 -5.484234 14.691 1.582368 -5.443297 14.63803 1.43046 -5.521234 14.7767 1.432605 -5.498273 14.53194 1.401356 -5.558886 14.88842 1.400401 -5.499118 14.49603 1.118286 -5.592123 14.93552 1.122926 -5.556666 14.46825 0.8662713 -5.578791 14.96151 0.8708071 -5.541786 14.53467 0.02207711 -5.430934 14.86576 0.0196394 -5.402306 14.65753 1.663133 -5.374118 14.72103 1.664291 -5.373906 0 0 0 14.4688 0.8405772 -5.549436 14.48117 0.8121046 -5.51897 14.49175 0.7844656 -5.507451 14.45611 0.7693524 -5.536962 14.45276 0.7274925 -5.530361 14.45769 0.7035831 -5.52374 14.45921 0.7619709 -5.556668 14.46189 0.7134634 -5.550808 14.4704 0.6885211 -5.545127 14.46899 0.7606202 -5.57487 14.4711 0.717473 -5.570431 14.47844 0.692262 -5.565453 14.47936 0.7617484 -5.592395 14.4825 0.726289 -5.588461 14.48657 0.7077731 -5.585734 14.95496 0.843432 -5.51477 14.93671 0.8148948 -5.487483 14.92341 0.7867522 -5.481198 14.96195 0.7709416 -5.505494 14.95979 0.7288116 -5.50026 14.94946 0.7064245 -5.494589 14.96172 0.7649875 -5.525913 14.95121 0.7172261 -5.524191 14.93623 0.6950414 -5.520983 14.95495 0.7653494 -5.545481 14.94751 0.7225711 -5.544791 14.93546 0.6988301 -5.54246 14.94761 0.7681745 -5.564301 14.9401 0.7331583 -5.563994 14.93264 0.7155389 -5.56313 0 0 0 0 0 0
28 14.69867 0.9107541 -5.534035 14.60051 0.8904145 -5.553107 14.79822 0.8903485 -5.524697 14.57823 0.4866407 -5.356518 14.79821 0.4525898 -5.422009 14.61136 0.09838929 -5.44343 14.81087 0.1968025 -5.728282 14.69818 1.08194 -5.530224 14.69734 1.219211 -5.527638 14.68592 1.448412 -5.488061 14.67883 1.535321 -5.440701 14.62306 1.387166 -5.528729 14.76125 1.389614 -5.503056 14.51407 1.366211 -5.563387 14.87583 1.37118 -5.495982 14.48585 1.094569 -5.652477 14.94358 1.097253 -5.549807 14.45149 0.8433016 -5.640439 14.9688 0.8532749 -5.484234 14.56827 0.01838776 -5.297318 14.81799 0.02804419 -5.695494 14.64358 1.607797 -5.363674 14.70705 1.608913 -5.361858 0 0 0 14.45249 0.8142951 -5.614365 14.46646 0.781459 -5.589499 14.47747 0.7527929 -5.581393 14.43851 0.7423626 -5.609891 14.43121 0.7005941 -5.60686 14.43215 0.6755244 -5.603622 14.4407 0.7373144 -5.630438 14.44533 0.6886014 -5.630776 14.45526 0.6636369 -5.62852 14.44977 0.7379401 -5.649043 14.45448 0.6948244 -5.651205 14.46517 0.670392 -5.649426 14.45952 0.7409337 -5.666707 14.46318 0.7053906 -5.669145 14.46861 0.6870254 -5.669309 14.95745 0.8310879 -5.454214 14.93392 0.8064401 -5.42718 14.92025 0.7801968 -5.415648 14.9692 0.7642271 -5.426262 14.9677 0.7250968 -5.409722 14.95732 0.7038445 -5.400749 14.97577 0.7543929 -5.443942 14.96838 0.707275 -5.432996 14.95344 0.6852981 -5.428469 14.97521 0.7496821 -5.464099 14.96932 0.7072419 -5.457027 14.95596 0.6843422 -5.453657 14.97361 0.7473955 -5.484304 14.96929 0.7122341 -5.479042 14.96239 0.6945103 -5.476783 0 0 0 0 0 0
29 14.65075 0.9280517 -5.306713 14.55364 0.9089879 -5.331624 14.7495 0.906622 -5.2925 14.55522 0.4665214 -5.250506 14.72575 0.5129863 -5.07648 14.62795 0.1001527 -5.391994 14.72257 0.1344575 -5.203351 14.65117 1.099083 -5.298501 14.65021 1.236281 -5.293347 14.64369 1.464278 -5.246396 14.6379 1.547465 -5.192612 14.57901 1.405476 -5.287819 14.71766 1.404659 -5.264593 14.4681 1.390539 -5.319348 14.83278 1.389398 -5.258772 14.41913 1.111902 -5.36921 14.89857 1.136906 -5.37895 14.37588 0.871231 -5.300893 14.92248 0.8855425 -5.405504 14.5849 0.01662932 -5.247856 14.74065 0.03283636 -5.065687 14.59665 1.614146 -5.113363 14.65962 1.613183 -5.105217 0 0 0 14.37886 0.8522688 -5.266925 14.393 0.8259399 -5.235322 14.40198 0.7995875 -5.220045 14.35938 0.7883952 -5.236423 14.34872 0.752229 -5.216791 14.34739 0.7301343 -5.204545 14.35739 0.7767782 -5.25413 14.35916 0.7312402 -5.236306 14.36935 0.7086518 -5.22568 14.36301 0.7700914 -5.272905 14.36612 0.7283291 -5.261412 14.37772 0.7057258 -5.25311 14.36968 0.7658232 -5.291703 14.37137 0.7311342 -5.282955 14.37688 0.7135524 -5.277732 14.9119 0.852434 -5.387781 14.88966 0.8180198 -5.37319 14.87671 0.7890281 -5.372464 14.9262 0.7804641 -5.390169 14.92512 0.7379727 -5.390763 14.9155 0.7145885 -5.391361 14.93323 0.7791843 -5.410202 14.92668 0.7316048 -5.419571 14.91229 0.7093786 -5.424656 14.93295 0.7833443 -5.430485 14.92718 0.7419624 -5.44232 14.91309 0.7202754 -5.449063 14.93153 0.7896882 -5.449819 14.92781 0.7555971 -5.460146 14.92075 0.738686 -5.465707 0 0 0 0 0 0
30 14.59272 0.8863189 -4.949654 14.49582 0.8622963 -4.970786 14.69243 0.8692386 -4.936236 14.57823 0.4227208 -5.019127 14.67259 0.4966895 -4.684962 14.68384 0.1268469 -5.265777 14.69905 0.09828313 -4.676056 14.58746 1.057409 -4.954102 14.58065 1.194193 -4.963829 14.56598 1.425989 -4.946948 14.55254 1.516611 -4.908823 14.50192 1.359649 -4.976151 14.64154 1.367442 -4.96174 14.3906 1.333393 -4.997073 14.75686 1.355053 -4.953585 14.37169 1.046988 -5.008803 14.83897 1.081453 -4.983987 14.36584 0.8224811 -4.890384 14.87038 0.8309469 -4.957142 14.68686 0.01882776 -5.131882 14.66188 0.02883007 -4.523084 14.50784 1.593338 -4.841419 14.57054 1.594823 -4.831446 0 0 0 14.3791 0.8132004 -4.854883 14.40225 0.8001998 -4.820429 14.41547 0.7791999 -4.80061 14.37118 0.7609611 -4.803913 14.37527 0.7333497 -4.771852 14.38714 0.7189401 -4.754782 14.36448 0.7451385 -4.816452 14.37556 0.7062168 -4.788943 14.3918 0.6881947 -4.777167 14.3646 0.733375 -4.833493 14.37429 0.6965776 -4.812568 14.39034 0.6776484 -4.802643 14.36565 0.7238775 -4.851513 14.37268 0.6931115 -4.834581 14.3813 0.6778855 -4.826796 14.85899 0.8014401 -4.934295 14.83855 0.7656031 -4.920531 14.83151 0.7346542 -4.919432 14.8808 0.7342113 -4.914433 14.88442 0.6937158 -4.902023 14.87734 0.6698777 -4.897388 14.89297 0.7296054 -4.931267 14.89479 0.6807247 -4.929913 14.88573 0.6554649 -4.932495 14.8976 0.728946 -4.951437 14.90056 0.6857023 -4.954105 14.89215 0.660737 -4.95861 14.90068 0.7304094 -4.971548 14.90458 0.694907 -4.974216 14.90179 0.6761945 -4.9772 0 0 0 0 0 0
31 14.55771 0.9249927 -4.688921 14.46507 0.9030704 -4.725663 14.65394 0.9060372 -4.660725 14.41535 0.4821489 -4.575562 14.65641 0.477357 -4.525062 14.52072 0.1479383 -4.76685 14.70379 0.1027619 -4.654768 14.55486 1.096197 -4.688443 14.55674 1.233465 -4.686256 14.5452 1.463297 -4.650565 14.5287 1.550016 -4.605245 14.48992 1.403705 -4.703001 14.61999 1.401958 -4.649699 14.39305 1.379072 -4.7624 14.73059 1.377701 -4.62327 14.36361 1.103982 -4.83974 14.78922 1.096644 -4.63288 14.32113 0.8548201 -4.815763 14.81063 0.845675 -4.600987 14.43484 0.02618065 -4.680798 14.6688 0.01032194 -4.513928 14.46247 1.625577 -4.556946 14.51737 1.626616 -4.525042 0 0 0 14.31276 0.8327478 -4.7847 14.31712 0.8072195 -4.749755 14.32269 0.7796025 -4.735099 14.28819 0.7654464 -4.76867 14.28229 0.7259187 -4.754188 14.28728 0.7052568 -4.740472 14.29376 0.7555553 -4.786659 14.29666 0.7087322 -4.772741 14.30793 0.6878914 -4.759872 14.3064 0.7509801 -4.802411 14.30896 0.708807 -4.792376 14.31912 0.6868452 -4.78103 14.31984 0.7488551 -4.817606 14.32235 0.7139809 -4.80985 14.32809 0.6969914 -4.803121 14.79355 0.8206088 -4.57645 14.76513 0.7923498 -4.559539 14.75051 0.7644435 -4.555536 14.80071 0.7514431 -4.5529 14.79455 0.7102135 -4.54458 14.78063 0.6891618 -4.542858 14.81131 0.743412 -4.569499 14.8002 0.6958188 -4.567075 14.78331 0.6749367 -4.569481 14.81537 0.7406685 -4.589619 14.80652 0.6981569 -4.588983 14.79081 0.6767008 -4.591609 14.81835 0.7403355 -4.609794 14.81062 0.705367 -4.610085 14.8011 0.6888456 -4.611879 0 0 0 0 0 0
32 14.67747 0.9364303 -4.781669 14.60006 0.9164415 -4.845093 14.7604 0.9155968 -4.725979 14.51334 0.488371 -4.736578 14.70771 0.4694561 -4.684933 14.56463 0.09993663 -4.815097 14.78395 0.09015139 -4.78862 14.67658 1.10764 -4.779255 14.67786 1.244361 -4.766743 14.65847 1.473306 -4.728824 14.6262 1.559464 -4.691653 14.62193 1.416464 -4.798039 14.72835 1.410297 -4.706389 14.5479 1.393067 -4.884587 14.82462 1.382071 -4.647613 14.5455 1.125709 -4.989645 14.87803 1.0999 -4.640545 14.49702 0.8774274 -5.011248 14.87758 0.8476679 -4.611568 14.43245 0.02250918 -4.736746 14.64462 0.02540006 -4.711162 14.55007 1.633665 -4.658082 14.59752 1.6361 -4.61594 0 0 0 14.47806 0.8518047 -4.988744 14.46802 0.8230693 -4.957677 14.46796 0.7939165 -4.945081 14.45247 0.7830414 -4.991311 14.44442 0.7418242 -4.984736 14.44557 0.7200522 -4.971909 14.46522 0.7753686 -5.006516 14.46524 0.727302 -4.997345 14.47196 0.7055537 -4.982897 14.48329 0.7727172 -5.016275 14.48345 0.7297148 -5.010223 14.48915 0.706677 -4.997935 14.50175 0.7724331 -5.02494 14.50269 0.7369786 -5.019961 14.50612 0.7194703 -5.012994 14.8517 0.8229722 -4.59599 14.81751 0.7966698 -4.590427 14.80042 0.7700329 -4.59307 14.84581 0.7521744 -4.577476 14.83513 0.7111673 -4.574113 14.8211 0.6904215 -4.577691 14.8606 0.7441447 -4.590483 14.84712 0.6972298 -4.593887 14.83168 0.6766199 -4.601879 14.87074 0.7422096 -4.608435 14.86008 0.7002992 -4.61241 14.84585 0.6790654 -4.620206 14.88006 0.7427755 -4.62657 14.87107 0.7083852 -4.630949 14.86244 0.6920767 -4.636077 0 0 0 0 0 0
33 14.72467 0.9401301 -4.795404 14.65817 0.9242193 -4.871158 14.79906 0.9161474 -4.7298 14.5025 0.5045448 -4.823588 14.74235 0.4679264 -4.708294 14.56276 0.1109048 -4.857606 14.76499 0.08804169 -4.836591 14.71804 1.110449 -4.779071 14.7167 1.243427 -4.744922 14.68152 1.468504 -4.696629 14.64466 1.557113 -4.671407 14.66802 1.417451 -4.777673 14.74343 1.403947 -4.659803 14.62675 1.402621 -4.885357 14.81608 1.371955 -4.574852 14.64314 1.140783 -5.002384 14.87437 1.090809 -4.58395 14.58549 0.8973439 -5.045686 14.8847 0.8371276 -4.583963 14.40595 0.04342445 -4.879157 14.698 0.01529112 -4.695792 14.5659 1.635729 -4.678164 14.58534 1.634745 -4.617714 0 0 0 14.55797 0.873171 -5.032261 14.53495 0.8454504 -5.007896 14.52803 0.8163767 -4.997151 14.53022 0.8065977 -5.045961 14.51759 0.7660603 -5.043869 14.51265 0.7443232 -5.031913 14.54699 0.7980251 -5.05584 14.54038 0.7500818 -5.048615 14.53996 0.7279286 -5.033251 14.56712 0.794026 -5.058572 14.56197 0.75114 -5.054092 14.56118 0.7277287 -5.041225 14.5874 0.7923527 -5.060068 14.58393 0.7569373 -5.056019 14.58335 0.7392294 -5.048745 14.85721 0.8096861 -4.58023 14.82541 0.781203 -4.58856 14.81246 0.7541007 -4.598869 14.85129 0.7371421 -4.570631 14.84346 0.6955121 -4.57419 14.83332 0.6743993 -4.583736 14.8702 0.7312562 -4.578394 14.86251 0.6842365 -4.589551 14.85252 0.6635144 -4.603612 14.8859 0.7317058 -4.591888 14.88063 0.6898652 -4.602254 14.87173 0.6686131 -4.615798 14.90069 0.7346181 -4.60563 14.89649 0.7003356 -4.615105 14.89154 0.6840172 -4.623819 0 0 0 0 0 0
34 14.7142 0.9447354 -4.720547 14.70336 0.9248717 -4.820054 14.73365 0.9236069 -4.622622 14.60718 0.4860997 -4.857257 14.68381 0.4743161 -4.629436 14.7149 0.100668 -4.856757 14.78086 0.09681883 -4.725429 14.71509 1.115959 -4.719585 14.71587 1.252649 -4.706694 14.68396 1.482894 -4.692601 14.63934 1.571449 -4.688931 14.70588 1.425669 -4.767446 14.7142 1.418245 -4.62731 14.7201 1.40293 -4.88058 14.73899 1.382193 -4.519585 14.75819 1.126919 -4.95051 14.7989 1.102363 -4.494516 14.7153 0.8797379 -4.989526 14.79828 0.8489231 -4.479405 14.58931 0.02009561 -4.942433 14.69637 0.01323422 -4.601009 14.56442 1.649482 -4.715885 14.56771 1.648699 -4.652471 0 0 0 14.68336 0.8575583 -4.986347 14.65105 0.8325364 -4.971441 14.63822 0.8053144 -4.961293 14.66043 0.7896178 -5.002099 14.6475 0.7492326 -5.005108 14.63787 0.7268851 -4.99821 14.6793 0.7798209 -5.00259 14.66822 0.7323174 -4.998698 14.66062 0.7089993 -4.9875 14.6984 0.7755603 -4.99583 14.68964 0.7330859 -4.993592 14.68273 0.7089136 -4.984529 14.71724 0.773775 -4.988202 14.71037 0.7387318 -4.985455 14.70619 0.7206894 -4.980574 14.77174 0.8206279 -4.48358 14.74417 0.7912721 -4.499994 14.73619 0.7635412 -4.513262 14.76572 0.7478261 -4.47627 14.76099 0.7057961 -4.480527 14.75478 0.6840056 -4.491771 14.78623 0.7426048 -4.478475 14.78428 0.6952478 -4.490642 14.77981 0.6738563 -4.506433 14.80504 0.7436908 -4.487055 14.80499 0.7014514 -4.497139 14.80171 0.6790764 -4.511383 14.82297 0.747214 -4.496119 14.82321 0.7125838 -4.50525 14.82193 0.6956132 -4.514035 0 0 0 0 0 0
35 14.71476 0.94915 -4.752749 14.72079 0.9283441 -4.852471 14.71724 0.9289143 -4.65276 14.65699 0.4809147 -4.859272 14.65321 0.4819063 -4.624012 14.77026 0.09590151 -4.861576 14.75446 0.0932885 -4.635705 14.71646 1.12037 -4.753208 14.71981 1.257624 -4.7542 14.6936 1.489006 -4.751982 14.65578 1.580737 -4.750973 14.71542 1.427638 -4.8235 14.72094 1.426918 -4.683032 14.72925 1.400266 -4.935652 14.74125 1.390025 -4.574655 14.74838 1.117523 -4.982697 14.81315 1.11366 -4.543435 14.72088 0.8666239 -5.01016 14.79592 0.8616843 -4.517511 14.62253 0.01567777 -4.898249 14.61879 0.01251652 -4.567346 14.58224 1.663135 -4.766211 14.59585 1.662276 -4.704187 0 0 0 14.69012 0.8437005 -5.003056 14.66089 0.8173339 -4.984549 14.64964 0.7904275 -4.97198 14.66842 0.7742622 -5.01292 14.6589 0.7332441 -5.018746 14.65265 0.7088647 -5.01621 14.68753 0.7650404 -5.014426 14.67958 0.71676 -5.014972 14.67505 0.6906917 -5.009786 14.70726 0.7617846 -5.009055 14.70085 0.7188597 -5.010532 14.69676 0.6926836 -5.00701 14.7267 0.761042 -5.002939 14.72169 0.7255812 -5.00328 14.71942 0.7065819 -5.002461 14.76841 0.8340847 -4.519458 14.73839 0.8057232 -4.53311 14.72988 0.7778875 -4.545809 14.76134 0.761331 -4.512625 14.75556 0.7193776 -4.516301 14.74758 0.6979827 -4.527188 14.78139 0.7556731 -4.516909 14.7785 0.7086584 -4.530167 14.77254 0.6879806 -4.546412 14.79929 0.7564645 -4.527282 14.799 0.7142804 -4.53759 14.79497 0.6918514 -4.551553 14.81633 0.7597207 -4.538013 14.81645 0.7251205 -4.547259 14.81485 0.7081043 -4.555902 0 0 0 0 0 0
36 14.71462 0.947162 -4.773276 14.72057 0.9256558 -4.872854 14.71706 0.9276062 -4.67315 14.64048 0.4825323 -4.871968 14.64736 0.4826318 -4.630829 14.77283 0.107314 -4.832532 14.74395 0.09277829 -4.63592 14.71679 1.118369 -4.77491 14.71901 1.255593 -4.778885 14.69098 1.486747 -4.78231 14.65042 1.57729 -4.780437 14.7132 1.423816 -4.852328 14.71889 1.426585 -4.711892 14.72789 1.393772 -4.963685 14.74137 1.394074 -4.602549 14.7506 1.110599 -5.006354 14.80618 1.117105 -4.562411 14.72783 0.859097 -5.032608 14.78773 0.8658236 -4.531139 14.64154 0.01590975 -4.895889 14.61125 0.01299836 -4.560868 14.57744 1.657557 -4.806108 14.58132 1.656229 -4.742735 0 0 0 14.69756 0.8352426 -5.026565 14.66844 0.8082424 -5.008816 14.65746 0.781043 -4.99664 14.67807 0.765356 -5.03779 14.66934 0.7239279 -5.041601 14.66312 0.6998605 -5.036919 14.69746 0.7566873 -5.038911 14.69058 0.7082705 -5.037201 14.68614 0.6828226 -5.029478 14.71714 0.7539143 -5.033072 14.7119 0.7108083 -5.032503 14.708 0.6850953 -5.026346 14.73643 0.7536362 -5.026467 14.73253 0.7180547 -5.025292 14.73052 0.699186 -5.022696 14.75897 0.8394874 -4.532282 14.72769 0.8122467 -4.545376 14.71784 0.7844154 -4.55708 14.74833 0.767546 -4.522231 14.74012 0.7260196 -4.526127 14.73083 0.7055858 -4.537787 14.76815 0.7607574 -4.525907 14.76274 0.7139737 -4.539191 14.75548 0.694369 -4.556218 14.78622 0.7602198 -4.535997 14.78363 0.7181387 -4.546404 14.77799 0.6966679 -4.561287 14.80356 0.7621654 -4.546574 14.80189 0.7275901 -4.555764 14.7991 0.7110316 -4.564975 0 0 0 0 0 0
37 14.71353 0.9485551 -4.784147 14.71638 0.9272257 -4.883901 14.71916 0.928837 -4.684182 14.6229 0.4873601 -4.882322 14.65021 0.4842341 -4.635681 14.77284 0.1201214 -4.836728 14.7454 0.09387561 -4.634727 14.71535 1.119769 -4.785554 14.71658 1.256979 -4.790319 14.68627 1.487763 -4.797348 14.64309 1.577087 -4.799109 14.70838 1.423868 -4.866525 14.71548 1.429075 -4.726222 14.72239 1.392382 -4.977569 14.74031 1.399891 -4.616447 14.7467 1.109006 -5.017947 14.80015 1.122736 -4.570318 14.72549 0.8570493 -5.04095 14.78541 0.8718747 -4.534092 14.64153 0.02190246 -4.888854 14.61266 0.01455822 -4.559258 14.56993 1.656424 -4.827065 14.57341 1.656562 -4.763657 0 0 0 14.69559 0.8329222 -5.034167 14.66688 0.8061177 -5.015493 14.65629 0.7791346 -5.002512 14.67706 0.7625064 -5.043559 14.6689 0.720822 -5.045204 14.66294 0.6970596 -5.038896 14.69658 0.7540907 -5.044559 14.69048 0.7057144 -5.040429 14.68637 0.6808171 -5.030932 14.71631 0.7517453 -5.038751 14.71183 0.7086347 -5.036049 14.70827 0.6833727 -5.028089 14.73564 0.7519076 -5.032236 14.73244 0.7163503 -5.02939 14.7307 0.6976666 -5.025552 14.7561 0.8461346 -4.534686 14.72433 0.8194176 -4.547671 14.71389 0.7915503 -4.558758 14.74376 0.774854 -4.522176 14.73412 0.7339309 -4.528459 14.72402 0.7153974 -4.542399 14.76347 0.7675131 -4.525321 14.75669 0.7216225 -4.540895 14.74855 0.7045677 -4.560127 14.78166 0.76622 -4.535127 14.77794 0.7248694 -4.547859 14.77109 0.7058687 -4.565362 14.79917 0.7674058 -4.54552 14.79678 0.733332 -4.556287 14.79312 0.7180945 -4.567298 0 0 0 0 0 0
38 14.71246 0.9500419 -4.788532 14.71363 0.9288019 -4.888338 14.72017 0.93032 -4.688706 14.62847 0.4869546 -4.879492 14.65415 0.4859362 -4.633853 14.76672 0.1135547 -4.845587 14.74973 0.09561845 -4.630983 14.71256 1.121266 -4.789838 14.71206 1.258499 -4.794048 14.67925 1.488894 -4.802499 14.63443 1.577376 -4.805336 14.70193 1.424798 -4.871305 14.70922 1.430981 -4.731051 14.71611 1.392712 -4.982156 14.73477 1.403591 -4.620979 14.74188 1.109156 -5.02031 14.79497 1.126932 -4.572416 14.72249 0.8568357 -5.040788 14.78615 0.8761504 -4.533797 14.62707 0.02273258 -4.888639 14.61719 0.01600685 -4.555488 14.56133 1.657462 -4.83124 14.56693 1.657854 -4.767983 0 0 0 14.69309 0.832339 -5.033207 14.66488 0.805766 -5.013457 14.65486 0.7789719 -4.999666 14.6757 0.7614347 -5.040969 14.66795 0.7197037 -5.03866 14.66207 0.6970318 -5.0291 14.69535 0.7533394 -5.041999 14.6901 0.7054315 -5.033522 14.6862 0.6821769 -5.020447 14.71518 0.7514559 -5.036346 14.71174 0.7086759 -5.029723 14.70844 0.6848779 -5.018017 14.73457 0.7520872 -5.030035 14.73235 0.7168223 -5.024191 14.73085 0.6988452 -5.017756 14.7572 0.8499913 -4.53357 14.72564 0.8228417 -4.546153 14.71538 0.7947332 -4.556798 14.74598 0.7788438 -4.519361 14.7364 0.7384579 -4.528537 14.72608 0.7219958 -4.544737 14.76577 0.7717137 -4.522501 14.75898 0.7268949 -4.54093 14.75033 0.712779 -4.562212 14.7839 0.7704567 -4.532425 14.7802 0.7301025 -4.548037 14.77254 0.7140914 -4.568014 14.80131 0.7716551 -4.542987 14.79909 0.7383156 -4.55588 14.79486 0.7247814 -4.568752 0 0 0 0 0 0
39 14.70864 0.9516976 -4.782352 14.71068 0.930675 -4.882191 14.71566 0.9318002 -4.682511 14.63564 0.4860153 -4.874592 14.65338 0.486371 -4.631574 14.75724 0.1051662 -4.851558 14.75194 0.09674629 -4.631016 14.70794 1.122923 -4.7833 14.70694 1.260172 -4.786833 14.67367 1.490527 -4.794539 14.62954 1.579301 -4.798737 14.6972 1.426808 -4.863411 14.70306 1.432349 -4.723063 14.71255 1.395219 -4.974249 14.7273 1.404213 -4.612885 14.73871 1.111884 -5.013741 14.79002 1.12783 -4.565957 14.72066 0.859603 -5.03586 14.78235 0.876854 -4.528371 14.61124 0.02133622 -4.887073 14.61952 0.01723786 -4.555193 14.55637 1.660021 -4.822388 14.5649 1.661208 -4.75947 0 0 0 14.69151 0.8347437 -5.028454 14.66337 0.8082107 -5.008565 14.65355 0.7813741 -4.994706 14.67496 0.7636785 -5.036545 14.667 0.7223321 -5.030696 14.66076 0.7013598 -5.018007 14.6947 0.7558109 -5.037557 14.6895 0.7087547 -5.025178 14.68523 0.6879153 -5.008611 14.71453 0.7541301 -5.03186 14.71157 0.7120582 -5.021515 14.70802 0.6905633 -5.006035 14.7339 0.7549558 -5.025497 14.73206 0.7202779 -5.016736 14.73036 0.7035589 -5.007549 14.75377 0.8502972 -4.528113 14.72262 0.8225878 -4.540504 14.71281 0.794259 -4.550989 14.74351 0.7790416 -4.513718 14.73476 0.7381406 -4.521306 14.72487 0.7204633 -4.536457 14.7634 0.7721775 -4.516808 14.75739 0.7265895 -4.533545 14.74915 0.7109219 -4.553879 14.78157 0.7711437 -4.526701 14.77836 0.7301524 -4.540677 14.77116 0.7126053 -4.559504 14.79897 0.7725534 -4.537239 14.79707 0.7387603 -4.548947 14.79318 0.724357 -4.560959 0 0 0 0 0 0
40 14.7027 0.9534901 -4.761631 14.70696 0.9321914 -4.861341 14.70739 0.9338434 -4.661603 14.6373 0.4859082 -4.864079 14.65022 0.486241 -4.624911 14.75058 0.1012536 -4.856393 14.75263 0.09763279 -4.633969 14.70253 1.124713 -4.763047 14.7026 1.261992 -4.765389 14.67063 1.492598 -4.770636 14.62728 1.581815 -4.773511 14.69463 1.429607 -4.840009 14.69886 1.433389 -4.699544 14.71106 1.39925 -4.951035 14.72138 1.403407 -4.589488 14.73547 1.115986 -4.992136 14.7858 1.126823 -4.546195 14.71544 0.8639712 -5.015545 14.77611 0.8753346 -4.512722 14.60085 0.02079429 -4.883103 14.6205 0.01825943 -4.557515 14.55406 1.662314 -4.797739 14.56165 1.663141 -4.734694 0 0 0 14.68607 0.8391214 -5.009053 14.65743 0.8125566 -4.989922 14.64727 0.785559 -4.976643 14.66926 0.7683297 -5.018844 14.66035 0.7272865 -5.012278 14.65337 0.7071225 -4.998694 14.68897 0.7603782 -5.019752 14.68272 0.7136654 -5.006588 14.67763 0.6939022 -4.988966 14.70872 0.7584727 -5.013824 14.70494 0.7167222 -5.002488 14.70059 0.6963229 -4.985781 14.728 0.7590617 -5.007183 14.72542 0.7246711 -4.997522 14.72308 0.7086303 -4.987322 14.74774 0.8485507 -4.512741 14.71691 0.8204328 -4.525028 14.7075 0.7919819 -4.535538 14.73802 0.7770956 -4.498972 14.73008 0.735611 -4.503762 14.72078 0.7159999 -4.516757 14.75798 0.7704162 -4.502086 14.75263 0.7237706 -4.515874 14.74503 0.7054358 -4.534125 14.77616 0.7696111 -4.511956 14.77333 0.7277333 -4.523096 14.76695 0.707601 -4.539475 14.79358 0.7712487 -4.522451 14.7918 0.7368164 -4.532145 14.78848 0.7210037 -4.542428 0 0 0 0 0 0
41 14.70294 0.9535246 -4.743958 14.70857 0.9317132 -4.843489 14.70582 0.9343003 -4.64378 14.63548 0.4864137 -4.858339 14.64795 0.4862581 -4.615491 14.74898 0.1019317 -4.856041 14.75052 0.09808048 -4.633592 14.70461 1.124731 -4.746153 14.70442 1.26201 -4.748462 14.67285 1.492678 -4.753465 14.62975 1.581995 -4.756827 14.69792 1.429886 -4.822639 14.69981 1.433192 -4.682112 14.71615 1.399878 -4.933483 14.72034 1.402404 -4.571887 14.74195 1.116509 -4.972975 14.78311 1.125214 -4.530084 14.7239 0.86431 -4.996 14.77 0.8735932 -4.498847 14.59951 0.02155771 -4.884419 14.6174 0.01907881 -4.558463 14.55582 1.662169 -4.779952 14.56439 1.663073 -4.717035 0 0 0 14.69509 0.838758 -4.989728 14.66714 0.8109987 -4.971285 14.65757 0.7836861 -4.958205 14.68032 0.7674472 -4.999029 14.67263 0.725674 -4.99731 14.66641 0.702989 -4.988009 14.70024 0.7600129 -4.999524 14.6947 0.7120358 -4.991647 14.69016 0.6888468 -4.978664 14.71993 0.7586939 -4.993249 14.71608 0.7159522 -4.986605 14.71211 0.6923279 -4.974755 14.73907 0.7598633 -4.986296 14.73608 0.7247806 -4.979745 14.73392 0.7070925 -4.972723 14.74162 0.8468493 -4.499965 14.71087 0.8189111 -4.512834 14.70159 0.7907566 -4.524232 14.7319 0.7748604 -4.489335 14.72474 0.7330268 -4.491718 14.71624 0.7116544 -4.502246 14.75184 0.7683159 -4.492799 14.74682 0.7209427 -4.503982 14.73997 0.7000723 -4.519617 14.77 0.767939 -4.502748 14.76689 0.7254632 -4.511235 14.76131 0.7029256 -4.524469 14.78738 0.7700304 -4.513211 14.78505 0.7352228 -4.521314 14.78213 0.7182073 -4.529608 0 0 0 0 0 0
42 14.70894 0.9529813 -4.726456 14.71418 0.9306569 -4.825894 14.71219 0.9342663 -4.626192 14.63219 0.487791 -4.852687 14.65204 0.4860805 -4.607066 14.74446 0.103402 -4.863982 14.75095 0.09802016 -4.640624 14.71075 1.124173 -4.729532 14.70861 1.261442 -4.73139 14.67522 1.49188 -4.735034 14.63265 1.581449 -4.73838 14.70041 1.42964 -4.804664 14.70302 1.43224 -4.664133 14.71824 1.400378 -4.915771 14.7242 1.400577 -4.55428 14.74727 1.117419 -4.955941 14.78957 1.123467 -4.516071 14.7321 0.8651518 -4.980272 14.7772 0.8716328 -4.486279 14.59593 0.02074697 -4.890623 14.62223 0.02007427 -4.557201 14.55782 1.661726 -4.757992 14.56963 1.662859 -4.695605 0 0 0 14.7036 0.8391271 -4.974539 14.67614 0.8103104 -4.957019 14.66695 0.7825763 -4.944566 14.68993 0.7677249 -4.984766 14.68339 0.7258065 -4.987424 14.67811 0.7016942 -4.981894 14.70996 0.7605781 -4.985168 14.70523 0.7119735 -4.98205 14.70151 0.6867723 -4.97322 14.72961 0.759466 -4.978736 14.72607 0.716248 -4.976383 14.72283 0.6908088 -4.968862 14.74868 0.7608263 -4.971601 14.7457 0.725298 -4.968197 14.74398 0.7066671 -4.964105 14.74926 0.8444526 -4.487889 14.719 0.816055 -4.500906 14.71026 0.7879152 -4.512756 14.74082 0.7720592 -4.479065 14.73503 0.729952 -4.479705 14.72755 0.7074298 -4.48846 14.76084 0.7659433 -4.482841 14.75697 0.7180899 -4.492305 14.7511 0.6956736 -4.50609 14.77893 0.7661298 -4.492926 14.77664 0.7232779 -4.499585 14.77217 0.699334 -4.510581 14.7962 0.7687837 -4.503456 14.79431 0.7336938 -4.510372 14.7921 0.71595 -4.517232 0 0 0 0 0 0
44 14.71754 0.9269027 -4.759704 14.70221 0.9089328 -4.85898 14.74128 0.9039026 -4.66316 14.57895 0.4765962 -4.845007 14.59563 0.4822042 -4.607195 14.7001 0.09614655 -4.836694 14.83487 0.1788553 -4.707868 14.7189 1.098076 -4.755578 14.72028 1.235307 -4.759675 14.69044 1.466222 -4.755549 14.64788 1.555015 -4.743267 14.69812 1.403874 -4.829105 14.73278 1.405921 -4.692882 14.68137 1.38034 -4.94173 14.77414 1.383975 -4.586455 14.69978 1.100642 -5.004602 14.84919 1.108862 -4.551766 14.66265 0.8503074 -5.024966 14.80788 0.8610551 -4.515073 14.55143 0.0131438 -4.861457 14.77478 0.02924379 -4.647776 14.56589 1.630471 -4.746907 14.58825 1.630906 -4.687469 0 0 0 14.63804 0.8240423 -5.009903 14.62018 0.7932627 -4.9849 14.61587 0.7643467 -4.972494 14.61636 0.7547534 -5.020802 14.60398 0.7140976 -5.021636 14.59867 0.6904131 -5.01451 14.63354 0.7475206 -5.031057 14.62936 0.6989549 -5.026769 14.62975 0.6743914 -5.015658 14.65386 0.7453724 -5.034418 14.65279 0.7020572 -5.031497 14.65444 0.6775928 -5.020864 14.67414 0.7455883 -5.036612 14.6738 0.7098227 -5.034768 14.67484 0.6913667 -5.029756 14.77758 0.8364798 -4.514917 14.74534 0.8094713 -4.526012 14.73262 0.7816736 -4.534612 14.76166 0.7671422 -4.496786 14.74809 0.7269438 -4.494152 14.73674 0.7057093 -4.501908 14.78118 0.7588154 -4.498224 14.77157 0.7112442 -4.504478 14.76315 0.6896203 -4.518203 14.79977 0.7559579 -4.506906 14.79407 0.713305 -4.512745 14.78727 0.6909382 -4.525701 14.8178 0.7555397 -4.516428 14.81379 0.7202649 -4.521151 14.81016 0.7028547 -4.528257 0 0 0 0 0 0
45 14.52058 0.9253396 -4.639766 14.47784 0.9104544 -4.731229 14.57048 0.8994127 -4.554615 14.44128 0.462118 -4.748688 14.38463 0.5023792 -4.452395 14.61343 0.1056933 -4.804236 14.35352 0.1102298 -4.523069 14.52363 1.0963 -4.630678 14.52953 1.233471 -4.630191 14.5118 1.464773 -4.609844 14.47923 1.554442 -4.582544 14.49197 1.405178 -4.683411 14.57031 1.400923 -4.566758 14.43381 1.390242 -4.782973 14.64302 1.37905 -4.478712 14.3568 1.119505 -4.840369 14.75163 1.113231 -4.48699 14.25155 0.8886183 -4.831798 14.75537 0.8616066 -4.453351 14.47358 0.007376455 -4.784759 14.25851 0.05809887 -4.389424 14.40145 1.632187 -4.564229 14.43787 1.630429 -4.512231 0 0 0 14.22672 0.8722916 -4.806515 14.2106 0.8469768 -4.775033 14.20106 0.8200526 -4.761155 14.17626 0.8190287 -4.803871 14.14957 0.7870837 -4.795253 14.13944 0.7671908 -4.783359 14.18325 0.80709 -4.820029 14.16243 0.7637497 -4.810939 14.15817 0.7400738 -4.798761 14.19767 0.7976518 -4.831513 14.18159 0.7577071 -4.825855 14.1786 0.7334912 -4.814952 14.21348 0.7902311 -4.842038 14.20024 0.7571405 -4.838541 14.19636 0.7391589 -4.833205 14.73049 0.8325051 -4.445832 14.7014 0.8002517 -4.448103 14.69146 0.7705706 -4.453474 14.73117 0.7617317 -4.426327 14.72409 0.7201871 -4.420773 14.71386 0.6975224 -4.425411 14.75063 0.7566174 -4.433235 14.7467 0.7081088 -4.438327 14.73812 0.685348 -4.449964 14.76638 0.7566666 -4.446686 14.76588 0.7137098 -4.453036 14.75903 0.6908994 -4.465166 14.78099 0.759026 -4.46072 14.78146 0.723573 -4.465776 14.77868 0.7058833 -4.472574 0 0 0 0 0 0
46 14.34162 0.9035851 -4.441387 14.30727 0.8808291 -4.534748 14.38408 0.8852889 -4.350416 14.32499 0.4326756 -4.502782 14.1802 0.5005237 -4.238317 14.58122 0.1313142 -4.556789 14.23318 0.1051339 -4.254144 14.3421 1.074758 -4.445729 14.34536 1.211935 -4.45049 14.32108 1.443411 -4.44279 14.27966 1.532433 -4.428458 14.31233 1.380418 -4.515674 14.37438 1.382731 -4.389553 14.27333 1.356434 -4.622551 14.43357 1.363628 -4.291314 14.26999 1.071968 -4.662443 14.51556 1.089785 -4.262868 14.17981 0.8369536 -4.629328 14.52495 0.8379927 -4.231669 14.46352 0.0176492 -4.503578 14.10219 0.0236977 -4.177896 14.19811 1.608435 -4.427 14.22443 1.60903 -4.369207 0 0 0 14.15447 0.8234813 -4.602896 14.13631 0.8059055 -4.567497 14.12778 0.7826458 -4.547626 14.11239 0.7646316 -4.590406 14.09025 0.7314519 -4.575706 14.08218 0.7138467 -4.559438 14.12313 0.7504018 -4.602008 14.10834 0.7080855 -4.582387 14.10679 0.6887503 -4.563661 14.14017 0.7410403 -4.609144 14.12965 0.7019752 -4.593361 14.12916 0.6818429 -4.575791 14.15816 0.7340872 -4.615784 14.14963 0.7015155 -4.603579 14.1479 0.6854778 -4.593252 14.50118 0.8073756 -4.227198 14.47657 0.7725936 -4.235937 14.47041 0.7423814 -4.243546 14.50346 0.7372733 -4.205512 14.49879 0.6952243 -4.201377 14.49121 0.6719846 -4.207888 14.52406 0.7333985 -4.209107 14.52481 0.6847237 -4.214078 14.51993 0.6614712 -4.226826 14.5417 0.7342666 -4.219913 14.54559 0.6913897 -4.2256 14.54242 0.6682343 -4.238564 14.55817 0.7373456 -4.231549 14.56251 0.7020454 -4.235763 14.56222 0.6842547 -4.24285 0 0 0 0 0 0
47 14.12025 0.918084 -4.487448 14.11802 0.8911622 -4.585855 14.13176 0.9041846 -4.38701 13.94232 0.4778834 -4.56335 13.99288 0.4767935 -4.368847 14.24106 0.2130381 -4.561242 14.09731 0.09245446 -4.398018 14.11858 1.088946 -4.498523 14.11977 1.226156 -4.493741 14.08878 1.456815 -4.485644 14.04236 1.544413 -4.481358 14.10936 1.397435 -4.559177 14.11983 1.393922 -4.419033 14.11218 1.380883 -4.674229 14.13917 1.37214 -4.306471 14.15018 1.102155 -4.732451 14.2042 1.096966 -4.255741 14.08293 0.8581538 -4.752473 14.18502 0.8453653 -4.22763 14.19421 0.0486671 -4.581062 13.95084 0.01114615 -4.358757 13.96147 1.617696 -4.504026 13.96832 1.617273 -4.440893 0 0 0 14.05274 0.8367214 -4.740153 14.02829 0.8090425 -4.71718 14.01914 0.7814106 -4.704479 14.02332 0.7702187 -4.750233 14.00638 0.7312327 -4.750658 13.99721 0.7089733 -4.742894 14.04068 0.7599489 -4.756999 14.03078 0.7130393 -4.747202 14.02723 0.6915317 -4.731335 14.06075 0.7548688 -4.756769 14.054 0.7127352 -4.748708 14.05116 0.6908767 -4.733593 14.08094 0.7522281 -4.755542 14.07587 0.7172556 -4.749721 14.07386 0.7000189 -4.741618 14.15854 0.8172319 -4.233045 14.13514 0.7853473 -4.25114 14.1283 0.7561897 -4.261708 14.14632 0.7473103 -4.214297 14.13662 0.7059577 -4.212618 14.12991 0.6830965 -4.221117 14.16638 0.741429 -4.210331 14.16372 0.6928098 -4.215192 14.16136 0.6696071 -4.228721 14.18674 0.740535 -4.214002 14.18783 0.6973655 -4.21859 14.18716 0.6741859 -4.231877 14.20651 0.7419536 -4.218796 14.20822 0.7063032 -4.221766 14.20863 0.6883748 -4.228491 0 0 0 0 0 0
48 13.80259 0.940782 -4.495629 13.80702 0.9169581 -4.594758 13.80726 0.9237147 -4.395128 13.6496 0.4966571 -4.622044 13.76293 0.4737667 -4.394994 13.76057 0.1138009 -4.599748 13.88661 0.09366306 -4.432167 13.8018 1.111911 -4.50142 13.80202 1.249126 -4.496643 13.76788 1.479476 -4.494945 13.72232 1.567575 -4.498005 13.79722 1.419526 -4.564961 13.79192 1.417706 -4.424493 13.81733 1.397675 -4.677374 13.8032 1.391684 -4.311736 13.87576 1.121511 -4.730685 13.8384 1.111275 -4.260206 13.84689 0.8709857 -4.760077 13.79949 0.8617484 -4.23407 13.61599 0.02990683 -4.640526 13.74613 0.01323631 -4.37382 13.64685 1.643268 -4.529677 13.64792 1.644258 -4.466189 0 0 0 13.81807 0.8453399 -4.754262 13.79027 0.8168926 -4.736661 13.78081 0.7889999 -4.724786 13.80254 0.7746428 -4.766537 13.79243 0.7333547 -4.766755 13.78487 0.7107428 -4.758307 13.82239 0.7671195 -4.76791 13.81649 0.719153 -4.76024 13.8118 0.6964575 -4.746458 13.84223 0.7653843 -4.762228 13.83889 0.7225706 -4.75577 13.8352 0.6993523 -4.743058 13.86155 0.7661055 -4.755736 13.85926 0.7308176 -4.750062 13.85743 0.7131397 -4.742924 13.76951 0.8377918 -4.241076 13.74104 0.8111755 -4.260387 13.73066 0.7836779 -4.272419 13.74858 0.7686967 -4.227735 13.7355 0.7282559 -4.228222 13.72678 0.7065838 -4.237926 13.76776 0.7599837 -4.224759 13.75913 0.7123925 -4.232188 13.7538 0.690149 -4.246461 13.78778 0.7567959 -4.228997 13.78212 0.7141606 -4.235003 13.77775 0.6911677 -4.247908 13.8075 0.7560623 -4.234154 13.80345 0.7208589 -4.239354 13.80098 0.703288 -4.246563 0 0 0 0 0 0
49 13.72646 0.9438347 -4.476239 13.74127 0.9217464 -4.574761 13.72081 0.9250527 -4.376095 13.5994 0.4998305 -4.639267 13.67828 0.4749101 -4.382969 13.69254 0.1117208 -4.625715 13.80282 0.09539499 -4.423822 13.72526 1.115034 -4.479212 13.72081 1.252192 -4.47487 13.68361 1.482063 -4.477084 13.63954 1.570653 -4.484544 13.72017 1.422387 -4.543861 13.70176 1.420751 -4.404502 13.75311 1.398206 -4.652715 13.70472 1.390267 -4.292339 13.80979 1.120043 -4.696704 13.7506 1.111231 -4.241768 13.79269 0.8688639 -4.729525 13.72457 0.859857 -4.21739 13.554 0.04067334 -4.698957 13.66484 0.01432433 -4.360604 13.56711 1.64772 -4.519793 13.56508 1.648677 -4.456328 0 0 0 13.76335 0.8431435 -4.72997 13.73291 0.8142275 -4.718616 13.72161 0.7860408 -4.709325 13.75072 0.7727177 -4.746418 13.74304 0.7312673 -4.751879 13.73565 0.7074189 -4.747814 13.77048 0.7651992 -4.744018 13.76437 0.7166672 -4.742625 13.75839 0.6917878 -4.73413 13.78882 0.7633301 -4.734592 13.78463 0.720116 -4.733669 13.77961 0.6948842 -4.726427 13.80649 0.7639018 -4.724425 13.80306 0.7282973 -4.722631 13.80045 0.7096924 -4.718907 13.6965 0.8339959 -4.225481 13.66965 0.8062237 -4.24547 13.66192 0.7782989 -4.258469 13.68141 0.7627696 -4.216048 13.67253 0.7212064 -4.216897 13.66597 0.6987039 -4.226404 13.70127 0.7554827 -4.213805 13.6966 0.7074743 -4.222044 13.69307 0.6846474 -4.235953 13.72141 0.7541831 -4.218443 13.71857 0.7112761 -4.224508 13.71582 0.6874248 -4.236247 13.74104 0.7553553 -4.22385 13.73918 0.7200776 -4.229741 13.73789 0.7022171 -4.236535 0 0 0 0 0 0
51 13.72275 0.9321035 -4.50878 13.74302 0.9119984 -4.606751 13.71219 0.9114575 -4.409402 13.62464 0.4781115 -4.615844 13.54696 0.4933065 -4.41444 13.73819 0.09873828 -4.563764 13.77739 0.1672799 -4.414439 13.71899 1.103291 -4.508898 13.71698 1.24057 -4.51002 13.678 1.470044 -4.517205 13.62979 1.556666 -4.521578 13.71529 1.409272 -4.58257 13.69632 1.410411 -4.443281 13.74424 1.388826 -4.693305 13.69542 1.390429 -4.328745 13.80156 1.110694 -4.73667 13.77734 1.121973 -4.267555 13.76619 0.8615207 -4.770179 13.75381 0.8703506 -4.243206 13.59753 0.01631757 -4.618763 13.68226 0.02839317 -4.378855 13.55255 1.628839 -4.556986 13.5495 1.628755 -4.493555 0 0 0 13.73642 0.8365141 -4.766957 13.70676 0.8074676 -4.753972 13.69441 0.7796652 -4.744861 13.71948 0.7670119 -4.783459 13.70781 0.7273658 -4.793408 13.70026 0.7032428 -4.794442 13.73915 0.7589613 -4.784321 13.73129 0.7107012 -4.782382 13.72581 0.6857557 -4.773744 13.75865 0.7563436 -4.777852 13.75498 0.7131862 -4.774715 13.75089 0.6889302 -4.764267 13.77766 0.7561544 -4.770474 13.77532 0.7204849 -4.768263 13.77342 0.7021037 -4.763231 13.72836 0.8424013 -4.252872 13.70551 0.8123313 -4.274456 13.69907 0.7839451 -4.287153 13.71545 0.7713153 -4.239832 13.70718 0.729645 -4.241285 13.70213 0.7071971 -4.251799 13.73513 0.7653609 -4.23437 13.73385 0.7170832 -4.242253 13.73317 0.6948961 -4.257558 13.75575 0.7648782 -4.236149 13.75751 0.72197 -4.242605 13.75824 0.6992462 -4.256653 13.77587 0.7667708 -4.238955 13.77795 0.7313378 -4.243736 13.77907 0.7137167 -4.251155 0 0 0 0 0 0
52 13.45338 0.9101545 -4.530343 13.47677 0.8938615 -4.628329 13.44043 0.8858535 -4.432081 13.46968 0.4441963 -4.630818 13.17567 0.5222629 -4.442817 13.67195 0.1101361 -4.547497 13.14989 0.1249308 -4.475074 13.44638 1.081146 -4.524663 13.44445 1.218414 -4.526801 13.39866 1.446738 -4.528083 13.34513 1.530185 -4.532246 13.43565 1.388386 -4.595785 13.42098 1.386229 -4.45599 13.45999 1.373768 -4.708536 13.42313 1.369226 -4.340991 13.47319 1.094647 -4.77517 13.56309 1.124922 -4.283969 13.37287 0.8657594 -4.819972 13.62036 0.8788484 -4.258914 13.53453 0.01428308 -4.586627 12.97905 0.1191244 -4.455477 13.26551 1.59897 -4.569093 13.26082 1.598149 -4.505767 0 0 0 13.33584 0.8553286 -4.813444 13.30243 0.8358161 -4.793575 13.28375 0.8128774 -4.782026 13.2887 0.801832 -4.830931 13.25988 0.7714549 -4.838232 13.24254 0.753127 -4.836396 13.3027 0.7864527 -4.835386 13.27412 0.746821 -4.832786 13.25924 0.7272037 -4.821803 13.31978 0.7751586 -4.832283 13.29884 0.7372723 -4.828849 13.28661 0.7167568 -4.816851 13.33759 0.7661433 -4.828069 13.32087 0.7345251 -4.826168 13.31216 0.7184574 -4.820438 13.6061 0.8433353 -4.26651 13.59501 0.8064775 -4.286766 13.59781 0.7773076 -4.299008 13.61942 0.7729269 -4.250537 13.62569 0.7308869 -4.251128 13.62817 0.7077948 -4.261151 13.64008 0.774505 -4.245746 13.65516 0.7284744 -4.252711 13.66137 0.7071617 -4.26801 13.6595 0.7811949 -4.248411 13.67605 0.7415611 -4.254811 13.68394 0.7206333 -4.269444 13.67757 0.7898796 -4.252157 13.6919 0.757341 -4.256479 13.69879 0.7411513 -4.264037 0 0 0 0 0 0
53 13.1201 0.8818781 -4.557142 13.13907 0.8556133 -4.65391 13.11061 0.8674937 -4.45656 13.09341 0.4084294 -4.664839 12.8715 0.4888382 -4.496872 13.43036 0.2032805 -4.603411 12.91472 0.09376963 -4.534865 13.11734 1.052751 -4.567827 13.10945 1.189333 -4.556254 13.06867 1.418208 -4.542719 13.01709 1.502977 -4.542082 13.10249 1.363263 -4.614791 13.09164 1.353064 -4.475003 13.12279 1.355293 -4.728996 13.0958 1.330676 -4.360985 13.13149 1.076894 -4.799291 13.23294 1.082206 -4.316488 13.02254 0.8542644 -4.854303 13.27834 0.8334329 -4.293881 13.45289 0.03282561 -4.609935 12.76061 0.01725223 -4.53468 12.93802 1.573617 -4.576521 12.93405 1.571511 -4.513175 0 0 0 12.98523 0.8440685 -4.849178 12.95162 0.8225718 -4.831861 12.933 0.7987051 -4.822244 12.93805 0.7916877 -4.869679 12.91054 0.760675 -4.879073 12.89382 0.7416962 -4.878545 12.95201 0.7762913 -4.874205 12.92547 0.7352949 -4.871186 12.91188 0.7156175 -4.858732 12.96887 0.7647092 -4.870962 12.94763 0.7269237 -4.86834 12.9351 0.7066101 -4.856308 12.98645 0.7553619 -4.866517 12.9695 0.7238292 -4.86545 12.96057 0.7078531 -4.859811 13.26382 0.7978333 -4.300514 13.25186 0.7610968 -4.320494 13.25369 0.7321401 -4.333406 13.27875 0.7274911 -4.28572 13.28487 0.685433 -4.286497 13.28675 0.662117 -4.296126 13.29969 0.7292083 -4.282433 13.31417 0.6831005 -4.290109 13.31938 0.6614844 -4.30536 13.31882 0.7360426 -4.286479 13.335 0.6964644 -4.294067 13.34189 0.6755401 -4.3092 13.33651 0.7448644 -4.291501 13.35061 0.7123601 -4.296739 13.35703 0.6961491 -4.30466 0 0 0 0 0 0
54 12.68559 0.953963 -4.5855 12.69953 0.9326971 -4.684328 12.68059 0.934298 -4.48549 12.62975 0.4865646 -4.696355 12.62022 0.4866729 -4.454216 12.74098 0.1015097 -4.68129 12.72268 0.09794744 -4.452806 12.68527 1.125186 -4.586909 12.68519 1.262473 -4.588637 12.65349 1.493069 -4.595774 12.61097 1.582436 -4.602936 12.68403 1.430444 -4.662874 12.67499 1.433542 -4.52262 12.71086 1.400442 -4.771955 12.68719 1.402946 -4.411114 12.73981 1.117447 -4.811936 12.74973 1.126486 -4.364406 12.72245 0.8654983 -4.838037 12.74023 0.8746749 -4.333395 12.59389 0.02100845 -4.719877 12.58453 0.01860478 -4.387815 12.54079 1.663477 -4.633529 12.54307 1.664521 -4.570073 0 0 0 12.69254 0.8407059 -4.834404 12.66219 0.8141591 -4.818108 12.65082 0.7871276 -4.805917 12.67657 0.7699825 -4.845931 12.66709 0.7289587 -4.840078 12.65886 0.7088997 -4.827048 12.69626 0.7619836 -4.845005 12.68885 0.7153038 -4.83233 12.68216 0.6956868 -4.815088 12.71536 0.7600128 -4.837253 12.71063 0.718286 -4.82619 12.70475 0.6980252 -4.809783 12.73393 0.7605359 -4.828829 12.73057 0.7261493 -4.819398 12.72731 0.7101679 -4.809357 12.71228 0.8475806 -4.336009 12.68301 0.8191697 -4.351111 12.67494 0.7906523 -4.362519 12.70219 0.7759692 -4.323366 12.69524 0.7344455 -4.329246 12.68738 0.7149343 -4.343295 12.72241 0.769522 -4.324718 12.71897 0.7229584 -4.339362 12.71326 0.704833 -4.35849 12.74141 0.7689562 -4.332939 12.74021 0.727169 -4.344697 12.73558 0.7072458 -4.361898 12.75967 0.7708268 -4.341843 12.75931 0.7364687 -4.351946 12.75713 0.7207722 -4.362702 0 0 0 0 0 0
55 12.68415 0.9539576 -4.566934 12.69976 0.9321855 -4.665402 12.67689 0.9346811 -4.466988 12.62778 0.4872093 -4.691397 12.61831 0.4862236 -4.447046 12.7401 0.1024552 -4.68329 12.72315 0.09826293 -4.455149 12.68628 1.125163 -4.568841 12.6865 1.262456 -4.570038 12.65606 1.493229 -4.576905 12.61393 1.582732 -4.584692 12.68782 1.430738 -4.643564 12.67561 1.433295 -4.503539 12.71695 1.401165 -4.752172 12.68507 1.401761 -4.392028 12.74567 1.117966 -4.790862 12.74542 1.124517 -4.347121 12.72866 0.8659855 -4.816881 12.7332 0.8725018 -4.318844 12.59313 0.02185144 -4.72213 12.58492 0.01925256 -4.389908 12.54314 1.66341 -4.614808 12.54582 1.664451 -4.551368 0 0 0 12.69917 0.8406384 -4.813643 12.66934 0.8129972 -4.798232 12.65836 0.7856858 -4.786306 12.68489 0.769477 -4.824677 12.67687 0.7277375 -4.823965 12.66964 0.7050298 -4.81548 12.7047 0.7618889 -4.823196 12.69818 0.7139022 -4.816183 12.69226 0.6906545 -4.803876 12.72365 0.7603949 -4.81498 12.71895 0.7176399 -4.809002 12.71371 0.6939594 -4.797772 12.742 0.7613912 -4.806132 12.7382 0.7262904 -4.80012 12.73528 0.7085679 -4.793472 12.70547 0.8453428 -4.322761 12.67652 0.8170146 -4.338611 12.66884 0.7887928 -4.350987 12.69593 0.7731401 -4.313507 12.68976 0.7312086 -4.316773 12.68266 0.7097675 -4.328163 12.71621 0.7669217 -4.315135 12.71309 0.7195467 -4.326983 12.70811 0.6986654 -4.343297 12.73522 0.7668909 -4.32335 12.73367 0.7244286 -4.332318 12.72976 0.7018882 -4.346135 12.75346 0.76932 -4.332134 12.75251 0.7345344 -4.340605 12.7507 0.7175265 -4.349221 0 0 0 0 0 0
56 12.68688 0.9532492 -4.54763 12.70342 0.9308077 -4.645797 12.67849 0.9346143 -4.44765 12.62546 0.4881487 -4.685292 12.62011 0.4857331 -4.439182 12.73863 0.1038555 -4.688663 12.72397 0.09800174 -4.4609 12.68982 1.124428 -4.55055 12.68837 1.261717 -4.551292 12.65667 1.492329 -4.5578 12.61523 1.582089 -4.566304 12.68979 1.430268 -4.624197 12.67548 1.432248 -4.484362 12.72079 1.401358 -4.732463 12.68328 1.399819 -4.372979 12.75265 1.118414 -4.770557 12.74445 1.122473 -4.32983 12.73836 0.8663886 -4.797757 12.73149 0.870333 -4.303037 12.59273 0.02145007 -4.727766 12.58558 0.01941016 -4.395521 12.54383 1.662848 -4.594726 12.54817 1.664018 -4.531381 0 0 0 12.70914 0.8406209 -4.795642 12.67953 0.811959 -4.781743 12.6687 0.7842435 -4.770646 12.69616 0.7693925 -4.807792 12.68971 0.7275512 -4.811636 12.68368 0.7034079 -4.807097 12.71602 0.7620531 -4.805799 12.7106 0.7134637 -4.803755 12.7057 0.6881759 -4.795787 12.73474 0.760727 -4.797039 12.7306 0.7175231 -4.795564 12.72632 0.6920106 -4.78885 12.7528 0.7618764 -4.787642 12.74914 0.7263511 -4.78495 12.74682 0.7076855 -4.781342 12.70426 0.8428385 -4.308027 12.67607 0.8141627 -4.324604 12.66915 0.7860047 -4.337558 12.69579 0.7702785 -4.300736 12.69072 0.7280973 -4.302161 12.68464 0.7054829 -4.311728 12.71619 0.7644319 -4.302238 12.7141 0.716572 -4.312216 12.7102 0.6940871 -4.326575 12.73531 0.7649177 -4.310184 12.73437 0.7220662 -4.317166 12.73155 0.698064 -4.328575 12.75363 0.7678646 -4.318649 12.753 0.7327867 -4.325849 12.75184 0.7150255 -4.332921 0 0 0 0 0 0
57 12.69332 0.9516984 -4.533997 12.71032 0.9304085 -4.632339 12.68486 0.93198 -4.43423 12.62593 0.4902191 -4.684814 12.62213 0.4837988 -4.432332 12.73191 0.1040353 -4.69803 12.7238 0.09649118 -4.465773 12.69453 1.122919 -4.535199 12.69077 1.260164 -4.535882 12.65589 1.490356 -4.540862 12.61364 1.579852 -4.548081 12.68919 1.429092 -4.607905 12.67623 1.430157 -4.467929 12.71912 1.401159 -4.716727 12.68515 1.396576 -4.356971 12.75532 1.118729 -4.75476 12.75249 1.120841 -4.312726 12.74364 0.8667678 -4.783736 12.74292 0.868821 -4.28349 12.58898 0.01502063 -4.733423 12.58608 0.01723542 -4.399761 12.53942 1.659303 -4.572705 12.54674 1.66031 -4.509632 0 0 0 12.71382 0.8416082 -4.783721 12.68349 0.8125778 -4.772341 12.67193 0.7844111 -4.763315 12.69946 0.7715986 -4.800527 12.69301 0.7305099 -4.809311 12.68727 0.7058888 -4.808503 12.71912 0.7636873 -4.798674 12.71334 0.7152308 -4.80229 12.70866 0.6889531 -4.798476 12.73764 0.7613807 -4.789709 12.733 0.7183591 -4.793382 12.72892 0.6920598 -4.79095 12.75556 0.7615196 -4.779963 12.75138 0.7259798 -4.781409 12.74916 0.7069664 -4.780794 12.71649 0.8405194 -4.288284 12.68907 0.810921 -4.30452 12.68294 0.7825437 -4.317392 12.71032 0.7677182 -4.281099 12.70667 0.7253659 -4.281286 12.70143 0.7021218 -4.289777 12.73087 0.7625006 -4.282816 12.73031 0.7143671 -4.291612 12.72727 0.691101 -4.304894 12.74988 0.7635878 -4.290948 12.7504 0.7205606 -4.2968 12.74862 0.6959186 -4.306992 12.76802 0.7671122 -4.299585 12.76853 0.7318663 -4.305921 12.76812 0.7137558 -4.312139 0 0 0 0 0 0
59 12.71168 0.9325981 -4.582875 12.72538 0.9121267 -4.681906 12.708 0.91238 -4.482918 12.60368 0.479049 -4.677413 12.54302 0.4941109 -4.4802 12.71795 0.09827539 -4.638558 12.77325 0.1680086 -4.486425 12.70692 1.10376 -4.583509 12.70364 1.241019 -4.583657 12.66186 1.470069 -4.588101 12.61266 1.556226 -4.589787 12.69632 1.409865 -4.655519 12.6847 1.410464 -4.515421 12.71984 1.390409 -4.76771 12.68967 1.390723 -4.400948 12.78063 1.113166 -4.812016 12.78048 1.123852 -4.345662 12.74134 0.8643769 -4.843962 12.76628 0.8715652 -4.320959 12.57015 0.01731028 -4.673282 12.67985 0.02907165 -4.446722 12.53316 1.627609 -4.621615 12.53285 1.627331 -4.558112 0 0 0 12.7115 0.8396755 -4.839293 12.68205 0.8108985 -4.825285 12.66958 0.7833521 -4.815578 12.69342 0.7700859 -4.85413 12.68145 0.7306445 -4.864526 12.67422 0.7064875 -4.866555 12.71298 0.7618558 -4.85558 12.70497 0.7136382 -4.853244 12.69979 0.6885794 -4.844748 12.73268 0.7591669 -4.849782 12.7289 0.7160383 -4.846385 12.72513 0.6917318 -4.835934 12.75194 0.7589235 -4.843093 12.74949 0.7232715 -4.84073 12.74771 0.7048597 -4.835762 12.7414 0.8426922 -4.329288 12.71856 0.8118545 -4.349767 12.71222 0.7833852 -4.362331 12.73188 0.7711684 -4.315743 12.72519 0.729201 -4.316754 12.72052 0.7064665 -4.326816 12.75203 0.7659485 -4.31138 12.7521 0.7176241 -4.319079 12.7514 0.6953107 -4.334198 12.77253 0.7662349 -4.314287 12.77558 0.7234088 -4.320805 12.77643 0.7006782 -4.334836 12.79238 0.7688767 -4.318183 12.79556 0.7335282 -4.32298 12.79697 0.715916 -4.330373 0 0 0 0 0 0
60 12.43569 0.9077193 -4.604818 12.4577 0.8914843 -4.703133 12.42418 0.8833752 -4.506389 12.45593 0.4416843 -4.699779 12.15177 0.525467 -4.511897 12.65965 0.1072954 -4.621052 12.12252 0.1281401 -4.540026 12.42852 1.078699 -4.598992 12.4264 1.21596 -4.601374 12.37963 1.444087 -4.601716 12.32539 1.527095 -4.605467 12.41594 1.385984 -4.669996 12.40318 1.383579 -4.530018 12.43893 1.371721 -4.783074 12.40674 1.366988 -4.414993 12.45292 1.09228 -4.848191 12.55095 1.124548 -4.360665 12.34834 0.8649447 -4.891136 12.61516 0.8800575 -4.336957 12.51857 0.01412328 -4.653014 11.95141 0.1262075 -4.522082 12.24508 1.595306 -4.641896 12.24078 1.594519 -4.578542 0 0 0 12.31128 0.8554023 -4.883573 12.27806 0.8367839 -4.862554 12.25921 0.8144161 -4.850187 12.26257 0.8027533 -4.899249 12.23297 0.7729416 -4.905727 12.21531 0.7549628 -4.903522 12.27612 0.7870211 -4.903863 12.24669 0.7481063 -4.90016 12.23162 0.7290005 -4.888549 12.29303 0.7753923 -4.901047 12.27141 0.7379866 -4.896657 12.25907 0.7178693 -4.884109 12.31073 0.7660382 -4.897165 12.29342 0.734796 -4.89452 12.28453 0.7189724 -4.888409 12.60177 0.8441468 -4.344274 12.59159 0.8070099 -4.364496 12.59493 0.77796 -4.376885 12.6172 0.7741753 -4.328286 12.62464 0.7323255 -4.328892 12.62765 0.7092804 -4.338879 12.63788 0.7763293 -4.323766 12.6541 0.7306933 -4.330756 12.66067 0.7095123 -4.346087 12.65707 0.7835366 -4.326699 12.67464 0.7443647 -4.333235 12.68291 0.7236437 -4.347951 12.67485 0.7926986 -4.330702 12.69003 0.7605579 -4.335086 12.69728 0.7445421 -4.342681 0 0 0 0 0 0
61 12.09387 0.881049 -4.63099 12.11372 0.8542392 -4.727431 12.08349 0.86724 -4.530415 12.06429 0.4074312 -4.737305 11.8447 0.4886889 -4.573483 12.40388 0.2070481 -4.67474 11.88917 0.09364613 -4.610279 12.09107 1.051855 -4.64269 12.08258 1.188384 -4.630908 12.04115 1.417147 -4.617489 11.98926 1.501727 -4.617158 12.07576 1.362364 -4.689309 12.06365 1.351979 -4.549638 12.09704 1.354798 -4.803363 12.0667 1.329829 -4.435539 12.10771 1.0763 -4.872993 12.20517 1.082304 -4.389928 11.99858 0.8541412 -4.929531 12.2518 0.8337813 -4.367058 12.43244 0.03744879 -4.67979 11.73513 0.01702859 -4.612713 11.91016 1.572027 -4.652224 11.90571 1.569912 -4.588911 0 0 0 11.96126 0.8438716 -4.924661 11.92779 0.8219771 -4.907559 11.90934 0.7979496 -4.898041 11.91435 0.7913423 -4.945401 11.88719 0.760142 -4.955175 11.87064 0.7410064 -4.954997 11.92838 0.7759681 -4.949791 11.9021 0.734797 -4.946813 11.88859 0.7150668 -4.934364 11.94524 0.7644308 -4.9464 11.9241 0.7265829 -4.943847 11.91156 0.7062639 -4.931844 11.9628 0.7551323 -4.941806 11.94595 0.7235481 -4.940822 11.93702 0.7075543 -4.93522 12.23754 0.7980796 -4.373717 12.22599 0.7612787 -4.393816 12.22799 0.7323388 -4.406742 12.25275 0.7278671 -4.358589 12.25911 0.685842 -4.359187 12.26122 0.6624997 -4.368705 12.27365 0.729715 -4.35512 12.28844 0.6836562 -4.362492 12.29389 0.6620206 -4.37763 12.29277 0.7366485 -4.359015 12.30925 0.6971454 -4.366352 12.31639 0.6762275 -4.381376 12.31046 0.7455586 -4.363905 12.32479 0.7131203 -4.368895 12.33139 0.69692 -4.376698 0 0 0 0 0 0
62 11.65108 0.9540322 -4.663286 11.66647 0.93274 -4.761894 11.64461 0.9343896 -4.563356 11.59705 0.4865936 -4.775709 11.58415 0.4866526 -4.53382 11.70811 0.1015049 -4.760099 11.68678 0.09796979 -4.531865 11.65087 1.125255 -4.664733 11.65087 1.262543 -4.666402 11.61934 1.493153 -4.673779 11.57686 1.582515 -4.681301 11.65078 1.430577 -4.740506 11.63981 1.433559 -4.600387 11.6791 1.40066 -4.849233 11.65045 1.402846 -4.488754 11.70855 1.117678 -4.888948 11.71239 1.126354 -4.441438 11.69138 0.8657389 -4.915269 11.70226 0.8745154 -4.410852 11.56155 0.02098211 -4.800585 11.5478 0.01863661 -4.468654 11.50727 1.663497 -4.713348 11.50801 1.66436 -4.649854 0 0 0 11.66142 0.8409535 -4.912078 11.63083 0.8144006 -4.896233 11.61928 0.7873611 -4.884228 11.64558 0.7702469 -4.923896 11.63598 0.7292294 -4.918208 11.62754 0.709174 -4.905304 11.66525 0.7622404 -4.922703 11.65762 0.7155597 -4.910167 11.65065 0.6959448 -4.89303 11.68424 0.7602553 -4.914687 11.67931 0.718528 -4.903714 11.67318 0.6982706 -4.887396 11.70269 0.7607637 -4.906003 11.69915 0.7263792 -4.896631 11.69573 0.7104036 -4.886635 11.67435 0.8474234 -4.413871 11.64529 0.8190139 -4.429372 11.63738 0.7905021 -4.440906 11.6641 0.7757962 -4.401451 11.65724 0.7342498 -4.407277 11.64958 0.714642 -4.421304 11.68434 0.7693514 -4.402542 11.68109 0.7227408 -4.417081 11.67566 0.7044791 -4.436159 11.70344 0.7687963 -4.41051 11.70239 0.7269687 -4.422137 11.69802 0.7069131 -4.439252 11.72182 0.7706782 -4.419169 11.72157 0.7362916 -4.429177 11.71955 0.7205238 -4.43986 0 0 0 0 0 0
63 11.64981 0.9539405 -4.645299 11.66676 0.9321314 -4.743538 11.64116 0.9346958 -4.545457 11.59494 0.4872464 -4.771226 11.58244 0.4861969 -4.526905 11.70724 0.1025238 -4.762104 11.68746 0.09826925 -4.534191 11.65208 1.125144 -4.647223 11.65229 1.262437 -4.648407 11.62196 1.493212 -4.655664 11.57996 1.58272 -4.664074 11.65464 1.43073 -4.721882 11.64048 1.433267 -4.582041 11.6853 1.401178 -4.830074 11.64838 1.401692 -4.47042 11.7146 1.117975 -4.868289 11.70807 1.124416 -4.424836 11.69801 0.8659946 -4.894584 11.69537 0.8723944 -4.396828 11.56081 0.02189919 -4.802864 11.54839 0.01929488 -4.470731 11.50953 1.663395 -4.695042 11.51146 1.664451 -4.631575 0 0 0 11.6685 0.8406287 -4.891773 11.63847 0.8129405 -4.876819 11.62735 0.7856157 -4.865064 11.65442 0.7694546 -4.902998 11.64647 0.7276974 -4.902637 11.63919 0.7048904 -4.894469 11.67422 0.7618802 -4.901223 11.66765 0.7138484 -4.894568 11.66162 0.6904611 -4.882586 11.69305 0.7604012 -4.892727 11.68827 0.7176117 -4.887058 11.68293 0.6938026 -4.876155 11.71127 0.7614122 -4.883611 11.70737 0.7262841 -4.877821 11.70439 0.7084956 -4.87138 11.6677 0.8452259 -4.40117 11.63899 0.8168894 -4.417437 11.63151 0.7886754 -4.429949 11.65809 0.7730018 -4.39217 11.65201 0.731054 -4.395401 11.6451 0.7095349 -4.406766 11.67839 0.7667981 -4.393532 11.67546 0.7193898 -4.405296 11.67074 0.6983982 -4.421546 11.69751 0.7667925 -4.401486 11.69609 0.7243027 -4.410345 11.6924 0.7016596 -4.424056 11.71587 0.7692473 -4.410017 11.71502 0.7344429 -4.41842 11.71334 0.7173833 -4.426962 0 0 0 0 0 0
64 11.65268 0.9531865 -4.626073 11.67052 0.9307693 -4.724016 11.64298 0.9345328 -4.526215 11.59266 0.4882577 -4.765236 11.58428 0.4856802 -4.518896 11.70568 0.103921 -4.767812 11.68826 0.09795543 -4.540087 11.65554 1.124368 -4.628932 11.65395 1.261655 -4.629674 11.62216 1.492244 -4.63657 11.58084 1.582009 -4.645592 11.65618 1.430216 -4.702537 11.64005 1.432168 -4.5629 11.6886 1.401343 -4.810397 11.64641 1.399701 -4.451437 11.72118 1.118427 -4.848087 11.70723 1.122404 -4.407486 11.70743 0.8663979 -4.875531 11.69402 0.8702625 -4.380824 11.56044 0.02123138 -4.808709 11.54906 0.01931962 -4.476486 11.50974 1.662751 -4.674807 11.51338 1.663924 -4.611418 0 0 0 11.67819 0.8406225 -4.873842 11.6484 0.8119303 -4.86039 11.63742 0.784202 -4.849469 11.66539 0.7693966 -4.886208 11.65906 0.7275625 -4.890309 11.65302 0.7033781 -4.886002 11.68523 0.7620609 -4.883937 11.67983 0.7134587 -4.882156 11.67488 0.6881082 -4.874424 11.70382 0.7607351 -4.874914 11.69969 0.717523 -4.873669 11.69537 0.6919565 -4.86719 11.72175 0.7618844 -4.865262 11.71807 0.726348 -4.862751 11.71573 0.7076558 -4.859294 11.66689 0.8427369 -4.386185 11.63896 0.8140229 -4.403131 11.63225 0.785857 -4.416178 11.65842 0.7701642 -4.379033 11.65343 0.7279721 -4.380433 11.64752 0.7053124 -4.39 11.67884 0.7643427 -4.380266 11.67694 0.716462 -4.390182 11.67328 0.6939176 -4.40451 11.69806 0.7648546 -4.387959 11.69727 0.721988 -4.394865 11.69464 0.6979352 -4.406216 11.71649 0.7678269 -4.396178 11.716 0.7327356 -4.403324 11.71496 0.7149467 -4.410346 0 0 0 0 0 0
